name	chromosome	start	end	length
cCREs893	chr1	9621326	9622064	738
cCREs1423	chr1	12334143	12335197	1054
cCREs1528	chr1	12811184	12811783	599
cCREs1865	chr1	14291796	14292774	978
cCREs2448	chr1	17449196	17449747	551
cCREs2591	chr1	18463200	18464518	1318
cCREs2768	chr1	19777088	19777637	549
cCREs4110	chr1	25686066	25686585	519
cCREs5187	chr1	33510628	33511139	511
cCREs5338	chr1	34002252	34002775	523
cCREs5340	chr1	34007321	34007837	516
cCREs5381	chr1	34106475	34107187	712
cCREs5452	chr1	34268475	34269017	542
cCREs5530	chr1	34664136	34664666	530
cCREs5536	chr1	34690389	34690920	531
cCREs5968	chr1	36513279	36513807	528
cCREs5991	chr1	36572612	36573114	502
cCREs6089	chr1	36893057	36893755	698
cCREs6362	chr1	37977368	37977926	558
cCREs6480	chr1	38401695	38402289	594
cCREs6632	chr1	38909145	38909670	525
cCREs6704	chr1	39191111	39191627	516
cCREs7519	chr1	42623610	42624273	663
cCREs7554	chr1	42710919	42711462	543
cCREs7719	chr1	43215409	43216224	815
cCREs9079	chr1	51743699	51744244	545
cCREs9540	chr1	53748454	53749011	557
cCREs9886	chr1	55194410	55194932	522
cCREs10462	chr1	57849820	57850404	584
cCREs10608	chr1	58428703	58429217	514
cCREs10827	chr1	59540486	59541237	751
cCREs11488	chr1	62631590	62632146	556
cCREs11641	chr1	63106459	63106994	535
cCREs12086	chr1	64897030	64898151	1121
cCREs13817	chr1	73038999	73039818	819
cCREs14075	chr1	73998355	73999997	1642
cCREs14130	chr1	74167946	74168564	618
cCREs14169	chr1	74298907	74299434	527
cCREs14248	chr1	74687050	74687567	517
cCREs14346	chr1	75214297	75214798	501
cCREs15093	chr1	78634382	78634894	512
cCREs15101	chr1	78664843	78665344	501
cCREs15154	chr1	78846408	78846923	515
cCREs15181	chr1	78972063	78972591	528
cCREs15357	chr1	79802470	79804049	1579
cCREs15365	chr1	79822757	79823906	1149
cCREs15376	chr1	79860607	79861150	543
cCREs15956	chr1	82384878	82385547	669
cCREs16405	chr1	84281152	84281697	545
cCREs16859	chr1	86719325	86719968	643
cCREs16972	chr1	87270511	87271172	661
cCREs17029	chr1	87517883	87518474	591
cCREs17059	chr1	87614445	87614984	539
cCREs17308	chr1	88707467	88708105	638
cCREs17391	chr1	89012136	89013511	1375
cCREs17657	chr1	89934553	89935087	534
cCREs17722	chr1	90206794	90207505	711
cCREs18009	chr1	91180716	91181217	501
cCREs18270	chr1	92092228	92092759	531
cCREs18577	chr1	93220205	93221261	1056
cCREs20106	chr1	104449588	104450116	528
cCREs20165	chr1	104771845	104772582	737
cCREs20525	chr1	106232309	106232879	570
cCREs20577	chr1	106402881	106403714	833
cCREs21152	chr1	110977147	110978048	901
cCREs21981	chr1	118398720	118399255	535
cCREs22010	chr1	118485229	118486351	1122
cCREs22101	chr1	118894958	118895846	888
cCREs22106	chr1	118908987	118909566	579
cCREs22114	chr1	118940305	118940880	575
cCREs22136	chr1	119025454	119026483	1029
cCREs22140	chr1	119049757	119050758	1001
cCREs22141	chr1	119052060	119052638	578
cCREs22171	chr1	119209457	119210207	750
cCREs22219	chr1	119447649	119448162	513
cCREs22268	chr1	119634671	119635233	562
cCREs23104	chr1	124171018	124171565	547
cCREs23666	chr1	126676354	126677261	907
cCREs24065	chr1	128082676	128083820	1144
cCREs24267	chr1	129002230	129002766	536
cCREs24618	chr1	130766994	130767534	540
cCREs25292	chr1	133136555	133137112	557
cCREs25301	chr1	133171274	133171874	600
cCREs25376	chr1	133388864	133389403	539
cCREs25794	chr1	135108554	135109083	529
cCREs25922	chr1	135557949	135558533	584
cCREs25995	chr1	135748837	135749519	682
cCREs26071	chr1	136030085	136030640	555
cCREs26097	chr1	136116801	136117334	533
cCREs26279	chr1	136698257	136699340	1083
cCREs26283	chr1	136709495	136710254	759
cCREs26855	chr1	139336905	139337448	543
cCREs27328	chr1	142894137	142894671	534
cCREs27402	chr1	143189597	143190131	534
cCREs27664	chr1	144543249	144543777	528
cCREs28725	chr1	151653347	151654141	794
cCREs29026	chr1	152623762	152624340	578
cCREs29287	chr1	153520931	153521467	536
cCREs29290	chr1	153535538	153536163	625
cCREs29472	chr1	154196682	154197305	623
cCREs29844	chr1	155401826	155402351	525
cCREs29962	chr1	156003383	156003991	608
cCREs30032	chr1	156428366	156428888	522
cCREs30043	chr1	156457991	156459218	1227
cCREs30836	chr1	159632495	159633224	729
cCREs30950	chr1	159920532	159921081	549
cCREs31264	chr1	161247682	161248632	950
cCREs31268	chr1	161256899	161257449	550
cCREs31746	chr1	163355512	163356032	520
cCREs32185	chr1	165094797	165095363	566
cCREs33102	chr1	168823890	168824412	522
cCREs33220	chr1	169362437	169362970	533
cCREs33400	chr1	170006327	170007090	763
cCREs33490	chr1	170346178	170346915	737
cCREs33695	chr1	170967439	170968075	636
cCREs34012	chr1	172333455	172333997	542
cCREs34017	chr1	172343769	172344305	536
cCREs34023	chr1	172358299	172359639	1340
cCREs34375	chr1	174621415	174621955	540
cCREs34420	chr1	174766321	174766873	552
cCREs35152	chr1	177489729	177490270	541
cCREs35250	chr1	178201715	178202264	549
cCREs35785	chr1	180357622	180358498	876
cCREs35792	chr1	180367669	180368313	644
cCREs35810	chr1	180408653	180409350	697
cCREs35913	chr1	180865923	180866462	539
cCREs35949	chr1	181014888	181016039	1151
cCREs35986	chr1	181232223	181233094	871
cCREs36097	chr1	181561956	181562499	543
cCREs36213	chr1	182103230	182103971	741
cCREs36273	chr1	182388647	182389188	541
cCREs36274	chr1	182397923	182398692	769
cCREs36284	chr1	182439753	182440355	602
cCREs36392	chr1	182784716	182785236	520
cCREs36446	chr1	182954531	182955142	611
cCREs37023	chr1	185417969	185418499	530
cCREs37327	chr1	186693098	186693712	614
cCREs38263	chr1	190841986	190842528	542
cCREs38406	chr1	191420296	191421337	1041
cCREs38421	chr1	191468770	191469589	819
cCREs38424	chr1	191479710	191480602	892
cCREs38899	chr1	193178084	193178624	540
cCREs39601	chr10	3805276	3805850	574
cCREs40002	chr10	5500815	5501367	552
cCREs40442	chr10	7912676	7913201	525
cCREs40495	chr10	8138412	8139067	655
cCREs40632	chr10	8735071	8735586	515
cCREs40671	chr10	8832582	8833091	509
cCREs42028	chr10	14023288	14023827	539
cCREs42826	chr10	18216899	18217452	553
cCREs42859	chr10	18386086	18386660	574
cCREs42860	chr10	18386721	18387222	501
cCREs44005	chr10	23354674	23355208	534
cCREs44449	chr10	25279578	25280085	507
cCREs46298	chr10	35298683	35299278	595
cCREs46701	chr10	37945835	37946371	536
cCREs46751	chr10	38366692	38367221	529
cCREs46798	chr10	38847966	38848636	670
cCREs47590	chr10	41959751	41960369	618
cCREs47772	chr10	42630882	42631447	565
cCREs47774	chr10	42632894	42633418	524
cCREs48197	chr10	44364447	44364984	537
cCREs48438	chr10	45500182	45500703	521
cCREs49000	chr10	49790237	49790762	525
cCREs49575	chr10	53549316	53549823	507
cCREs50065	chr10	56376986	56377533	547
cCREs50141	chr10	56831915	56832432	517
cCREs50171	chr10	56920758	56921869	1111
cCREs50315	chr10	57828476	57829028	552
cCREs50408	chr10	58608749	58609273	524
cCREs50418	chr10	58631818	58632359	541
cCREs50497	chr10	58911119	58911791	672
cCREs50778	chr10	59890271	59890819	548
cCREs50928	chr10	60357401	60357924	523
cCREs51128	chr10	61277837	61278464	627
cCREs51237	chr10	61720168	61720758	590
cCREs51265	chr10	61826720	61827570	850
cCREs51357	chr10	62211247	62211812	565
cCREs51391	chr10	62313740	62314304	564
cCREs52278	chr10	67050753	67051703	950
cCREs52310	chr10	67129489	67130023	534
cCREs52351	chr10	67250773	67251298	525
cCREs52355	chr10	67268912	67269470	558
cCREs53158	chr10	70225671	70226251	580
cCREs53551	chr10	71528372	71528983	611
cCREs54175	chr10	74973001	74973691	690
cCREs54377	chr10	75626981	75628039	1058
cCREs54427	chr10	75794781	75795493	712
cCREs54510	chr10	76255541	76256077	536
cCREs54863	chr10	77613347	77613990	643
cCREs54952	chr10	78081340	78081872	532
cCREs54964	chr10	78129328	78130073	745
cCREs55146	chr10	79606444	79606978	534
cCREs55289	chr10	80132964	80133837	873
cCREs55297	chr10	80151972	80152734	762
cCREs55346	chr10	80302345	80303033	688
cCREs55382	chr10	80489988	80490563	575
cCREs55495	chr10	80931121	80931647	526
cCREs55624	chr10	81414608	81415146	538
cCREs55630	chr10	81426098	81426649	551
cCREs55785	chr10	83030841	83032015	1174
cCREs55839	chr10	83167405	83167944	539
cCREs55922	chr10	83624661	83625472	811
cCREs56176	chr10	84610655	84611266	611
cCREs56200	chr10	84706645	84707631	986
cCREs56488	chr10	85972609	85973413	804
cCREs56491	chr10	86010604	86011276	672
cCREs56553	chr10	86193770	86194362	592
cCREs56600	chr10	86329197	86329748	551
cCREs56602	chr10	86336551	86337056	505
cCREs56840	chr10	87417081	87417645	564
cCREs56996	chr10	88204805	88205319	514
cCREs57059	chr10	88499880	88500381	501
cCREs57071	chr10	88568516	88569020	504
cCREs57912	chr10	91981946	91982594	648
cCREs57920	chr10	92007751	92008334	583
cCREs58092	chr10	92818226	92818797	571
cCREs58388	chr10	94046801	94047395	594
cCREs58396	chr10	94066826	94067372	546
cCREs58419	chr10	94150348	94150880	532
cCREs58448	chr10	94271302	94272227	925
cCREs58502	chr10	94449649	94450191	542
cCREs58522	chr10	94516649	94517181	532
cCREs58545	chr10	94567754	94568541	787
cCREs58743	chr10	95204347	95204882	535
cCREs58816	chr10	95399622	95400147	525
cCREs59005	chr10	96125760	96126539	779
cCREs59732	chr10	99162609	99163406	797
cCREs59770	chr10	99265224	99265792	568
cCREs60030	chr10	100155471	100155987	516
cCREs60105	chr10	100661861	100662481	620
cCREs60594	chr10	103448283	103448824	541
cCREs60719	chr10	104671857	104672465	608
cCREs60879	chr10	105472386	105472911	525
cCREs60900	chr10	105519075	105519870	795
cCREs63681	chr10	117162573	117163123	550
cCREs63769	chr10	117586781	117587310	529
cCREs64527	chr10	120751153	120752265	1112
cCREs65650	chr10	125971595	125972140	545
cCREs65851	chr10	126925310	126926524	1214
cCREs65929	chr10	127198948	127199522	574
cCREs66187	chr10	128343356	128343917	561
cCREs66202	chr10	128391828	128392385	557
cCREs66205	chr10	128397392	128398057	665
cCREs66451	chr11	3295858	3296362	504
cCREs66476	chr11	3389973	3390549	576
cCREs66494	chr11	3461856	3462368	512
cCREs66614	chr11	3902879	3903676	797
cCREs66665	chr11	4182014	4182544	530
cCREs66666	chr11	4183435	4183956	521
cCREs66671	chr11	4192743	4193286	543
cCREs66674	chr11	4197610	4198212	602
cCREs66694	chr11	4270639	4271615	976
cCREs66699	chr11	4296730	4297289	559
cCREs66957	chr11	5324146	5324686	540
cCREs66970	chr11	5380033	5380852	819
cCREs66972	chr11	5390885	5391755	870
cCREs66987	chr11	5469932	5470465	533
cCREs67086	chr11	5978022	5978556	534
cCREs67154	chr11	6275883	6276521	638
cCREs67530	chr11	8051464	8052021	557
cCREs67571	chr11	8285196	8285799	603
cCREs67638	chr11	8539853	8540424	571
cCREs67792	chr11	9191066	9191641	575
cCREs68269	chr11	12234163	12234672	509
cCREs68979	chr11	16848589	16849840	1251
cCREs68995	chr11	16901897	16902802	905
cCREs69092	chr11	17325761	17326305	544
cCREs69278	chr11	18534846	18535470	624
cCREs69385	chr11	19143282	19144021	739
cCREs69530	chr11	19917315	19917857	542
cCREs69553	chr11	19964871	19965737	866
cCREs69562	chr11	19986045	19987515	1470
cCREs69654	chr11	20393236	20393741	505
cCREs69873	chr11	21374056	21374564	508
cCREs69942	chr11	21863835	21864482	647
cCREs70212	chr11	23118810	23119320	510
cCREs71724	chr11	31356723	31357363	640
cCREs71978	chr11	32218446	32219005	559
cCREs72027	chr11	32358301	32358900	599
cCREs72080	chr11	32551509	32552048	539
cCREs72182	chr11	32902913	32903842	929
cCREs72431	chr11	33951044	33951588	544
cCREs72496	chr11	34153661	34154204	543
cCREs72501	chr11	34176220	34176802	582
cCREs73969	chr11	40851286	40851827	541
cCREs74656	chr11	43831338	43832308	970
cCREs74697	chr11	43989838	43990382	544
cCREs74808	chr11	44408593	44409158	565
cCREs75076	chr11	45622608	45623135	527
cCREs75083	chr11	45669991	45671000	1009
cCREs75086	chr11	45686863	45687640	777
cCREs75128	chr11	45881631	45882175	544
cCREs76009	chr11	49831757	49832818	1061
cCREs76271	chr11	50750880	50751604	724
cCREs76341	chr11	51295622	51296215	593
cCREs76474	chr11	51854811	51855312	501
cCREs76552	chr11	52226984	52227495	511
cCREs76564	chr11	52269751	52270276	525
cCREs76569	chr11	52284170	52284702	532
cCREs76916	chr11	53761725	53762385	660
cCREs76984	chr11	54056127	54056628	501
cCREs77149	chr11	54835981	54836595	614
cCREs77163	chr11	54884878	54885438	560
cCREs77252	chr11	55368663	55369509	846
cCREs77261	chr11	55397011	55397952	941
cCREs77264	chr11	55411648	55412149	501
cCREs77266	chr11	55414221	55414729	508
cCREs77318	chr11	55712273	55712804	531
cCREs77575	chr11	56898345	56899087	742
cCREs77855	chr11	57740734	57741346	612
cCREs77873	chr11	57814372	57815231	859
cCREs77893	chr11	57998704	57999350	646
cCREs77894	chr11	58005068	58005588	520
cCREs78101	chr11	59165545	59166138	593
cCREs78282	chr11	59937581	59938189	608
cCREs78307	chr11	60030408	60030938	530
cCREs78351	chr11	60186695	60187542	847
cCREs78355	chr11	60197955	60198628	673
cCREs78655	chr11	61543268	61544278	1010
cCREs79028	chr11	63411962	63412727	765
cCREs79120	chr11	63906426	63907442	1016
cCREs80183	chr11	68205788	68206359	571
cCREs80193	chr11	68226449	68227365	916
cCREs80196	chr11	68238969	68240267	1298
cCREs80211	chr11	68302277	68302897	620
cCREs80215	chr11	68321311	68321867	556
cCREs80216	chr11	68330464	68330993	529
cCREs80227	chr11	68356818	68357497	679
cCREs80242	chr11	68388188	68388689	501
cCREs80437	chr11	69223027	69223582	555
cCREs80520	chr11	69600000	69600572	572
cCREs80523	chr11	69610782	69611351	569
cCREs80695	chr11	70541357	70541880	523
cCREs80744	chr11	70754405	70754948	543
cCREs80765	chr11	70871615	70872149	534
cCREs81050	chr11	72132275	72132848	573
cCREs81208	chr11	72849927	72851626	1699
cCREs81247	chr11	73015780	73016281	501
cCREs81419	chr11	74715987	74716545	558
cCREs81597	chr11	75459241	75459783	542
cCREs81615	chr11	75537501	75539045	1544
cCREs81661	chr11	75715438	75716026	588
cCREs81739	chr11	76030817	76031471	654
cCREs81812	chr11	76309661	76310445	784
cCREs81829	chr11	76362973	76364056	1083
cCREs81835	chr11	76384256	76385460	1204
cCREs81856	chr11	76435903	76436562	659
cCREs81960	chr11	76849255	76850095	840
cCREs82069	chr11	77497842	77498374	532
cCREs82109	chr11	77792270	77792816	546
cCREs82187	chr11	78044589	78045461	872
cCREs82213	chr11	78179006	78179517	511
cCREs82240	chr11	78326929	78327430	501
cCREs82414	chr11	79098898	79099488	590
cCREs82529	chr11	79613024	79613580	556
cCREs82549	chr11	79664063	79664587	524
cCREs82631	chr11	80056102	80056679	577
cCREs82646	chr11	80148218	80148851	633
cCREs83447	chr11	83447921	83449263	1342
cCREs83589	chr11	84205670	84206202	532
cCREs83855	chr11	85724062	85724931	869
cCREs83861	chr11	85738414	85739020	606
cCREs83879	chr11	85812069	85812969	900
cCREs84325	chr11	88159260	88159766	506
cCREs84383	chr11	88386833	88387501	668
cCREs84408	chr11	88436518	88437078	560
cCREs84460	chr11	88558592	88559147	555
cCREs84493	chr11	88638721	88639277	556
cCREs84516	chr11	88693297	88693862	565
cCREs84524	chr11	88715922	88716498	576
cCREs84843	chr11	90155006	90155945	939
cCREs84845	chr11	90168297	90168850	553
cCREs85569	chr11	94044952	94045495	543
cCREs85608	chr11	94182626	94183146	520
cCREs85687	chr11	94477563	94478128	565
cCREs85712	chr11	94598642	94599563	921
cCREs85713	chr11	94601191	94602500	1309
cCREs85758	chr11	94915590	94916150	560
cCREs85763	chr11	94941002	94941522	520
cCREs85770	chr11	94968027	94968687	660
cCREs85793	chr11	95031541	95032070	529
cCREs85862	chr11	95325158	95325708	550
cCREs86030	chr11	96301734	96302314	580
cCREs86130	chr11	96893071	96894041	970
cCREs86131	chr11	96899413	96899965	552
cCREs86133	chr11	96905683	96906184	501
cCREs86179	chr11	97069247	97069801	554
cCREs86186	chr11	97098712	97099331	619
cCREs86253	chr11	97422395	97423339	944
cCREs86312	chr11	97576367	97577095	728
cCREs86429	chr11	98042645	98043200	555
cCREs86532	chr11	98577675	98578195	520
cCREs86539	chr11	98628626	98629151	525
cCREs86566	chr11	98743816	98744414	598
cCREs86607	chr11	98867137	98867886	749
cCREs86857	chr11	100270944	100271505	561
cCREs86892	chr11	100390960	100391587	627
cCREs86903	chr11	100415231	100415985	754
cCREs86982	chr11	100790482	100791246	764
cCREs86994	chr11	100859101	100859628	527
cCREs87009	chr11	100946781	100947365	584
cCREs87069	chr11	101162353	101163216	863
cCREs87135	chr11	101454594	101455129	535
cCREs87144	chr11	101471868	101472815	947
cCREs87210	chr11	101783047	101784068	1021
cCREs87235	chr11	101881450	101882151	701
cCREs87319	chr11	102221777	102222299	522
cCREs87346	chr11	102334882	102335722	840
cCREs87419	chr11	102748323	102748850	527
cCREs87441	chr11	102858903	102859435	532
cCREs87454	chr11	102896958	102897489	531
cCREs87557	chr11	103258122	103258808	686
cCREs88062	chr11	105759325	105759871	546
cCREs88127	chr11	105974441	105975744	1303
cCREs88201	chr11	106351221	106351723	502
cCREs88308	chr11	106801966	106802512	546
cCREs88433	chr11	107327338	107327852	514
cCREs88459	chr11	107398253	107398808	555
cCREs88485	chr11	107464091	107464635	544
cCREs88564	chr11	107795299	107796032	733
cCREs88886	chr11	108894016	108894545	529
cCREs89014	chr11	109353886	109354406	520
cCREs89048	chr11	109476172	109476692	520
cCREs89069	chr11	109538986	109539761	775
cCREs89138	chr11	109769039	109769563	524
cCREs89159	chr11	109852000	109852514	514
cCREs89682	chr11	112653427	112654411	984
cCREs89818	chr11	113147446	113148386	940
cCREs89848	chr11	113276935	113277645	710
cCREs89849	chr11	113283240	113284058	818
cCREs90040	chr11	113806244	113807552	1308
cCREs90044	chr11	113818899	113819467	568
cCREs90284	chr11	114673100	114673607	507
cCREs90296	chr11	114702143	114702706	563
cCREs90303	chr11	114728951	114729516	565
cCREs90315	chr11	114780135	114780659	524
cCREs90317	chr11	114782880	114783483	603
cCREs90380	chr11	115084679	115085220	541
cCREs90398	chr11	115179052	115180147	1095
cCREs90566	chr11	115792307	115792860	553
cCREs90568	chr11	115807246	115807784	538
cCREs90633	chr11	116101714	116102556	842
cCREs90636	chr11	116109477	116111018	1541
cCREs90665	chr11	116282071	116282578	507
cCREs90889	chr11	117106889	117107431	542
cCREs90954	chr11	117284667	117285779	1112
cCREs91518	chr11	119133626	119134922	1296
cCREs91619	chr11	119572302	119573582	1280
cCREs91751	chr11	119973697	119974268	571
cCREs91771	chr11	120019425	120019957	532
cCREs91799	chr11	120102314	120102926	612
cCREs91809	chr11	120142481	120143202	721
cCREs91831	chr11	120220096	120220620	524
cCREs91836	chr11	120229796	120230358	562
cCREs91852	chr11	120263842	120264436	594
cCREs91862	chr11	120296235	120297365	1130
cCREs91948	chr11	120712639	120713165	526
cCREs91973	chr11	120872996	120873706	710
cCREs92213	chr12	3396842	3397395	553
cCREs92378	chr12	4004589	4005132	543
cCREs92505	chr12	4488320	4488905	585
cCREs92563	chr12	4781694	4782464	770
cCREs92722	chr12	5303827	5304349	522
cCREs93345	chr12	8373701	8374271	570
cCREs93475	chr12	8916055	8917219	1164
cCREs94442	chr12	13168007	13168529	522
cCREs95005	chr12	16025576	16026113	537
cCREs95053	chr12	16189360	16190144	784
cCREs95070	chr12	16254379	16254942	563
cCREs95150	chr12	16575611	16576442	831
cCREs95324	chr12	17213198	17213853	655
cCREs95442	chr12	17666553	17667091	538
cCREs95544	chr12	21189874	21190738	864
cCREs95645	chr12	24356696	24357514	818
cCREs95727	chr12	24814689	24815433	744
cCREs95822	chr12	25100548	25101359	811
cCREs95832	chr12	25143155	25144045	890
cCREs95848	chr12	25207702	25208402	700
cCREs95866	chr12	25252788	25253626	838
cCREs96154	chr12	26471171	26471690	519
cCREs96534	chr12	28439569	28440089	520
cCREs96899	chr12	29691703	29692296	593
cCREs97047	chr12	30071481	30072029	548
cCREs97430	chr12	31812268	31813089	821
cCREs98208	chr12	35005700	35006322	622
cCREs98404	chr12	35847829	35848340	511
cCREs99346	chr12	40430529	40431595	1066
cCREs100085	chr12	44245677	44246226	549
cCREs100124	chr12	44378478	44379287	809
cCREs100590	chr12	46795963	46796563	600
cCREs101480	chr12	52412859	52414046	1187
cCREs101489	chr12	52445814	52446789	975
cCREs101504	chr12	52493120	52493921	801
cCREs101739	chr12	53410593	53411109	516
cCREs101794	chr12	53632076	53632611	535
cCREs101975	chr12	54364227	54365349	1122
cCREs102152	chr12	55484678	55485229	551
cCREs102353	chr12	56524146	56524647	501
cCREs102868	chr12	59576762	59577661	899
cCREs103755	chr12	66679488	66680019	531
cCREs103881	chr12	67212721	67213282	561
cCREs104109	chr12	68910235	68911015	780
cCREs104274	chr12	69805030	69805680	650
cCREs104450	chr12	70333204	70333926	722
cCREs104885	chr12	71840391	71841172	781
cCREs104952	chr12	72001779	72002304	525
cCREs105309	chr12	73753231	73753753	522
cCREs105683	chr12	75352432	75353020	588
cCREs106081	chr12	76876008	76877117	1109
cCREs106215	chr12	77499592	77500309	717
cCREs106224	chr12	77546137	77546735	598
cCREs106281	chr12	77749511	77750059	548
cCREs106675	chr12	79718933	79719719	786
cCREs106691	chr12	79766002	79766548	546
cCREs106700	chr12	79796997	79797729	732
cCREs106783	chr12	80034058	80034775	717
cCREs106805	chr12	80112751	80113619	868
cCREs106939	chr12	80581285	80581819	534
cCREs106947	chr12	80609858	80610372	514
cCREs107539	chr12	83046670	83047197	527
cCREs107551	chr12	83112914	83113470	556
cCREs107559	chr12	83145858	83146373	515
cCREs107745	chr12	83885929	83886514	585
cCREs107931	chr12	84811495	84812459	964
cCREs107951	chr12	84912503	84913057	554
cCREs108046	chr12	85297115	85297774	659
cCREs108171	chr12	85799981	85800530	549
cCREs108492	chr12	86965320	86966133	813
cCREs108549	chr12	87157300	87157859	559
cCREs108900	chr12	89345830	89346370	540
cCREs109264	chr12	90893892	90894421	529
cCREs109292	chr12	91012144	91013101	957
cCREs109311	chr12	91085864	91086455	591
cCREs109387	chr12	91560360	91561046	686
cCREs109390	chr12	91581607	91582141	534
cCREs109422	chr12	91706361	91706885	524
cCREs109437	chr12	91754487	91755054	567
cCREs109885	chr12	94445534	94446069	535
cCREs110575	chr12	98414465	98415001	536
cCREs110645	chr12	98694410	98695317	907
cCREs110677	chr12	98795706	98796240	534
cCREs110959	chr12	99743452	99744054	602
cCREs110992	chr12	99898385	99899307	922
cCREs111033	chr12	100000286	100000866	580
cCREs111139	chr12	100305177	100305717	540
cCREs111142	chr12	100309159	100309671	512
cCREs111371	chr12	101023093	101023624	531
cCREs111659	chr12	102626778	102627368	590
cCREs111668	chr12	102643255	102644218	963
cCREs111676	chr12	102665213	102665753	540
cCREs111837	chr12	103252852	103253590	738
cCREs112114	chr12	104776940	104777451	511
cCREs112327	chr12	105579804	105580373	569
cCREs112584	chr12	106480442	106480970	528
cCREs113070	chr12	108495771	108496397	626
cCREs113095	chr12	108619762	108620335	573
cCREs113235	chr12	109366922	109367747	825
cCREs113241	chr12	109397460	109398217	757
cCREs113252	chr12	109439211	109439770	559
cCREs113409	chr12	110188159	110189133	974
cCREs113410	chr12	110197256	110197977	721
cCREs113486	chr12	110547034	110547589	555
cCREs113534	chr12	110775564	110776522	958
cCREs113723	chr12	111484922	111485423	501
cCREs113724	chr12	111485511	111486305	794
cCREs113728	chr12	111499579	111500122	543
cCREs113837	chr12	111893994	111894679	685
cCREs113887	chr12	112100051	112100552	501
cCREs113890	chr12	112106386	112107512	1126
cCREs113906	chr12	112154433	112155192	759
cCREs113923	chr12	112207102	112207679	577
cCREs114050	chr12	112664151	112664680	529
cCREs114109	chr12	112881324	112881876	552
cCREs114175	chr12	113100562	113101405	843
cCREs115037	chr12	119611595	119612170	575
cCREs115166	chr13	3792129	3792903	774
cCREs115220	chr13	4228375	4228889	514
cCREs115282	chr13	4798278	4798861	583
cCREs115694	chr13	6642481	6642992	511
cCREs116942	chr13	13349231	13350176	945
cCREs117015	chr13	13638499	13639492	993
cCREs117122	chr13	14239225	14239743	518
cCREs117317	chr13	15562304	15562842	538
cCREs118557	chr13	21446630	21447222	592
cCREs119950	chr13	29311981	29312512	531
cCREs120291	chr13	30658123	30658656	533
cCREs120292	chr13	30658671	30659179	508
cCREs120340	chr13	30789922	30790439	517
cCREs120686	chr13	32236125	32236852	727
cCREs120725	chr13	32471542	32472066	524
cCREs121155	chr13	34780780	34781758	978
cCREs122039	chr13	38545030	38545932	902
cCREs122723	chr13	42130952	42131492	540
cCREs122785	chr13	42407235	42408307	1072
cCREs122808	chr13	42526859	42527407	548
cCREs123237	chr13	43847002	43847781	779
cCREs123643	chr13	45437080	45437606	526
cCREs123648	chr13	45465518	45466497	979
cCREs123838	chr13	45961658	45962271	613
cCREs124233	chr13	47380831	47381470	639
cCREs124361	chr13	48126534	48127075	541
cCREs124383	chr13	48262431	48262932	501
cCREs124575	chr13	49096716	49097244	528
cCREs124592	chr13	49143258	49143854	596
cCREs125063	chr13	51945995	51946656	661
cCREs125086	chr13	52029823	52030343	520
cCREs125275	chr13	52664099	52664646	547
cCREs125368	chr13	53067838	53068406	568
cCREs125388	chr13	53154596	53155181	585
cCREs125923	chr13	55148741	55149285	544
cCREs126060	chr13	55899436	55900292	856
cCREs126068	chr13	55948118	55948909	791
cCREs126143	chr13	56270074	56270597	523
cCREs126149	chr13	56294859	56295432	573
cCREs126352	chr13	57083704	57084221	517
cCREs127343	chr13	60814830	60815531	701
cCREs127434	chr13	63064365	63065233	868
cCREs127549	chr13	63345413	63346249	836
cCREs127581	chr13	63530324	63530855	531
cCREs127587	chr13	63549059	63549784	725
cCREs127631	chr13	63741715	63742587	872
cCREs127687	chr13	64081121	64081685	564
cCREs128262	chr13	69706140	69706687	547
cCREs128589	chr13	71003456	71004019	563
cCREs128765	chr13	72097173	72097849	676
cCREs129061	chr13	73827114	73827648	534
cCREs129168	chr13	74306787	74307423	636
cCREs129169	chr13	74312437	74312953	516
cCREs129349	chr13	75752467	75753060	593
cCREs129368	chr13	75818351	75818922	571
cCREs129404	chr13	75975640	75976202	562
cCREs129591	chr13	76799654	76800184	530
cCREs129826	chr13	78186868	78187419	551
cCREs129935	chr13	78935943	78936596	653
cCREs129966	chr13	79150087	79150661	574
cCREs131802	chr13	91171174	91171692	518
cCREs132377	chr13	93389078	93389642	564
cCREs132557	chr13	94070160	94070693	533
cCREs132586	chr13	94155860	94156553	693
cCREs132657	chr13	94441138	94441669	531
cCREs133628	chr13	98074340	98075395	1055
cCREs133645	chr13	98120370	98121169	799
cCREs134303	chr13	100828171	100828708	537
cCREs134564	chr13	101855925	101856467	542
cCREs134625	chr13	102113759	102114917	1158
cCREs134864	chr13	103042934	103043636	702
cCREs135765	chr13	107111195	107111741	546
cCREs135910	chr13	107649816	107650388	572
cCREs135991	chr13	107925215	107926020	805
cCREs136464	chr13	109679699	109680242	543
cCREs136841	chr13	110871676	110872405	729
cCREs137111	chr13	112088173	112088866	693
cCREs137118	chr13	112114572	112115433	861
cCREs137146	chr13	112211737	112212309	572
cCREs137292	chr13	112764190	112765003	813
cCREs137411	chr13	113354911	113355582	671
cCREs137484	chr13	113603014	113603566	552
cCREs137576	chr13	113871804	113872322	518
cCREs137721	chr13	114405012	114405704	692
cCREs138174	chr13	116973428	116973970	542
cCREs138915	chr14	8218694	8219558	864
cCREs138928	chr14	8257832	8258655	823
cCREs138935	chr14	8304988	8305537	549
cCREs138951	chr14	8335786	8336447	661
cCREs139671	chr14	11776053	11776619	566
cCREs139878	chr14	12382753	12383738	985
cCREs140653	chr14	16279038	16279712	674
cCREs141020	chr14	18020601	18021147	546
cCREs141027	chr14	18035755	18036288	533
cCREs141241	chr14	19800188	19801010	822
cCREs141345	chr14	20144074	20144623	549
cCREs141443	chr14	20618110	20618631	521
cCREs141543	chr14	20983792	20984362	570
cCREs141757	chr14	21825707	21826235	528
cCREs141763	chr14	21851813	21852464	651
cCREs141838	chr14	22289602	22290163	561
cCREs142204	chr14	23799652	23800325	673
cCREs142243	chr14	23881863	23882428	565
cCREs142459	chr14	24757203	24757744	541
cCREs142475	chr14	24806844	24807712	868
cCREs142643	chr14	25320079	25320605	526
cCREs142652	chr14	25353687	25354302	615
cCREs142677	chr14	25468908	25469583	675
cCREs142705	chr14	25520447	25520986	539
cCREs142790	chr14	25734623	25735960	1337
cCREs142799	chr14	25748079	25748700	621
cCREs142806	chr14	25765140	25765714	574
cCREs142819	chr14	25802363	25803043	680
cCREs142941	chr14	27031115	27031796	681
cCREs142947	chr14	27048223	27048945	722
cCREs143987	chr14	30828058	30828587	529
cCREs143989	chr14	30831667	30832168	501
cCREs144011	chr14	30888256	30889071	815
cCREs144016	chr14	30920882	30921383	501
cCREs144281	chr14	32168151	32169182	1031
cCREs144397	chr14	32681329	32682092	763
cCREs144432	chr14	32865932	32866472	540
cCREs144697	chr14	33888239	33889226	987
cCREs144780	chr14	34330412	34331319	907
cCREs144785	chr14	34344376	34344893	517
cCREs144794	chr14	34378268	34379412	1144
cCREs144889	chr14	34835384	34835990	606
cCREs145294	chr14	36860064	36860955	891
cCREs145332	chr14	37002853	37003401	548
cCREs145998	chr14	41015740	41016270	530
cCREs146277	chr14	45563391	45564275	884
cCREs146283	chr14	45588178	45588723	545
cCREs146304	chr14	45654869	45655370	501
cCREs146544	chr14	46891635	46892150	515
cCREs146988	chr14	48738036	48738582	546
cCREs146994	chr14	48795147	48795826	679
cCREs147311	chr14	51146626	51147179	553
cCREs147454	chr14	52331051	52331580	529
cCREs147650	chr14	54219294	54219853	559
cCREs147701	chr14	54479524	54480052	528
cCREs147875	chr14	55223142	55224104	962
cCREs148320	chr14	57718940	57719460	520
cCREs148590	chr14	58943000	58943827	827
cCREs149055	chr14	60994851	60995396	545
cCREs149056	chr14	60995823	60996890	1067
cCREs149060	chr14	61004917	61005518	601
cCREs149497	chr14	63085212	63086719	1507
cCREs149512	chr14	63146273	63146813	540
cCREs149538	chr14	63325737	63326486	749
cCREs149573	chr14	63480033	63480568	535
cCREs149622	chr14	63681424	63681976	552
cCREs149669	chr14	63811274	63811807	533
cCREs150078	chr14	65071974	65072514	540
cCREs150325	chr14	65973287	65973847	560
cCREs150561	chr14	66861363	66862017	654
cCREs150679	chr14	67292975	67293568	593
cCREs150681	chr14	67300663	67301385	722
cCREs150808	chr14	67922011	67922537	526
cCREs151090	chr14	69763448	69764026	578
cCREs151211	chr14	70170475	70171056	581
cCREs151321	chr14	70570838	70571339	501
cCREs151325	chr14	70576710	70577245	535
cCREs151718	chr14	72533127	72533652	525
cCREs152039	chr14	73950374	73950904	530
cCREs152153	chr14	74463957	74464485	528
cCREs152775	chr14	76664439	76664944	505
cCREs153185	chr14	77937570	77938100	530
cCREs153338	chr14	78538416	78539018	602
cCREs153547	chr14	79262508	79263164	656
cCREs155402	chr14	92183102	92183713	611
cCREs155510	chr14	93039239	93039769	530
cCREs156767	chr14	100362647	100363202	555
cCREs156788	chr14	100485413	100485977	564
cCREs157150	chr14	101951234	101951735	501
cCREs157953	chr14	105862410	105863199	789
cCREs158343	chr14	108860638	108861146	508
cCREs159218	chr14	115095496	115096021	525
cCREs159885	chr14	118387983	118388537	554
cCREs160438	chr14	120434917	120435502	585
cCREs160645	chr14	121149929	121150471	542
cCREs160831	chr14	121657500	121658032	532
cCREs160987	chr14	122189843	122190379	536
cCREs161061	chr14	122494455	122495026	571
cCREs161312	chr14	123616685	123617209	524
cCREs161484	chr15	3232015	3233002	987
cCREs161487	chr15	3247070	3247584	514
cCREs161987	chr15	6432375	6432949	574
cCREs162180	chr15	7180476	7181035	559
cCREs162438	chr15	8632252	8632802	550
cCREs162455	chr15	8698399	8699158	759
cCREs162496	chr15	8864983	8866030	1047
cCREs162964	chr15	11287710	11288259	549
cCREs164136	chr15	18237736	18238309	573
cCREs165201	chr15	25633753	25634301	548
cCREs165300	chr15	25892894	25893797	903
cCREs165612	chr15	27246333	27246897	564
cCREs165740	chr15	27622506	27623146	640
cCREs166694	chr15	31569491	31570081	590
cCREs167283	chr15	34491022	34491545	523
cCREs167682	chr15	36540683	36541460	777
cCREs167696	chr15	36630646	36631186	540
cCREs167861	chr15	37233681	37234771	1090
cCREs167967	chr15	37621874	37622440	566
cCREs168096	chr15	38120910	38121533	623
cCREs168111	chr15	38180838	38181501	663
cCREs168151	chr15	38374693	38375292	599
cCREs168166	chr15	38431409	38432130	721
cCREs168235	chr15	38882576	38883111	535
cCREs168631	chr15	40626365	40626913	548
cCREs169065	chr15	42553938	42555217	1279
cCREs169749	chr15	47436099	47436610	511
cCREs170192	chr15	50925816	50926693	877
cCREs170304	chr15	51498694	51499335	641
cCREs170660	chr15	53153611	53154171	560
cCREs171013	chr15	54798832	54799389	557
cCREs171122	chr15	55177661	55178372	711
cCREs171424	chr15	56741942	56742475	533
cCREs171553	chr15	57700841	57701386	545
cCREs171599	chr15	57798565	57799456	891
cCREs171667	chr15	58005062	58005594	532
cCREs172010	chr15	59138319	59139233	914
cCREs172035	chr15	59245843	59246463	620
cCREs172065	chr15	59391841	59392413	572
cCREs172152	chr15	59630459	59631001	542
cCREs172348	chr15	60615012	60615835	823
cCREs172482	chr15	61308870	61309764	894
cCREs172766	chr15	62533170	62533761	591
cCREs172795	chr15	62696295	62696831	536
cCREs172976	chr15	63671014	63671560	546
cCREs173054	chr15	64090947	64091999	1052
cCREs174008	chr15	67823215	67823776	561
cCREs174073	chr15	68072251	68072881	630
cCREs174140	chr15	68243802	68244985	1183
cCREs174157	chr15	68303252	68303860	608
cCREs174990	chr15	72568466	72569022	556
cCREs175247	chr15	73446832	73447449	617
cCREs175311	chr15	73657270	73657836	566
cCREs175327	chr15	73725964	73726571	607
cCREs175332	chr15	73737945	73738718	773
cCREs175544	chr15	74483977	74484702	725
cCREs175556	chr15	74523553	74524095	542
cCREs175558	chr15	74531188	74531719	531
cCREs175799	chr15	75831645	75833151	1506
cCREs175842	chr15	76076863	76077417	554
cCREs175855	chr15	76142193	76142740	547
cCREs175876	chr15	76228990	76229820	830
cCREs175883	chr15	76256267	76256804	537
cCREs175982	chr15	76695111	76695635	524
cCREs175983	chr15	76696379	76696906	527
cCREs175985	chr15	76700444	76700999	555
cCREs175990	chr15	76724297	76725125	828
cCREs176265	chr15	77866459	77867048	589
cCREs176357	chr15	78166216	78166762	546
cCREs176403	chr15	78369383	78370106	723
cCREs176414	chr15	78416834	78417600	766
cCREs176474	chr15	78647692	78648213	521
cCREs176531	chr15	78844796	78845358	562
cCREs176545	chr15	78889475	78890354	879
cCREs176556	chr15	78921927	78922688	761
cCREs176871	chr15	80160643	80161214	571
cCREs176882	chr15	80189663	80190542	879
cCREs177051	chr15	80807143	80807660	517
cCREs177233	chr15	81697098	81697636	538
cCREs177282	chr15	81896305	81896870	565
cCREs177291	chr15	81920347	81921634	1287
cCREs177299	chr15	81940583	81941084	501
cCREs177530	chr15	83107306	83107843	537
cCREs177612	chr15	83430307	83430897	590
cCREs177653	chr15	83611211	83611714	503
cCREs177675	chr15	83734511	83735417	906
cCREs177715	chr15	83849495	83850015	520
cCREs177764	chr15	84026456	84027004	548
cCREs177820	chr15	84235106	84236168	1062
cCREs177822	chr15	84239744	84240245	501
cCREs177965	chr15	84672513	84673085	572
cCREs178005	chr15	84852407	84852937	530
cCREs178030	chr15	84953238	84953762	524
cCREs178034	chr15	84962497	84962998	501
cCREs178175	chr15	85502980	85503615	635
cCREs178183	chr15	85541371	85541921	550
cCREs178191	chr15	85572758	85573308	550
cCREs178244	chr15	85756524	85757046	522
cCREs178247	chr15	85792763	85793387	624
cCREs178318	chr15	86097452	86098494	1042
cCREs178671	chr15	87523366	87523946	580
cCREs178680	chr15	87561289	87561845	556
cCREs178730	chr15	87682356	87682895	539
cCREs178784	chr15	87906215	87906788	573
cCREs178988	chr15	88840013	88840640	627
cCREs180597	chr15	95651286	95652669	1383
cCREs181193	chr15	98152863	98153390	527
cCREs181286	chr15	98714202	98714797	595
cCREs181339	chr15	98942024	98942673	649
cCREs181434	chr15	99405097	99405621	524
cCREs181452	chr15	99470037	99470563	526
cCREs181908	chr15	101277065	101278069	1004
cCREs181969	chr15	101491322	101491888	566
cCREs182015	chr15	101821568	101822079	511
cCREs182048	chr15	102002782	102003638	856
cCREs182288	chr15	103213784	103214605	821
cCREs182303	chr15	103285715	103286561	846
cCREs182665	chr16	4932464	4933020	556
cCREs182731	chr16	5217236	5218205	969
cCREs182893	chr16	5881767	5882334	567
cCREs183378	chr16	7590940	7591488	548
cCREs183452	chr16	8188408	8189065	657
cCREs183503	chr16	8514217	8514768	551
cCREs183531	chr16	8597422	8598047	625
cCREs183652	chr16	9165771	9166480	709
cCREs183917	chr16	10298007	10298721	714
cCREs183993	chr16	10574816	10575366	550
cCREs184016	chr16	10657800	10658633	833
cCREs184055	chr16	10777379	10778190	811
cCREs184284	chr16	11644362	11644902	540
cCREs184289	chr16	11656771	11657554	783
cCREs184358	chr16	11899819	11900798	979
cCREs184623	chr16	13190254	13190834	580
cCREs184702	chr16	13451904	13452475	571
cCREs184842	chr16	14183769	14184344	575
cCREs185244	chr16	17491051	17491568	517
cCREs185296	chr16	17698570	17699085	515
cCREs185380	chr16	18087064	18087570	506
cCREs185453	chr16	18383225	18384253	1028
cCREs185456	chr16	18386317	18386959	642
cCREs185515	chr16	18624081	18624605	524
cCREs185550	chr16	18796619	18797161	542
cCREs185780	chr16	20796559	20797080	521
cCREs185838	chr16	21277881	21278405	524
cCREs185848	chr16	21318556	21319071	515
cCREs185862	chr16	21389197	21390113	916
cCREs185950	chr16	21699287	21699803	516
cCREs185958	chr16	21769627	21770164	537
cCREs186091	chr16	22468501	22469077	576
cCREs186297	chr16	23274426	23274972	546
cCREs186536	chr16	24325934	24326491	557
cCREs186566	chr16	24445433	24445948	515
cCREs186921	chr16	25877274	25878028	754
cCREs187300	chr16	28038766	28039499	733
cCREs187648	chr16	29398949	29399542	593
cCREs187778	chr16	29943880	29944530	650
cCREs187890	chr16	30397063	30398146	1083
cCREs187891	chr16	30412585	30413166	581
cCREs188089	chr16	31141869	31142444	575
cCREs188134	chr16	31301043	31301619	576
cCREs188177	chr16	31490865	31491405	540
cCREs188180	chr16	31495329	31495864	535
cCREs188266	chr16	31880083	31880615	532
cCREs188327	chr16	32202567	32203152	585
cCREs188371	chr16	32512887	32513968	1081
cCREs188670	chr16	33931905	33932607	702
cCREs188829	chr16	34352489	34353262	773
cCREs188987	chr16	34930002	34931410	1408
cCREs189002	chr16	34977991	34978512	521
cCREs189007	chr16	34992779	34993361	582
cCREs189015	chr16	35023287	35023798	511
cCREs189405	chr16	36892504	36893066	562
cCREs189915	chr16	38920233	38920943	710
cCREs189928	chr16	38947385	38948008	623
cCREs190091	chr16	39668166	39668772	606
cCREs190095	chr16	39692962	39693555	593
cCREs190135	chr16	39988356	39988888	532
cCREs190311	chr16	40827120	40827636	516
cCREs190467	chr16	41540686	41541195	509
cCREs190574	chr16	41925422	41925944	522
cCREs190982	chr16	43623207	43624369	1162
cCREs191217	chr16	44502247	44502788	541
cCREs191224	chr16	44516347	44516979	632
cCREs191228	chr16	44529857	44530413	556
cCREs191505	chr16	45729610	45730271	661
cCREs191932	chr16	48422569	48423142	573
cCREs192302	chr16	50001578	50002484	906
cCREs196033	chr16	72577597	72578634	1037
cCREs196075	chr16	72737136	72737648	512
cCREs196224	chr16	73471438	73472232	794
cCREs196225	chr16	73477112	73477622	510
cCREs197075	chr16	77431287	77431826	539
cCREs198862	chr16	87670611	87671164	553
cCREs199426	chr16	90217261	90217815	554
cCREs199475	chr16	90400999	90401996	997
cCREs199694	chr16	91169571	91170331	760
cCREs199702	chr16	91222123	91223299	1176
cCREs199710	chr16	91265855	91266407	552
cCREs199716	chr16	91303982	91304804	822
cCREs199733	chr16	91378900	91379894	994
cCREs199735	chr16	91385268	91386322	1054
cCREs199753	chr16	91441366	91441923	557
cCREs199801	chr16	91614474	91615007	533
cCREs199829	chr16	91735544	91736120	576
cCREs199850	chr16	91804754	91805386	632
cCREs199851	chr16	91808555	91809114	559
cCREs200007	chr16	92346205	92346800	595
cCREs200096	chr16	92653595	92654462	867
cCREs200245	chr16	93387639	93388257	618
cCREs201254	chr16	97493928	97494465	537
cCREs201289	chr16	97736541	97737416	875
cCREs201431	chr17	3371114	3371626	512
cCREs201678	chr17	4612084	4613224	1140
cCREs202000	chr17	5764438	5764939	501
cCREs202058	chr17	5981491	5982117	626
cCREs202301	chr17	7648462	7649037	575
cCREs202719	chr17	9630999	9631520	521
cCREs202772	chr17	9848805	9849535	730
cCREs202840	chr17	10122317	10122846	529
cCREs202990	chr17	10734203	10734776	573
cCREs203331	chr17	12133881	12134449	568
cCREs203368	chr17	12225222	12225798	576
cCREs203378	chr17	12261832	12262374	542
cCREs203528	chr17	12937637	12938573	936
cCREs203804	chr17	14691806	14692336	530
cCREs203881	chr17	15199139	15199904	765
cCREs203892	chr17	15276042	15276635	593
cCREs204120	chr17	17409532	17410093	561
cCREs204127	chr17	17441667	17442575	908
cCREs204145	chr17	17587257	17588175	918
cCREs204282	chr17	23603032	23603989	957
cCREs204326	chr17	23876600	23877643	1043
cCREs204354	chr17	24062417	24062921	504
cCREs204414	chr17	24429173	24429761	588
cCREs204423	chr17	24474516	24475081	565
cCREs204644	chr17	25565081	25565700	619
cCREs204658	chr17	25605124	25605693	569
cCREs204706	chr17	25782907	25783591	684
cCREs204710	chr17	25795532	25796107	575
cCREs204711	chr17	25796269	25796803	534
cCREs204792	chr17	26149490	26150287	797
cCREs204984	chr17	27032796	27033330	534
cCREs205103	chr17	27549165	27549682	517
cCREs205113	chr17	27578317	27579224	907
cCREs205131	chr17	27626500	27627223	723
cCREs205239	chr17	28016281	28016989	708
cCREs205261	chr17	28070171	28070727	556
cCREs205316	chr17	28290199	28290724	525
cCREs205409	chr17	28777138	28777746	608
cCREs205468	chr17	29050468	29051269	801
cCREs205560	chr17	29339090	29339638	548
cCREs205565	chr17	29358821	29359410	589
cCREs205757	chr17	30145598	30146171	573
cCREs205775	chr17	30200230	30200760	530
cCREs206137	chr17	31703515	31704047	532
cCREs206159	chr17	31793376	31793926	550
cCREs206250	chr17	32127166	32127716	550
cCREs206257	chr17	32166645	32167195	550
cCREs206276	chr17	32253187	32253738	551
cCREs206279	chr17	32268297	32268866	569
cCREs206381	chr17	33526402	33526999	597
cCREs206455	chr17	34039970	34040517	547
cCREs206530	chr17	34585067	34585575	508
cCREs206568	chr17	34743693	34744316	623
cCREs206676	chr17	35524225	35524790	565
cCREs206766	chr17	35922495	35923046	551
cCREs206769	chr17	35939924	35940463	539
cCREs206809	chr17	36157297	36158369	1072
cCREs206887	chr17	37055210	37055775	565
cCREs207385	chr17	43590450	43590969	519
cCREs207731	chr17	45133450	45134351	901
cCREs207780	chr17	45348824	45349368	544
cCREs207879	chr17	45756349	45756850	501
cCREs207908	chr17	45859214	45859918	704
cCREs207936	chr17	46013602	46014106	504
cCREs207954	chr17	46104242	46104981	739
cCREs208071	chr17	46662544	46663242	698
cCREs208095	chr17	46809017	46809541	524
cCREs208107	chr17	46853218	46853743	525
cCREs208256	chr17	47527427	47528003	576
cCREs208267	chr17	47566016	47566681	665
cCREs208342	chr17	47898053	47898853	800
cCREs208398	chr17	48206968	48207475	507
cCREs208445	chr17	48437248	48438063	815
cCREs208642	chr17	49240012	49240527	515
cCREs208683	chr17	49431904	49432824	920
cCREs208702	chr17	49503161	49503702	541
cCREs208707	chr17	49517031	49517532	501
cCREs208709	chr17	49520580	49521167	587
cCREs208711	chr17	49528031	49528572	541
cCREs208714	chr17	49534090	49534876	786
cCREs208718	chr17	49545963	49546492	529
cCREs208785	chr17	49779534	49780089	555
cCREs209370	chr17	52810752	52811300	548
cCREs209460	chr17	53620515	53621055	540
cCREs209756	chr17	56109613	56110152	539
cCREs209776	chr17	56170544	56171129	585
cCREs209954	chr17	56862417	56862992	575
cCREs210699	chr17	62816248	62816992	744
cCREs211706	chr17	66732394	66732965	571
cCREs211710	chr17	66738160	66739399	1239
cCREs211733	chr17	66815861	66816383	522
cCREs211783	chr17	67010136	67010652	516
cCREs211824	chr17	67152169	67152678	509
cCREs211877	chr17	67314403	67315194	791
cCREs212189	chr17	68778304	68778811	507
cCREs212668	chr17	70676223	70676929	706
cCREs212777	chr17	71120567	71121165	598
cCREs212797	chr17	71184787	71185311	524
cCREs213284	chr17	73255695	73256284	589
cCREs213306	chr17	73325227	73326132	905
cCREs213712	chr17	75204011	75204965	954
cCREs213737	chr17	75302021	75302575	554
cCREs214135	chr17	78216520	78217061	541
cCREs214204	chr17	78368155	78368938	783
cCREs214258	chr17	78596535	78597089	554
cCREs215253	chr17	83020361	83021094	733
cCREs215458	chr17	83827565	83828427	862
cCREs215495	chr17	83937494	83938069	575
cCREs215498	chr17	83953596	83954130	534
cCREs215516	chr17	83986056	83986790	734
cCREs215578	chr17	84177302	84177841	539
cCREs215623	chr17	84318148	84318788	640
cCREs215637	chr17	84356516	84357431	915
cCREs215650	chr17	84399284	84400095	811
cCREs215918	chr17	85616545	85617465	920
cCREs215921	chr17	85625053	85625573	520
cCREs215922	chr17	85625789	85626313	524
cCREs215936	chr17	85704295	85705063	768
cCREs216175	chr17	86532808	86533331	523
cCREs216212	chr17	86650979	86651921	942
cCREs216250	chr17	86814266	86814791	525
cCREs216254	chr17	86822732	86823484	752
cCREs216274	chr17	86924594	86925147	553
cCREs216276	chr17	86929913	86930458	545
cCREs216286	chr17	86967480	86968014	534
cCREs216567	chr17	88297205	88298115	910
cCREs216648	chr17	88620979	88621551	572
cCREs217647	chr18	4129132	4130062	930
cCREs218009	chr18	5597099	5597613	514
cCREs218053	chr18	5805556	5806807	1251
cCREs218077	chr18	5900914	5901432	518
cCREs218843	chr18	10612771	10613549	778
cCREs218927	chr18	10976701	10977333	632
cCREs218928	chr18	10980246	10980776	530
cCREs219054	chr18	11851598	11852156	558
cCREs219058	chr18	11856777	11857514	737
cCREs219096	chr18	11946923	11947546	623
cCREs219127	chr18	12028310	12029030	720
cCREs219548	chr18	13701260	13702155	895
cCREs219603	chr18	13879559	13880541	982
cCREs219624	chr18	13933516	13934187	671
cCREs219632	chr18	13969900	13970611	711
cCREs219790	chr18	14908166	14908794	628
cCREs219928	chr18	15421234	15421906	672
cCREs219932	chr18	15441759	15442274	515
cCREs220228	chr18	16767611	16768290	679
cCREs221515	chr18	23996804	23997533	729
cCREs221518	chr18	24021637	24022172	535
cCREs221530	chr18	24070442	24071259	817
cCREs221537	chr18	24099722	24100421	699
cCREs221848	chr18	25152305	25152910	605
cCREs221999	chr18	25667974	25668510	536
cCREs223533	chr18	33314539	33315205	666
cCREs223536	chr18	33336710	33337221	511
cCREs223940	chr18	35039718	35040292	574
cCREs224190	chr18	35990437	35990976	539
cCREs224318	chr18	36456539	36457119	580
cCREs224628	chr18	38388765	38389325	560
cCREs224656	chr18	38494591	38495245	654
cCREs224659	chr18	38515338	38515877	539
cCREs224773	chr18	38914863	38915437	574
cCREs224798	chr18	38984017	38984547	530
cCREs224814	chr18	39033636	39034196	560
cCREs224826	chr18	39057783	39058299	516
cCREs224889	chr18	39233396	39233897	501
cCREs224937	chr18	39355196	39355880	684
cCREs224959	chr18	39428102	39428628	526
cCREs225048	chr18	39785633	39786660	1027
cCREs225070	chr18	39873543	39874102	559
cCREs225803	chr18	43216523	43217024	501
cCREs226096	chr18	44573311	44573871	560
cCREs226746	chr18	47298113	47298665	552
cCREs227144	chr18	49319334	49320242	908
cCREs227313	chr18	50049902	50050531	629
cCREs227863	chr18	52869612	52870442	830
cCREs228328	chr18	54852821	54853835	1014
cCREs228748	chr18	56474036	56474896	860
cCREs228751	chr18	56487890	56488406	516
cCREs228967	chr18	57251954	57252678	724
cCREs229259	chr18	58273356	58273870	514
cCREs229862	chr18	61054318	61055194	876
cCREs229896	chr18	61163324	61163825	501
cCREs229963	chr18	61362843	61363503	660
cCREs230060	chr18	61702400	61702943	543
cCREs230180	chr18	62038744	62039961	1217
cCREs230183	chr18	62046234	62046787	553
cCREs230948	chr18	65155848	65156535	687
cCREs231111	chr18	65686994	65687544	550
cCREs231182	chr18	65960056	65961072	1016
cCREs231194	chr18	66032292	66032980	688
cCREs231521	chr18	67476085	67476611	526
cCREs231563	chr18	67609033	67609545	512
cCREs232965	chr18	73776978	73778567	1589
cCREs233001	chr18	73892137	73892648	511
cCREs233065	chr18	74061442	74062064	622
cCREs233396	chr18	75331986	75333006	1020
cCREs233442	chr18	75456541	75457683	1142
cCREs233470	chr18	75525326	75526039	713
cCREs233538	chr18	75698545	75699070	525
cCREs233619	chr18	76007825	76008854	1029
cCREs233630	chr18	76056745	76057918	1173
cCREs233707	chr18	76399624	76400412	788
cCREs233711	chr18	76421391	76421969	578
cCREs233724	chr18	76553137	76553716	579
cCREs233792	chr18	77050242	77050830	588
cCREs234339	chr18	79065858	79066439	581
cCREs234701	chr18	80704699	80705267	568
cCREs234781	chr18	81005423	81005969	546
cCREs234800	chr18	81152476	81153067	591
cCREs234809	chr18	81189996	81190518	522
cCREs234923	chr18	81919835	81920425	590
cCREs235027	chr18	82418744	82419253	509
cCREs235211	chr18	82937259	82938072	813
cCREs236598	chr19	3643557	3644180	623
cCREs236605	chr19	3669005	3669576	571
cCREs236606	chr19	3673781	3674552	771
cCREs236630	chr19	3855538	3856047	509
cCREs236633	chr19	3872138	3872859	721
cCREs236641	chr19	3905151	3905989	838
cCREs236652	chr19	3935731	3936282	551
cCREs236769	chr19	4548182	4548786	604
cCREs236771	chr19	4559527	4560062	535
cCREs236818	chr19	4829068	4829622	554
cCREs236842	chr19	4988901	4989443	542
cCREs236947	chr19	5512298	5513155	857
cCREs237071	chr19	6227868	6228418	550
cCREs237111	chr19	6387964	6388487	523
cCREs237145	chr19	6482673	6483356	683
cCREs237175	chr19	6552175	6552893	718
cCREs237221	chr19	6869322	6869870	548
cCREs237280	chr19	7114934	7115833	899
cCREs237304	chr19	7180642	7181153	511
cCREs237305	chr19	7181329	7181830	501
cCREs237560	chr19	9128444	9128998	554
cCREs237614	chr19	10029670	10030228	558
cCREs237627	chr19	10067624	10068155	531
cCREs237634	chr19	10086923	10087628	705
cCREs237644	chr19	10126459	10127331	872
cCREs237645	chr19	10134599	10135187	588
cCREs237646	chr19	10137608	10138370	762
cCREs237713	chr19	10354741	10355315	574
cCREs237791	chr19	10689620	10690308	688
cCREs237858	chr19	10900298	10900799	501
cCREs238372	chr19	15175172	15175691	519
cCREs239505	chr19	21329628	21330189	561
cCREs239810	chr19	22583638	22584195	557
cCREs239842	chr19	22687519	22688086	567
cCREs239885	chr19	22821699	22822300	601
cCREs240057	chr19	23467725	23468280	555
cCREs240078	chr19	23531785	23532634	849
cCREs240124	chr19	23688494	23689033	539
cCREs240222	chr19	23987211	23987782	571
cCREs240549	chr19	25231919	25232439	520
cCREs240567	chr19	25306208	25307559	1351
cCREs240755	chr19	26418992	26419503	511
cCREs240806	chr19	26615826	26616407	581
cCREs240903	chr19	26930148	26930684	536
cCREs241165	chr19	27972855	27973395	540
cCREs241652	chr19	29930229	29930746	517
cCREs242225	chr19	32619718	32620275	557
cCREs242470	chr19	34195637	34196199	562
cCREs242663	chr19	35081005	35081590	585
cCREs242992	chr19	36728653	36729485	832
cCREs243326	chr19	38261240	38261760	520
cCREs243330	chr19	38273716	38274267	551
cCREs243338	chr19	38298146	38298760	614
cCREs243374	chr19	38458275	38458776	501
cCREs243381	chr19	38486109	38486610	501
cCREs243549	chr19	40364996	40365683	687
cCREs243995	chr19	42193160	42193963	803
cCREs244000	chr19	42204220	42204778	558
cCREs244143	chr19	42668313	42668869	556
cCREs244284	chr19	43616222	43616743	521
cCREs244338	chr19	43849736	43850237	501
cCREs244418	chr19	44296878	44297463	585
cCREs244440	chr19	44385967	44386497	530
cCREs244454	chr19	44487206	44487736	530
cCREs244455	chr19	44499260	44499761	501
cCREs244674	chr19	45653923	45654490	567
cCREs244766	chr19	46140999	46141615	616
cCREs244832	chr19	46443606	46444107	501
cCREs244850	chr19	46477485	46478026	541
cCREs244927	chr19	46735231	46735968	737
cCREs244933	chr19	46776340	46777340	1000
cCREs245401	chr19	48548140	48548783	643
cCREs246205	chr19	53123086	53123743	657
cCREs246209	chr19	53132447	53133345	898
cCREs246689	chr19	55165923	55166431	508
cCREs246772	chr19	55480407	55480932	525
cCREs246839	chr19	55756582	55757443	861
cCREs246860	chr19	55837238	55838498	1260
cCREs246880	chr19	55913630	55914156	526
cCREs246890	chr19	55953115	55953838	723
cCREs246894	chr19	55975343	55975881	538
cCREs246909	chr19	56038316	56038836	520
cCREs246913	chr19	56050197	56050766	569
cCREs247222	chr19	57204696	57205217	521
cCREs247511	chr19	58214378	58214955	577
cCREs247709	chr19	58930990	58931828	838
cCREs247760	chr19	59134833	59135388	555
cCREs248174	chr2	3166662	3167340	678
cCREs248230	chr2	3420205	3420727	522
cCREs248408	chr2	4296924	4297821	897
cCREs248512	chr2	4609206	4609738	532
cCREs249964	chr2	11434223	11435024	801
cCREs250021	chr2	11683156	11683705	549
cCREs250144	chr2	12318637	12319178	541
cCREs250985	chr2	16759616	16760159	543
cCREs250993	chr2	16818243	16818744	501
cCREs251336	chr2	18441896	18442468	572
cCREs251431	chr2	18930210	18930796	586
cCREs251547	chr2	19549200	19549796	596
cCREs251897	chr2	21007756	21008308	552
cCREs251900	chr2	21024151	21024718	567
cCREs251957	chr2	21263957	21264524	567
cCREs252404	chr2	24479082	24479614	532
cCREs252538	chr2	25053032	25053566	534
cCREs252553	chr2	25126083	25126949	866
cCREs252566	chr2	25178500	25179036	536
cCREs252577	chr2	25226729	25227533	804
cCREs252630	chr2	25458799	25459347	548
cCREs252647	chr2	25534087	25534698	611
cCREs252658	chr2	25584833	25585362	529
cCREs252747	chr2	26063832	26064816	984
cCREs252751	chr2	26072897	26073457	560
cCREs252780	chr2	26208043	26208574	531
cCREs252842	chr2	26474926	26475903	977
cCREs252853	chr2	26502173	26502737	564
cCREs253039	chr2	27368695	27369196	501
cCREs253337	chr2	28433454	28434003	549
cCREs253368	chr2	28564919	28565431	512
cCREs253462	chr2	29081931	29082501	570
cCREs253509	chr2	29292083	29292649	566
cCREs253603	chr2	29573517	29574040	523
cCREs253652	chr2	29720511	29721277	766
cCREs253744	chr2	30247546	30248072	526
cCREs253857	chr2	30709183	30710040	857
cCREs254190	chr2	31949919	31950475	556
cCREs254203	chr2	32001870	32002421	551
cCREs254339	chr2	32527427	32528124	697
cCREs254342	chr2	32536399	32537241	842
cCREs254460	chr2	32914285	32915382	1097
cCREs254709	chr2	33719661	33720185	524
cCREs254787	chr2	33975675	33976198	523
cCREs254999	chr2	34961345	34962045	700
cCREs255153	chr2	35612102	35612791	689
cCREs255502	chr2	37855112	37855678	566
cCREs255561	chr2	38108461	38108994	533
cCREs255863	chr2	39806606	39807153	547
cCREs256280	chr2	42638244	42638780	536
cCREs256400	chr2	43336932	43337442	510
cCREs257810	chr2	50329360	50330066	706
cCREs257993	chr2	51129125	51129734	609
cCREs258426	chr2	52801386	52801887	501
cCREs259537	chr2	58845910	58846441	531
cCREs259584	chr2	59047581	59048101	520
cCREs259585	chr2	59049000	59049607	607
cCREs259586	chr2	59049631	59050167	536
cCREs260022	chr2	60697986	60698795	809
cCREs260517	chr2	62662511	62663047	536
cCREs261008	chr2	65218263	65218791	528
cCREs261037	chr2	65311230	65311757	527
cCREs261257	chr2	66146434	66146999	565
cCREs261485	chr2	67567101	67567603	502
cCREs261544	chr2	67782980	67783952	972
cCREs262547	chr2	71694745	71695440	695
cCREs262827	chr2	72554298	72555021	723
cCREs262896	chr2	72825195	72825740	545
cCREs262949	chr2	73082458	73083016	558
cCREs263119	chr2	73655660	73656645	985
cCREs263263	chr2	74349772	74350303	531
cCREs264478	chr2	79540298	79540802	504
cCREs265250	chr2	83729291	83729837	546
cCREs265941	chr2	90571368	90571879	511
cCREs266126	chr2	91323062	91323592	530
cCREs266178	chr2	91517090	91517700	610
cCREs266279	chr2	91953699	91954346	647
cCREs266630	chr2	93142584	93143205	621
cCREs266746	chr2	93457366	93458182	816
cCREs266803	chr2	93699229	93699822	593
cCREs266889	chr2	93961410	93962234	824
cCREs268020	chr2	101755129	101755651	522
cCREs268065	chr2	101898676	101899188	512
cCREs268362	chr2	102762456	102762961	505
cCREs268566	chr2	103435050	103435607	557
cCREs268651	chr2	103700448	103700973	525
cCREs269928	chr2	109950977	109951504	527
cCREs270573	chr2	113589304	113589840	536
cCREs270724	chr2	114196385	114196903	518
cCREs270974	chr2	115459401	115461094	1693
cCREs271345	chr2	116991072	116992044	972
cCREs271370	chr2	117096832	117097365	533
cCREs271450	chr2	117352226	117353155	929
cCREs271556	chr2	117794735	117795236	501
cCREs271756	chr2	118529331	118530342	1011
cCREs272021	chr2	119821056	119821581	525
cCREs272278	chr2	121298033	121298569	536
cCREs272280	chr2	121302378	121302940	562
cCREs272519	chr2	122380983	122381798	815
cCREs272721	chr2	123415765	123416284	519
cCREs272829	chr2	124114686	124115195	509
cCREs272852	chr2	124178882	124179392	510
cCREs272917	chr2	124401710	124402480	770
cCREs272985	chr2	124608491	124609030	539
cCREs273623	chr2	127415885	127416623	738
cCREs273654	chr2	127518798	127519761	963
cCREs273705	chr2	127744269	127744824	555
cCREs273792	chr2	128174882	128175426	544
cCREs273910	chr2	128704412	128704942	530
cCREs274027	chr2	129211212	129211740	528
cCREs274033	chr2	129227256	129227820	564
cCREs274038	chr2	129244636	129245211	575
cCREs274422	chr2	130838067	130838574	507
cCREs274587	chr2	131538248	131538839	591
cCREs274677	chr2	131858619	131859532	913
cCREs274683	chr2	131881679	131882417	738
cCREs274722	chr2	132006449	132007228	779
cCREs275376	chr2	134974596	134975128	532
cCREs275399	chr2	135035676	135036459	783
cCREs275652	chr2	135911465	135912389	924
cCREs275732	chr2	136140742	136141269	527
cCREs275941	chr2	136947447	136948397	950
cCREs275993	chr2	137109541	137110405	864
cCREs276396	chr2	138922359	138922941	582
cCREs276559	chr2	139753324	139754330	1006
cCREs278105	chr2	145849195	145849731	536
cCREs278110	chr2	145861583	145862581	998
cCREs278411	chr2	147182627	147183139	512
cCREs278414	chr2	147187098	147187602	504
cCREs278459	chr2	147515403	147516193	790
cCREs279021	chr2	150649700	150650286	586
cCREs279032	chr2	150673130	150673721	591
cCREs279066	chr2	150806316	150806822	506
cCREs279084	chr2	150847365	150847919	554
cCREs279087	chr2	150854798	150855331	533
cCREs279326	chr2	152274907	152275472	565
cCREs279432	chr2	152742391	152742919	528
cCREs279535	chr2	153140070	153140661	591
cCREs279569	chr2	153297778	153298343	565
cCREs279672	chr2	153669919	153670587	668
cCREs280058	chr2	155695969	155696757	788
cCREs280305	chr2	156678051	156678577	526
cCREs280420	chr2	157054506	157055419	913
cCREs280495	chr2	157373440	157374161	721
cCREs280510	chr2	157417133	157417718	585
cCREs280538	chr2	157484112	157484619	507
cCREs280615	chr2	157768890	157769862	972
cCREs280738	chr2	158136038	158136781	743
cCREs280754	chr2	158178689	158179485	796
cCREs280767	chr2	158216319	158216964	645
cCREs280791	chr2	158299393	158300227	834
cCREs281331	chr2	160882381	160882902	521
cCREs281560	chr2	161880414	161881379	965
cCREs281740	chr2	162631788	162632336	548
cCREs281850	chr2	163104287	163105063	776
cCREs281875	chr2	163195720	163196289	569
cCREs281877	chr2	163205643	163206163	520
cCREs282160	chr2	164423470	164423994	524
cCREs282183	chr2	164493897	164494637	740
cCREs282350	chr2	165187595	165188199	604
cCREs282397	chr2	165337104	165337623	519
cCREs282420	chr2	165413805	165414508	703
cCREs282423	chr2	165437052	165437639	587
cCREs282425	chr2	165442210	165443441	1231
cCREs282475	chr2	165632945	165633449	504
cCREs282476	chr2	165634387	165635116	729
cCREs282558	chr2	165872942	165873668	726
cCREs282774	chr2	166608499	166609488	989
cCREs282776	chr2	166615279	166616209	930
cCREs282778	chr2	166622602	166623931	1329
cCREs282789	chr2	166646355	166647059	704
cCREs282791	chr2	166650318	166650869	551
cCREs282797	chr2	166662523	166663168	645
cCREs282803	chr2	166674593	166675187	594
cCREs282806	chr2	166682719	166683325	606
cCREs282810	chr2	166694763	166695497	734
cCREs282816	chr2	166711542	166712071	529
cCREs282888	chr2	166976211	166977078	867
cCREs283067	chr2	167641272	167641818	546
cCREs283072	chr2	167659788	167660296	508
cCREs283083	chr2	167697805	167698363	558
cCREs283101	chr2	167760714	167761215	501
cCREs283136	chr2	167920812	167921585	773
cCREs283212	chr2	168185468	168186137	669
cCREs283686	chr2	170172989	170173575	586
cCREs283733	chr2	170343692	170345008	1316
cCREs284037	chr2	171876350	171876920	570
cCREs284191	chr2	172638478	172639228	750
cCREs284209	chr2	172784881	172785485	604
cCREs284221	chr2	172823683	172824262	579
cCREs284252	chr2	172923122	172923633	511
cCREs284285	chr2	173044510	173045048	538
cCREs284289	chr2	173061926	173062458	532
cCREs284322	chr2	173236776	173237585	809
cCREs284335	chr2	173261384	173262379	995
cCREs284382	chr2	173424776	173425361	585
cCREs284800	chr2	178213787	178214380	593
cCREs284828	chr2	178292639	178293162	523
cCREs284852	chr2	178411446	178411970	524
cCREs284958	chr2	178830052	178830800	748
cCREs285220	chr2	179867515	179868628	1113
cCREs285312	chr2	180217523	180218062	539
cCREs285313	chr2	180218547	180219130	583
cCREs285352	chr2	180450445	180450956	511
cCREs285410	chr2	180689859	180690402	543
cCREs285481	chr2	180949300	180949835	535
cCREs285538	chr2	181136861	181137368	507
cCREs285596	chr2	181471199	181471762	563
cCREs285633	chr2	181675339	181675935	596
cCREs286353	chr3	9295710	9296512	802
cCREs286531	chr3	9864789	9865370	581
cCREs286592	chr3	10121898	10122408	510
cCREs286645	chr3	10322954	10323483	529
cCREs287234	chr3	14889598	14890467	869
cCREs287275	chr3	15056720	15057248	528
cCREs287809	chr3	19221501	19222026	525
cCREs288320	chr3	21822639	21823174	535
cCREs289210	chr3	26972000	26972576	576
cCREs289334	chr3	27475767	27476301	534
cCREs289450	chr3	27861521	27862086	565
cCREs289524	chr3	28178617	28179139	522
cCREs290476	chr3	32304246	32305085	839
cCREs290484	chr3	32343188	32343802	614
cCREs291063	chr3	34591125	34591714	589
cCREs291144	chr3	34932446	34932986	540
cCREs291182	chr3	35152182	35152716	534
cCREs291644	chr3	37599236	37599805	569
cCREs291772	chr3	38135634	38136372	738
cCREs291982	chr3	38913689	38914478	789
cCREs292468	chr3	41368238	41368913	675
cCREs293726	chr3	50463235	50464057	822
cCREs294007	chr3	51490228	51491065	837
cCREs294262	chr3	52354183	52354819	636
cCREs294265	chr3	52369706	52370479	773
cCREs294311	chr3	52568550	52569585	1035
cCREs294604	chr3	53522476	53523538	1062
cCREs294617	chr3	53585921	53586643	722
cCREs295222	chr3	55645616	55646526	910
cCREs295638	chr3	57505714	57506446	732
cCREs295651	chr3	57542703	57543451	748
cCREs296375	chr3	61168402	61169330	928
cCREs296581	chr3	62327836	62328395	559
cCREs296839	chr3	63758462	63759024	562
cCREs296872	chr3	63871179	63871735	556
cCREs296929	chr3	64314124	64314984	860
cCREs297105	chr3	65357926	65358743	817
cCREs297349	chr3	66251780	66252557	777
cCREs297507	chr3	67459472	67460346	874
cCREs297843	chr3	68637496	68638476	980
cCREs297944	chr3	69140591	69141302	711
cCREs299551	chr3	79452607	79453145	538
cCREs300142	chr3	81933299	81933802	503
cCREs300164	chr3	81990556	81991063	507
cCREs300176	chr3	82038491	82039051	560
cCREs300207	chr3	82123972	82125035	1063
cCREs300252	chr3	82276943	82277821	878
cCREs300554	chr3	83601280	83602030	750
cCREs301604	chr3	87768769	87769359	590
cCREs301637	chr3	87952302	87952912	610
cCREs301647	chr3	87990123	87990645	522
cCREs301672	chr3	88119915	88120685	770
cCREs301683	chr3	88147874	88148433	559
cCREs301701	chr3	88219815	88220503	688
cCREs301733	chr3	88354717	88355246	529
cCREs301737	chr3	88363652	88364197	545
cCREs301738	chr3	88364249	88364834	585
cCREs301769	chr3	88460563	88461846	1283
cCREs301836	chr3	88718938	88719651	713
cCREs302167	chr3	90242890	90243850	960
cCREs302237	chr3	90597569	90598613	1044
cCREs302304	chr3	92110746	92111367	621
cCREs302389	chr3	92893994	92894539	545
cCREs302545	chr3	94362059	94362619	560
cCREs302573	chr3	94468869	94469544	675
cCREs303023	chr3	96692428	96693001	573
cCREs303363	chr3	98050336	98050889	553
cCREs303365	chr3	98052627	98053236	609
cCREs303378	chr3	98081565	98082086	521
cCREs303432	chr3	98273574	98274403	829
cCREs303439	chr3	98315073	98315595	522
cCREs303511	chr3	98994025	98994551	526
cCREs304002	chr3	101354467	101355233	766
cCREs304236	chr3	102112115	102112757	642
cCREs304267	chr3	102188895	102189730	835
cCREs304268	chr3	102189833	102190560	727
cCREs304318	chr3	102384539	102385070	531
cCREs304432	chr3	102848579	102849094	515
cCREs304926	chr3	105142573	105143154	581
cCREs305774	chr3	108567898	108568975	1077
cCREs305856	chr3	108884617	108885190	573
cCREs305987	chr3	109433801	109434333	532
cCREs306022	chr3	109557054	109557778	724
cCREs306029	chr3	109572479	109573355	876
cCREs306744	chr3	115410861	115411661	800
cCREs306839	chr3	115776615	115777139	524
cCREs306840	chr3	115779867	115780423	556
cCREs307000	chr3	116352408	116352936	528
cCREs307142	chr3	116966739	116967295	556
cCREs308035	chr3	121240241	121241122	881
cCREs308120	chr3	121521737	121522268	531
cCREs308176	chr3	121669024	121669525	501
cCREs308194	chr3	121719528	121720089	561
cCREs308388	chr3	122435456	122436259	803
cCREs308542	chr3	122998404	122999035	631
cCREs308597	chr3	123171357	123171928	571
cCREs309253	chr3	126656122	126656785	663
cCREs309318	chr3	126886012	126886572	560
cCREs309375	chr3	127021097	127021626	529
cCREs309787	chr3	129131087	129131594	507
cCREs309838	chr3	129391777	129392617	840
cCREs310197	chr3	130684244	130685377	1133
cCREs310818	chr3	133533925	133534649	724
cCREs311211	chr3	135725948	135726585	637
cCREs311452	chr3	136802545	136803055	510
cCREs311669	chr3	137611947	137612483	536
cCREs312002	chr3	138857652	138858642	990
cCREs312021	chr3	138902785	138903743	958
cCREs312221	chr3	139847703	139848516	813
cCREs312759	chr3	142321857	142322386	529
cCREs313369	chr3	144558050	144558576	526
cCREs313376	chr3	144579512	144580381	869
cCREs313428	chr3	144755981	144756638	657
cCREs313721	chr3	145992640	145993348	708
cCREs313805	chr3	146374732	146375675	943
cCREs313835	chr3	146464694	146465396	702
cCREs313853	chr3	146554716	146555245	529
cCREs315378	chr3	153297545	153298170	625
cCREs316184	chr3	156626283	156626808	525
cCREs317079	chr4	4421526	4422233	707
cCREs317604	chr4	6937101	6937616	515
cCREs317820	chr4	8190357	8190907	550
cCREs317874	chr4	8537202	8537703	501
cCREs317908	chr4	8710092	8710960	868
cCREs318372	chr4	10972872	10973626	754
cCREs318529	chr4	11803738	11804377	639
cCREs319117	chr4	14533854	14534478	624
cCREs319426	chr4	16038403	16039300	897
cCREs321504	chr4	30191899	30192434	535
cCREs321872	chr4	32244052	32244754	702
cCREs321980	chr4	32536811	32537666	855
cCREs323560	chr4	41373308	41373837	529
cCREs323656	chr4	41685976	41686537	561
cCREs323905	chr4	43703752	43704346	594
cCREs323924	chr4	43759024	43760850	1826
cCREs323954	chr4	43964377	43964975	598
cCREs324199	chr4	45420367	45421562	1195
cCREs324594	chr4	46844553	46845454	901
cCREs324607	chr4	46869282	46870409	1127
cCREs324637	chr4	46938279	46938870	591
cCREs324662	chr4	46992790	46993301	511
cCREs325887	chr4	53153620	53154150	530
cCREs325945	chr4	53337685	53338496	811
cCREs326087	chr4	53772776	53773743	967
cCREs326267	chr4	54612052	54612760	708
cCREs326480	chr4	55530090	55530694	604
cCREs326710	chr4	56654285	56655109	824
cCREs327127	chr4	58050686	58051316	630
cCREs327466	chr4	59585028	59585562	534
cCREs327489	chr4	59690042	59690565	523
cCREs327720	chr4	62595453	62596701	1248
cCREs327733	chr4	62628481	62629028	547
cCREs327747	chr4	62660445	62660993	548
cCREs327753	chr4	62677015	62677629	614
cCREs327901	chr4	63253616	63254230	614
cCREs327956	chr4	63440219	63440768	549
cCREs328124	chr4	64043271	64043834	563
cCREs328182	chr4	64330223	64330733	510
cCREs328185	chr4	64338036	64339144	1108
cCREs328310	chr4	65272209	65272839	630
cCREs328473	chr4	65873986	65874878	892
cCREs329099	chr4	68955559	68956083	524
cCREs329258	chr4	69823175	69823745	570
cCREs329262	chr4	69838512	69839351	839
cCREs329327	chr4	70224358	70225165	807
cCREs329391	chr4	70412051	70412580	529
cCREs330987	chr4	81757770	81758322	552
cCREs331589	chr4	84199034	84199852	818
cCREs334044	chr4	97793823	97794348	525
cCREs334078	chr4	97874802	97875434	632
cCREs334087	chr4	97900657	97901206	549
cCREs334091	chr4	97908638	97909202	564
cCREs334483	chr4	99451188	99451894	706
cCREs334657	chr4	100355440	100356038	598
cCREs334682	chr4	100426033	100426545	512
cCREs334746	chr4	100793093	100794047	954
cCREs335181	chr4	102478009	102478620	611
cCREs335199	chr4	102516878	102517743	865
cCREs335224	chr4	102577682	102578242	560
cCREs335945	chr4	105182215	105182744	529
cCREs335959	chr4	105219244	105219783	539
cCREs336168	chr4	106222044	106222747	703
cCREs336362	chr4	106965243	106965775	532
cCREs336596	chr4	107814102	107814944	842
cCREs336867	chr4	109112945	109113446	501
cCREs336901	chr4	109234694	109235462	768
cCREs337453	chr4	114533818	114534863	1045
cCREs337475	chr4	114614034	114614565	531
cCREs337516	chr4	114779236	114780628	1392
cCREs337770	chr4	116686969	116687496	527
cCREs337789	chr4	116782011	116782647	636
cCREs337792	chr4	116796590	116797228	638
cCREs337864	chr4	117210070	117211087	1017
cCREs337884	chr4	117278270	117278935	665
cCREs337905	chr4	117356252	117356793	541
cCREs338000	chr4	117854925	117855989	1064
cCREs338105	chr4	118259740	118260260	520
cCREs338109	chr4	118269854	118270541	687
cCREs338170	chr4	118564178	118564771	593
cCREs338240	chr4	119082511	119083331	820
cCREs338247	chr4	119112289	119113063	774
cCREs338348	chr4	119634585	119635768	1183
cCREs338557	chr4	120291053	120291560	507
cCREs338580	chr4	120375153	120375741	588
cCREs338803	chr4	122973764	122974291	527
cCREs338815	chr4	123018942	123019511	569
cCREs338860	chr4	123209690	123210830	1140
cCREs338955	chr4	123602638	123603149	511
cCREs339025	chr4	123999956	124000588	632
cCREs339073	chr4	124266462	124267027	565
cCREs339118	chr4	124526886	124527421	535
cCREs339553	chr4	126132511	126133289	778
cCREs339568	chr4	126211890	126212502	612
cCREs340284	chr4	129142610	129143133	523
cCREs340368	chr4	129576999	129577602	603
cCREs340478	chr4	129989958	129990553	595
cCREs340560	chr4	130306668	130307268	600
cCREs340650	chr4	130809755	130810289	534
cCREs340758	chr4	131242092	131242663	571
cCREs340937	chr4	131914111	131914655	544
cCREs341038	chr4	132338793	132339435	642
cCREs341180	chr4	133044193	133044716	523
cCREs341285	chr4	133442707	133443593	886
cCREs341444	chr4	134352291	134352792	501
cCREs341448	chr4	134362046	134363105	1059
cCREs341457	chr4	134397087	134397829	742
cCREs341461	chr4	134403803	134404617	814
cCREs341502	chr4	134538898	134539414	516
cCREs341530	chr4	134610482	134611039	557
cCREs341617	chr4	134907824	134908375	551
cCREs341815	chr4	135883231	135883874	643
cCREs341854	chr4	136094473	136095402	929
cCREs341858	chr4	136109862	136110386	524
cCREs341949	chr4	136521802	136522318	516
cCREs342007	chr4	136776431	136777279	848
cCREs342214	chr4	137660223	137660790	567
cCREs342232	chr4	137698525	137699096	571
cCREs342249	chr4	137736141	137736708	567
cCREs342252	chr4	137744506	137745068	562
cCREs342257	chr4	137764573	137765086	513
cCREs342262	chr4	137778483	137779161	678
cCREs342281	chr4	137851449	137851968	519
cCREs342283	chr4	137855617	137856197	580
cCREs342289	chr4	137871144	137871645	501
cCREs342451	chr4	138458956	138459467	511
cCREs342742	chr4	139479081	139479629	548
cCREs342756	chr4	139534993	139536173	1180
cCREs342765	chr4	139584686	139585237	551
cCREs342834	chr4	139962939	139963489	550
cCREs342842	chr4	140000055	140000622	567
cCREs342847	chr4	140019383	140019898	515
cCREs342877	chr4	140122538	140123081	543
cCREs342930	chr4	140283360	140283870	510
cCREs342948	chr4	140358021	140358562	541
cCREs343063	chr4	140879703	140880265	562
cCREs343067	chr4	140907539	140908088	549
cCREs343068	chr4	140910785	140911444	659
cCREs343115	chr4	141066890	141067727	837
cCREs343127	chr4	141108112	141108829	717
cCREs343241	chr4	141515406	141515962	556
cCREs343278	chr4	141649182	141649747	565
cCREs343282	chr4	141655876	141656608	732
cCREs343336	chr4	141871814	141872513	699
cCREs343416	chr4	142172234	142172882	648
cCREs343445	chr4	142261382	142262247	865
cCREs343543	chr4	142622542	142623043	501
cCREs343696	chr4	143348603	143349156	553
cCREs343725	chr4	144907225	144907801	576
cCREs343727	chr4	144913528	144914076	548
cCREs343739	chr4	144957134	144957731	597
cCREs343741	chr4	144963978	144964521	543
cCREs343763	chr4	145017651	145018215	564
cCREs343949	chr4	148143663	148144187	524
cCREs344236	chr4	149338053	149338942	889
cCREs344270	chr4	149458446	149459005	559
cCREs344350	chr4	149736487	149736988	501
cCREs344399	chr4	149889707	149890359	652
cCREs344415	chr4	149945136	149945675	539
cCREs344663	chr4	150862591	150863425	834
cCREs344705	chr4	151035096	151035634	538
cCREs344716	chr4	151081849	151082468	619
cCREs344743	chr4	151155513	151156021	508
cCREs344817	chr4	151396247	151397060	813
cCREs344870	chr4	151604421	151605357	936
cCREs344980	chr4	152070763	152071455	692
cCREs345042	chr4	152263709	152264914	1205
cCREs345051	chr4	152286844	152287400	556
cCREs345195	chr4	152799310	152799887	577
cCREs345235	chr4	152996567	152997155	588
cCREs345544	chr4	154365993	154366912	919
cCREs345557	chr4	154406679	154408149	1470
cCREs345567	chr4	154450357	154450887	530
cCREs345575	chr4	154481723	154483124	1401
cCREs345591	chr4	154527420	154528037	617
cCREs345618	chr4	154610986	154611788	802
cCREs345733	chr4	155148783	155149341	558
cCREs345832	chr4	155468860	155469996	1136
cCREs345907	chr4	155858906	155859814	908
cCREs346437	chr5	5354957	5356236	1279
cCREs347009	chr5	9011308	9011845	537
cCREs347178	chr5	9715780	9716751	971
cCREs347202	chr5	9869045	9869622	577
cCREs349049	chr5	21499794	21500336	542
cCREs349357	chr5	22839675	22840237	562
cCREs349606	chr5	23964613	23965302	689
cCREs349659	chr5	24171524	24172504	980
cCREs349663	chr5	24193988	24194506	518
cCREs349742	chr5	24482410	24482980	570
cCREs349805	chr5	24739011	24739924	913
cCREs349883	chr5	25008589	25009334	745
cCREs349887	chr5	25017153	25017667	514
cCREs349890	chr5	25027593	25028172	579
cCREs349910	chr5	25078139	25078870	731
cCREs349981	chr5	25383489	25384170	681
cCREs349991	chr5	25526870	25527426	556
cCREs350004	chr5	25623882	25624488	606
cCREs350512	chr5	28055260	28055998	738
cCREs350787	chr5	29783117	29783695	578
cCREs351022	chr5	30951594	30952143	549
cCREs351023	chr5	30953635	30954180	545
cCREs351495	chr5	33438112	33438663	551
cCREs351537	chr5	33689036	33690241	1205
cCREs351544	chr5	33706008	33706517	509
cCREs351552	chr5	33726852	33727373	521
cCREs351773	chr5	34907194	34907716	522
cCREs351826	chr5	35060454	35060982	528
cCREs351893	chr5	35285197	35285855	658
cCREs351964	chr5	35621053	35621588	535
cCREs351983	chr5	35680865	35681405	540
cCREs352005	chr5	35743197	35743759	562
cCREs352185	chr5	36194329	36195088	759
cCREs352241	chr5	36365365	36365866	501
cCREs352340	chr5	36705285	36705880	595
cCREs352341	chr5	36711801	36712582	781
cCREs352441	chr5	37044743	37045311	568
cCREs352634	chr5	37774979	37775630	651
cCREs352641	chr5	37816805	37817809	1004
cCREs352649	chr5	37834938	37835477	539
cCREs353752	chr5	42971256	42971769	513
cCREs353797	chr5	43151941	43153036	1095
cCREs353825	chr5	43290584	43291408	824
cCREs354042	chr5	44105922	44107183	1261
cCREs354403	chr5	45497617	45499325	1708
cCREs354875	chr5	48139397	48139968	571
cCREs354901	chr5	48266095	48267110	1015
cCREs355611	chr5	51721961	51722516	555
cCREs356316	chr5	54092897	54093624	727
cCREs357324	chr5	62483458	62483974	516
cCREs357783	chr5	64345414	64345930	516
cCREs357872	chr5	64648334	64648909	575
cCREs357892	chr5	64709084	64709616	532
cCREs358298	chr5	66392778	66393652	874
cCREs359344	chr5	71757364	71758198	834
cCREs359818	chr5	73541500	73542104	604
cCREs360012	chr5	74205381	74205960	579
cCREs360752	chr5	77156840	77157475	635
cCREs360856	chr5	77544609	77545184	575
cCREs361314	chr5	81063719	81064485	766
cCREs362481	chr5	88975643	88976174	531
cCREs362485	chr5	88990119	88990647	528
cCREs362487	chr5	88994471	88995021	550
cCREs362544	chr5	89158403	89158978	575
cCREs363270	chr5	92364446	92364976	530
cCREs363291	chr5	92430611	92431326	715
cCREs363331	chr5	92604763	92605303	540
cCREs363358	chr5	92712590	92713140	550
cCREs363387	chr5	92843688	92844398	710
cCREs363792	chr5	97060784	97061327	543
cCREs364558	chr5	100545119	100545638	519
cCREs365304	chr5	103898235	103898844	609
cCREs365354	chr5	104104029	104104584	555
cCREs365634	chr5	105787459	105788327	868
cCREs365927	chr5	107237356	107238539	1183
cCREs366047	chr5	107814312	107815108	796
cCREs366111	chr5	108154424	108154926	502
cCREs366112	chr5	108211932	108212450	518
cCREs366192	chr5	108697238	108697801	563
cCREs366267	chr5	110384454	110384962	508
cCREs366276	chr5	110420882	110421897	1015
cCREs366447	chr5	111139157	111140165	1008
cCREs366575	chr5	111530763	111531713	950
cCREs366583	chr5	111560309	111560915	606
cCREs366642	chr5	111770149	111770762	613
cCREs366689	chr5	111958211	111958804	593
cCREs366942	chr5	112847610	112848138	528
cCREs366977	chr5	112973495	112974083	588
cCREs366992	chr5	113024084	113024757	673
cCREs367189	chr5	113654770	113655294	524
cCREs367297	chr5	114003298	114003844	546
cCREs367298	chr5	114007670	114008525	855
cCREs367334	chr5	114174559	114175070	511
cCREs367336	chr5	114179489	114180027	538
cCREs367631	chr5	115520165	115520962	797
cCREs367649	chr5	115574902	115575472	570
cCREs367736	chr5	115922265	115922770	505
cCREs367763	chr5	116006195	116006744	549
cCREs367785	chr5	116165392	116166118	726
cCREs367812	chr5	116288733	116289273	540
cCREs368551	chr5	119309672	119310673	1001
cCREs368671	chr5	120181295	120181853	558
cCREs368745	chr5	120511705	120512292	587
cCREs368747	chr5	120516049	120517184	1135
cCREs368751	chr5	120534656	120535459	803
cCREs368758	chr5	120562810	120564031	1221
cCREs368768	chr5	120600852	120601729	877
cCREs368805	chr5	120712685	120713225	540
cCREs368811	chr5	120731469	120732006	537
cCREs368909	chr5	121162134	121162847	713
cCREs369214	chr5	122317475	122317976	501
cCREs369566	chr5	123843564	123845073	1509
cCREs369589	chr5	123979387	123979962	575
cCREs369593	chr5	123990414	123990915	501
cCREs369640	chr5	124137908	124138580	672
cCREs369655	chr5	124167031	124167624	593
cCREs369673	chr5	124213256	124214073	817
cCREs369865	chr5	125039696	125040808	1112
cCREs369892	chr5	125109323	125109824	501
cCREs369903	chr5	125132073	125132603	530
cCREs369942	chr5	125241616	125242591	975
cCREs369948	chr5	125258472	125258997	525
cCREs370725	chr5	128575606	128576891	1285
cCREs371491	chr5	131641864	131642381	517
cCREs371496	chr5	131657729	131658237	508
cCREs371799	chr5	132911659	132912454	795
cCREs372056	chr5	134329224	134329773	549
cCREs372158	chr5	134709064	134710078	1014
cCREs372180	chr5	134864968	134865619	651
cCREs372184	chr5	134882980	134883639	659
cCREs372199	chr5	134992449	134992991	542
cCREs372323	chr5	135655955	135656477	522
cCREs372403	chr5	136014785	136015370	585
cCREs372446	chr5	136226132	136226776	644
cCREs372488	chr5	136380262	136380806	544
cCREs372552	chr5	136619486	136620362	876
cCREs372649	chr5	137115735	137116546	811
cCREs372812	chr5	138272218	138273355	1137
cCREs372852	chr5	138749759	138750260	501
cCREs372862	chr5	138776216	138776811	595
cCREs372895	chr5	138927369	138928053	684
cCREs373039	chr5	139378760	139379468	708
cCREs373115	chr5	139724267	139725332	1065
cCREs373147	chr5	139862697	139863264	567
cCREs373206	chr5	140083829	140084358	529
cCREs373336	chr5	140583955	140584504	549
cCREs373341	chr5	140608589	140609112	523
cCREs373408	chr5	140796024	140796645	621
cCREs373597	chr5	141720670	141721193	523
cCREs373753	chr5	142427756	142428352	596
cCREs373790	chr5	142556669	142557179	510
cCREs373797	chr5	142587035	142587549	514
cCREs373889	chr5	142926264	142926793	529
cCREs373952	chr5	143256663	143257188	525
cCREs374079	chr5	143902039	143902618	579
cCREs374136	chr5	144169117	144169734	617
cCREs374143	chr5	144196350	144197136	786
cCREs374145	chr5	144203311	144203827	516
cCREs374303	chr5	144912331	144913067	736
cCREs374315	chr5	144944842	144945444	602
cCREs374525	chr5	146770211	146771102	891
cCREs374752	chr5	147874430	147875135	705
cCREs375335	chr5	150111216	150111723	507
cCREs375393	chr5	150285857	150286577	720
cCREs375413	chr5	150337568	150338693	1125
cCREs375609	chr5	151166225	151166786	561
cCREs375623	chr5	151201166	151201709	543
cCREs375626	chr5	151206752	151207351	599
cCREs375877	chr6	4468856	4469415	559
cCREs375884	chr6	4504966	4506014	1048
cCREs376106	chr6	5470375	5471164	789
cCREs376112	chr6	5509142	5510198	1056
cCREs376694	chr6	8285476	8286031	555
cCREs377040	chr6	10090889	10091402	513
cCREs377111	chr6	10941359	10941965	606
cCREs378077	chr6	17077602	17078234	632
cCREs378205	chr6	17548736	17549295	559
cCREs378452	chr6	18492178	18492715	537
cCREs378889	chr6	21601356	21601870	514
cCREs378915	chr6	21697560	21698100	540
cCREs378943	chr6	21803610	21804434	824
cCREs379607	chr6	24976106	24976647	541
cCREs380268	chr6	28722835	28723552	717
cCREs380604	chr6	29844886	29845415	529
cCREs380899	chr6	31112190	31113060	870
cCREs381012	chr6	31457242	31457934	692
cCREs381060	chr6	31604818	31605375	557
cCREs381578	chr6	33516769	33517341	572
cCREs381824	chr6	34481196	34481804	608
cCREs381834	chr6	34502160	34502906	746
cCREs382009	chr6	35259444	35260118	674
cCREs382319	chr6	36728007	36728621	614
cCREs382323	chr6	36741109	36741619	510
cCREs382336	chr6	36775923	36776450	527
cCREs382555	chr6	37375432	37376052	620
cCREs383003	chr6	39278312	39278954	642
cCREs383077	chr6	39507930	39508726	796
cCREs384615	chr6	47780381	47780904	523
cCREs384772	chr6	48572536	48573133	597
cCREs384812	chr6	48711377	48712025	648
cCREs384959	chr6	49603086	49603633	547
cCREs385043	chr6	49965929	49966609	680
cCREs385272	chr6	50741870	50742489	619
cCREs385447	chr6	51489646	51490371	725
cCREs385557	chr6	51933202	51933725	523
cCREs385592	chr6	52160691	52161192	501
cCREs385753	chr6	52912470	52913086	616
cCREs386643	chr6	56063651	56064197	546
cCREs386823	chr6	56891438	56891981	543
cCREs387883	chr6	64270476	64271047	571
cCREs389133	chr6	72356195	72356717	522
cCREs389161	chr6	72466900	72467604	704
cCREs389183	chr6	72543334	72543868	534
cCREs389191	chr6	72571785	72572365	580
cCREs389197	chr6	72600159	72600674	515
cCREs389244	chr6	72768746	72769810	1064
cCREs389274	chr6	72873254	72873786	532
cCREs389281	chr6	72891174	72891713	539
cCREs389346	chr6	73222723	73223601	878
cCREs390297	chr6	78686345	78686934	589
cCREs390828	chr6	81987586	81988133	547
cCREs390851	chr6	82072708	82073540	832
cCREs391119	chr6	83302175	83302828	653
cCREs391277	chr6	84040287	84040815	528
cCREs391300	chr6	84139646	84140421	775
cCREs391335	chr6	84270478	84271019	541
cCREs391562	chr6	85287537	85288314	777
cCREs391657	chr6	85839854	85840411	557
cCREs391671	chr6	85911532	85912060	528
cCREs391745	chr6	86153385	86154695	1310
cCREs391788	chr6	86310849	86311391	542
cCREs391796	chr6	86328293	86328867	574
cCREs391849	chr6	86579120	86579669	549
cCREs391850	chr6	86579824	86580356	532
cCREs392030	chr6	87216051	87216724	673
cCREs392039	chr6	87244683	87245226	543
cCREs392214	chr6	88012550	88013147	597
cCREs392389	chr6	88731927	88732530	603
cCREs392571	chr6	89339366	89339927	561
cCREs392776	chr6	90508004	90508713	709
cCREs392777	chr6	90508985	90509569	584
cCREs392868	chr6	90794480	90795060	580
cCREs392872	chr6	90806701	90807237	536
cCREs393044	chr6	91288311	91288892	581
cCREs393065	chr6	91379136	91379744	608
cCREs393509	chr6	92907988	92908972	984
cCREs393537	chr6	93087252	93087781	529
cCREs393538	chr6	93089671	93090184	513
cCREs393540	chr6	93093675	93094228	553
cCREs393926	chr6	94610261	94610762	501
cCREs393947	chr6	94652608	94653136	528
cCREs393962	chr6	94683196	94684148	952
cCREs393968	chr6	94691763	94692264	501
cCREs393970	chr6	94696086	94696587	501
cCREs394415	chr6	96667515	96668049	534
cCREs394731	chr6	98000411	98000930	519
cCREs394755	chr6	98083637	98084778	1141
cCREs394767	chr6	98113629	98114217	588
cCREs394771	chr6	98125241	98125831	590
cCREs395015	chr6	99093732	99094299	567
cCREs395507	chr6	100662233	100662740	507
cCREs396211	chr6	103614312	103615083	771
cCREs398012	chr6	112242066	112242805	739
cCREs398198	chr6	112856912	112857471	559
cCREs398309	chr6	113344321	113344880	559
cCREs398340	chr6	113471173	113472504	1331
cCREs398382	chr6	113644562	113645266	704
cCREs398387	chr6	113656614	113657383	769
cCREs398390	chr6	113668452	113669347	895
cCREs398445	chr6	113852242	113852787	545
cCREs398507	chr6	114013725	114014274	549
cCREs398552	chr6	114160560	114161186	626
cCREs398559	chr6	114188769	114189305	536
cCREs398570	chr6	114216018	114216556	538
cCREs398599	chr6	114293422	114293991	569
cCREs398715	chr6	114803866	114804667	801
cCREs399206	chr6	116669993	116670724	731
cCREs399438	chr6	117652803	117653454	651
cCREs399796	chr6	119036885	119037575	690
cCREs400033	chr6	119909820	119910364	544
cCREs400141	chr6	120527180	120527694	514
cCREs400142	chr6	120529394	120529933	539
cCREs400149	chr6	120585204	120586240	1036
cCREs400160	chr6	120641922	120642494	572
cCREs400166	chr6	120700197	120700732	535
cCREs400495	chr6	122434086	122434838	752
cCREs400635	chr6	123656898	123657421	523
cCREs400645	chr6	123919418	123919944	526
cCREs400719	chr6	124592182	124592747	565
cCREs400760	chr6	124808407	124809143	736
cCREs400776	chr6	124881996	124882548	552
cCREs400783	chr6	124901007	124901548	541
cCREs400838	chr6	125146721	125147844	1123
cCREs400846	chr6	125163651	125164162	511
cCREs400856	chr6	125196226	125196741	515
cCREs400895	chr6	125344009	125344543	534
cCREs401241	chr6	126766509	126767078	569
cCREs401367	chr6	127431053	127431985	932
cCREs401602	chr6	128119649	128120523	874
cCREs401648	chr6	128275437	128276100	663
cCREs401765	chr6	128845184	128845831	647
cCREs402038	chr6	134002211	134003270	1059
cCREs402064	chr6	134091282	134092064	782
cCREs402120	chr6	134242784	134244560	1776
cCREs402211	chr6	134575135	134575988	853
cCREs402261	chr6	134736790	134737352	562
cCREs402310	chr6	134960315	134961205	890
cCREs403116	chr6	137664834	137665357	523
cCREs404042	chr6	141530583	141531405	822
cCREs404114	chr6	142045543	142046078	535
cCREs404132	chr6	142211705	142212266	561
cCREs404182	chr6	142503934	142504569	635
cCREs404338	chr6	143049506	143050617	1111
cCREs404540	chr6	143845440	143846286	846
cCREs404598	chr6	144042995	144043515	520
cCREs405144	chr6	146196513	146197216	703
cCREs405170	chr6	146287343	146287861	518
cCREs405179	chr6	146313747	146314709	962
cCREs405217	chr6	146424262	146425479	1217
cCREs405240	chr6	146499938	146500477	539
cCREs405932	chr7	3314093	3314643	550
cCREs406032	chr7	4113191	4114145	954
cCREs406093	chr7	4641116	4641649	533
cCREs406155	chr7	4947813	4948345	532
cCREs406167	chr7	5021494	5022005	511
cCREs406228	chr7	6409981	6410520	539
cCREs406509	chr7	16416971	16417867	896
cCREs406580	chr7	16761116	16762021	905
cCREs406926	chr7	19824069	19824624	555
cCREs407189	chr7	25432794	25433784	990
cCREs407381	chr7	27596697	27597477	780
cCREs407452	chr7	28148055	28148757	702
cCREs407453	chr7	28153468	28154097	629
cCREs407509	chr7	28558368	28558964	596
cCREs407548	chr7	28774073	28774657	584
cCREs407556	chr7	28807480	28808018	538
cCREs407591	chr7	28938562	28939175	613
cCREs407719	chr7	29458751	29459380	629
cCREs407722	chr7	29465517	29466307	790
cCREs407748	chr7	29574541	29575056	515
cCREs407866	chr7	30450191	30450758	567
cCREs407868	chr7	30463881	30464462	581
cCREs408119	chr7	34719528	34720062	534
cCREs408215	chr7	35112652	35113454	802
cCREs408326	chr7	35691926	35692573	647
cCREs408727	chr7	37775437	37775954	517
cCREs408814	chr7	38214549	38215073	524
cCREs409248	chr7	44524518	44525909	1391
cCREs409508	chr7	45722013	45722551	538
cCREs409531	chr7	45824576	45825087	511
cCREs409557	chr7	45975307	45975849	542
cCREs409787	chr7	47051680	47052900	1220
cCREs409804	chr7	47097089	47097633	544
cCREs410133	chr7	49608629	49609255	626
cCREs411023	chr7	55871557	55872111	554
cCREs411941	chr7	63839143	63839644	501
cCREs412058	chr7	64339709	64340693	984
cCREs412099	chr7	64550769	64551303	534
cCREs412356	chr7	65429782	65430985	1203
cCREs412471	chr7	65959468	65960000	532
cCREs412845	chr7	67562067	67562747	680
cCREs413001	chr7	68096983	68097891	908
cCREs413416	chr7	70660089	70660626	537
cCREs413934	chr7	73414088	73414668	580
cCREs413937	chr7	73419332	73419886	554
cCREs414257	chr7	74501161	74501758	597
cCREs415318	chr7	79388609	79389127	518
cCREs415342	chr7	79497604	79498147	543
cCREs415348	chr7	79505811	79506404	593
cCREs415375	chr7	79568887	79569665	778
cCREs415409	chr7	79734504	79735147	643
cCREs415466	chr7	80028303	80028804	501
cCREs415501	chr7	80156565	80157096	531
cCREs415613	chr7	80607342	80608413	1071
cCREs415661	chr7	80756034	80756589	555
cCREs415669	chr7	80781329	80781889	560
cCREs415686	chr7	80855220	80855790	570
cCREs415728	chr7	81093341	81093862	521
cCREs416091	chr7	82808207	82808811	604
cCREs416287	chr7	83859367	83860106	739
cCREs416383	chr7	84261330	84261852	522
cCREs416882	chr7	89231203	89231931	728
cCREs417115	chr7	90215915	90217021	1106
cCREs417764	chr7	92981767	92982279	512
cCREs417997	chr7	95082202	95082727	525
cCREs418208	chr7	96228815	96229363	548
cCREs418221	chr7	96259357	96260081	724
cCREs418339	chr7	96614545	96615063	518
cCREs418340	chr7	96617293	96617845	552
cCREs418560	chr7	97418648	97419209	561
cCREs418569	chr7	97452936	97454128	1192
cCREs419069	chr7	99539409	99539968	559
cCREs419070	chr7	99541152	99541704	552
cCREs419287	chr7	100465117	100466382	1265
cCREs419289	chr7	100474600	100475368	768
cCREs419294	chr7	100488394	100489210	816
cCREs419295	chr7	100492666	100493570	904
cCREs419298	chr7	100501121	100501752	631
cCREs419329	chr7	100656683	100657243	560
cCREs419361	chr7	100788169	100788761	592
cCREs419399	chr7	100914576	100915669	1093
cCREs419429	chr7	101012780	101013317	537
cCREs419431	chr7	101030708	101031604	896
cCREs419489	chr7	101324465	101325038	573
cCREs419500	chr7	101363414	101363938	524
cCREs419657	chr7	101910138	101910663	525
cCREs419691	chr7	102056520	102057099	579
cCREs419727	chr7	102244674	102246204	1530
cCREs419736	chr7	102285660	102286244	584
cCREs419882	chr7	104218530	104219560	1030
cCREs419885	chr7	104287673	104288515	842
cCREs419887	chr7	104314719	104315831	1112
cCREs419895	chr7	104464991	104465860	869
cCREs419900	chr7	104507355	104508224	869
cCREs420028	chr7	105766218	105766780	562
cCREs420316	chr7	109276579	109277142	563
cCREs420331	chr7	109405435	109405957	522
cCREs420580	chr7	110631343	110631862	519
cCREs420938	chr7	111956302	111957158	856
cCREs420989	chr7	112147871	112148485	614
cCREs421024	chr7	112231556	112232137	581
cCREs421152	chr7	112680716	112681356	640
cCREs421264	chr7	113109449	113109971	522
cCREs421303	chr7	113201513	113202062	549
cCREs421322	chr7	113253970	113254471	501
cCREs421489	chr7	114033892	114034479	587
cCREs421699	chr7	115274618	115275314	696
cCREs421725	chr7	115382785	115383545	760
cCREs421817	chr7	115778374	115778920	546
cCREs421924	chr7	116269391	116270273	882
cCREs421925	chr7	116276246	116276803	557
cCREs421959	chr7	116421078	116421636	558
cCREs422243	chr7	117610346	117611279	933
cCREs422475	chr7	118561812	118562313	501
cCREs422480	chr7	118577504	118578016	512
cCREs422481	chr7	118578194	118578932	738
cCREs422489	chr7	118604806	118605414	608
cCREs422612	chr7	118991484	118991985	501
cCREs422750	chr7	119856231	119856777	546
cCREs422919	chr7	120857632	120858175	543
cCREs423146	chr7	121802384	121802915	531
cCREs423282	chr7	122403293	122403835	542
cCREs423452	chr7	123000756	123002129	1373
cCREs423974	chr7	125572733	125573272	539
cCREs424166	chr7	126280670	126281196	526
cCREs424390	chr7	127549073	127549905	832
cCREs424502	chr7	128289049	128289607	558
cCREs424561	chr7	128571950	128572480	530
cCREs424678	chr7	129259084	129259616	532
cCREs424793	chr7	129781636	129782337	701
cCREs424800	chr7	129801321	129802007	686
cCREs424871	chr7	130166136	130166680	544
cCREs424902	chr7	130249769	130250320	551
cCREs425093	chr7	130989357	130989882	525
cCREs425105	chr7	131132839	131133517	678
cCREs425434	chr7	132573108	132573659	551
cCREs425463	chr7	132670812	132671349	537
cCREs425465	chr7	132673888	132674817	929
cCREs425488	chr7	132724648	132725236	588
cCREs425521	chr7	132802053	132803151	1098
cCREs425582	chr7	133048018	133048838	820
cCREs425585	chr7	133053702	133054302	600
cCREs425600	chr7	133110029	133110634	605
cCREs425951	chr7	134703598	134704307	709
cCREs425958	chr7	134729308	134729869	561
cCREs426042	chr7	135079198	135079724	526
cCREs426200	chr7	135723516	135724171	655
cCREs426284	chr7	136129681	136130267	586
cCREs426504	chr7	137560805	137561312	507
cCREs426625	chr7	138159551	138160477	926
cCREs426707	chr7	138519740	138520259	519
cCREs426905	chr7	139264271	139265121	850
cCREs427042	chr7	139779841	139780413	572
cCREs427226	chr7	140847669	140848272	603
cCREs427259	chr7	141016762	141017745	983
cCREs427337	chr7	141440573	141441097	524
cCREs427404	chr7	141747379	141747918	539
cCREs427518	chr7	142374520	142376120	1600
cCREs427549	chr7	142509871	142510868	997
cCREs427644	chr7	143064210	143064725	515
cCREs427661	chr7	143178701	143179355	654
cCREs427685	chr7	143329086	143329974	888
cCREs427713	chr7	143446968	143447554	586
cCREs427801	chr7	143939386	143939898	512
cCREs427943	chr7	144421374	144421960	586
cCREs428007	chr7	144647491	144648026	535
cCREs428086	chr7	145093333	145094199	866
cCREs428193	chr8	3376541	3377313	772
cCREs428774	chr8	8225031	8225559	528
cCREs428782	chr8	8256365	8257167	802
cCREs429468	chr8	10738245	10739122	877
cCREs429566	chr8	11104066	11104607	541
cCREs429610	chr8	11270725	11271281	556
cCREs429883	chr8	12236057	12236639	582
cCREs429885	chr8	12240034	12240556	522
cCREs429931	chr8	12432491	12433033	542
cCREs429948	chr8	12496870	12497782	912
cCREs430055	chr8	12827027	12827553	526
cCREs430277	chr8	13687927	13688919	992
cCREs430568	chr8	14731683	14732934	1251
cCREs430629	chr8	14924162	14925137	975
cCREs430668	chr8	15019718	15020553	835
cCREs430673	chr8	15036463	15037278	815
cCREs431253	chr8	17682118	17682623	505
cCREs431399	chr8	18662746	18663620	874
cCREs431454	chr8	18797805	18798338	533
cCREs431467	chr8	18858213	18859140	927
cCREs431475	chr8	18902794	18903892	1098
cCREs431708	chr8	22777015	22777591	576
cCREs431737	chr8	22925634	22926574	940
cCREs432285	chr8	25194468	25195004	536
cCREs432369	chr8	25500425	25501000	575
cCREs432392	chr8	25593663	25594164	501
cCREs432723	chr8	26996022	26996544	522
cCREs432728	chr8	27021571	27022081	510
cCREs434419	chr8	35218233	35218776	543
cCREs434430	chr8	35252604	35253148	544
cCREs434458	chr8	35384828	35385637	809
cCREs434625	chr8	35934944	35935481	537
cCREs434845	chr8	36604164	36604688	524
cCREs434849	chr8	36610374	36611077	703
cCREs435045	chr8	37460416	37461160	744
cCREs435517	chr8	40464742	40465290	548
cCREs435618	chr8	40993062	40994543	1481
cCREs436001	chr8	43057467	43057997	530
cCREs436261	chr8	44966638	44967204	566
cCREs436554	chr8	46049173	46050296	1123
cCREs436888	chr8	47284375	47285125	750
cCREs439060	chr8	60534677	60535553	876
cCREs439920	chr8	65067729	65068814	1085
cCREs440959	chr8	70128362	70128889	527
cCREs441106	chr8	70663641	70664157	516
cCREs441133	chr8	70759178	70759701	523
cCREs441158	chr8	70832198	70832812	614
cCREs441159	chr8	70832826	70834280	1454
cCREs441232	chr8	71392823	71393330	507
cCREs441236	chr8	71406534	71407111	577
cCREs441252	chr8	71505850	71506442	592
cCREs441256	chr8	71527121	71528308	1187
cCREs441269	chr8	71572716	71573327	611
cCREs441423	chr8	72416105	72416958	853
cCREs442086	chr8	76347543	76348196	653
cCREs442111	chr8	76478928	76479448	520
cCREs442272	chr8	77278793	77279622	829
cCREs442296	chr8	77342137	77342683	546
cCREs442430	chr8	77787484	77788129	645
cCREs442527	chr8	78340794	78341618	824
cCREs442608	chr8	78703324	78703987	663
cCREs442630	chr8	78819075	78819576	501
cCREs442699	chr8	79127131	79128004	873
cCREs442796	chr8	79390024	79390550	526
cCREs442964	chr8	80324744	80325703	959
cCREs443063	chr8	80865164	80865883	719
cCREs443680	chr8	83759121	83759865	744
cCREs443713	chr8	83980738	83981297	559
cCREs443720	chr8	84020877	84021727	850
cCREs443907	chr8	84676430	84676970	540
cCREs443909	chr8	84684519	84685020	501
cCREs444482	chr8	87349616	87350149	533
cCREs444552	chr8	87687171	87687872	701
cCREs444569	chr8	87733384	87733894	510
cCREs444576	chr8	87747129	87748102	973
cCREs444618	chr8	87891844	87892443	599
cCREs444623	chr8	87908192	87908724	532
cCREs444629	chr8	87922344	87923391	1047
cCREs444650	chr8	88019103	88019708	605
cCREs444720	chr8	88409354	88409877	523
cCREs444877	chr8	89017637	89018394	757
cCREs445264	chr8	90959177	90959753	576
cCREs445349	chr8	91332828	91333416	588
cCREs445430	chr8	91576540	91577502	962
cCREs445437	chr8	91603685	91604193	508
cCREs445489	chr8	91875855	91876811	956
cCREs445490	chr8	91882157	91882726	569
cCREs445566	chr8	92331765	92332482	717
cCREs445838	chr8	93842435	93843033	598
cCREs445943	chr8	94140010	94140511	501
cCREs445946	chr8	94154325	94154959	634
cCREs446186	chr8	94992326	94993030	704
cCREs446233	chr8	95155315	95155834	519
cCREs446286	chr8	95396738	95397634	896
cCREs446383	chr8	95754801	95755360	559
cCREs447898	chr8	104033101	104033629	528
cCREs448040	chr8	104597654	104598182	528
cCREs448208	chr8	105573260	105573842	582
cCREs448560	chr8	107014817	107015817	1000
cCREs448730	chr8	107767179	107767709	530
cCREs449317	chr8	110660070	110660755	685
cCREs449633	chr8	111797439	111797981	542
cCREs449714	chr8	112128762	112129305	543
cCREs450602	chr8	116065145	116065790	645
cCREs450878	chr8	117353651	117354627	976
cCREs450898	chr8	117393744	117394263	519
cCREs451164	chr8	118452100	118452907	807
cCREs451290	chr8	118849427	118849967	540
cCREs451465	chr8	119427437	119428702	1265
cCREs451549	chr8	119665957	119666860	903
cCREs451595	chr8	119824018	119824583	565
cCREs451714	chr8	120204613	120205381	768
cCREs451759	chr8	120324449	120325088	639
cCREs451818	chr8	120471128	120471747	619
cCREs451828	chr8	120494737	120495790	1053
cCREs451872	chr8	120624695	120625204	509
cCREs451970	chr8	121171123	121171756	633
cCREs451973	chr8	121187330	121188144	814
cCREs452154	chr8	121857662	121858201	539
cCREs452166	chr8	121892657	121893346	689
cCREs452493	chr8	123097636	123098615	979
cCREs452564	chr8	123459498	123460227	729
cCREs452583	chr8	123655312	123655964	652
cCREs452698	chr8	124071414	124071932	518
cCREs452819	chr8	124436678	124437179	501
cCREs452918	chr8	124772286	124773120	834
cCREs453013	chr8	125173907	125174912	1005
cCREs453076	chr8	125369712	125370259	547
cCREs453177	chr8	125685214	125685738	524
cCREs453490	chr8	126756190	126756739	549
cCREs453538	chr8	126913037	126914287	1250
cCREs453731	chr8	127602899	127603468	569
cCREs454512	chr9	7902161	7902863	702
cCREs454530	chr9	7968580	7969133	553
cCREs455009	chr9	10797076	10797584	508
cCREs455232	chr9	13299842	13300369	527
cCREs455296	chr9	13555600	13556433	833
cCREs455349	chr9	13696767	13698365	1598
cCREs455563	chr9	14599668	14600297	629
cCREs455566	chr9	14608403	14609028	625
cCREs455721	chr9	15301164	15302019	855
cCREs456416	chr9	21315317	21315949	632
cCREs456521	chr9	21753894	21754461	567
cCREs457500	chr9	26524025	26524570	545
cCREs458530	chr9	29873376	29873896	520
cCREs458679	chr9	30468206	30468795	589
cCREs458767	chr9	30914148	30914650	502
cCREs458816	chr9	31119086	31119613	527
cCREs459004	chr9	32038631	32039169	538
cCREs459120	chr9	32443620	32444353	733
cCREs459123	chr9	32455443	32456542	1099
cCREs459126	chr9	32467420	32468006	586
cCREs459599	chr9	34735497	34736043	546
cCREs459636	chr9	34815765	34816290	525
cCREs460581	chr9	40817146	40818093	947
cCREs460694	chr9	41318894	41319595	701
cCREs460784	chr9	41610205	41610962	757
cCREs460849	chr9	41853506	41854253	747
cCREs460953	chr9	42196066	42196928	862
cCREs460994	chr9	42329719	42330230	511
cCREs461278	chr9	43268718	43269615	897
cCREs461429	chr9	43797004	43797826	822
cCREs461595	chr9	44486274	44486783	509
cCREs461678	chr9	44847339	44848268	929
cCREs461777	chr9	45317528	45318176	648
cCREs461983	chr9	45995795	45996312	517
cCREs462013	chr9	46086794	46087865	1071
cCREs462029	chr9	46129001	46129883	882
cCREs462061	chr9	46234799	46235309	510
cCREs462207	chr9	46824585	46825168	583
cCREs462249	chr9	47060674	47061257	583
cCREs462430	chr9	47744806	47745369	563
cCREs462934	chr9	49649049	49649596	547
cCREs462975	chr9	49737064	49737602	538
cCREs463020	chr9	49922034	49923271	1237
cCREs463084	chr9	50150019	50150606	587
cCREs463166	chr9	50522436	50523047	611
cCREs463830	chr9	53389093	53389613	520
cCREs464071	chr9	54655258	54655759	501
cCREs464445	chr9	56577107	56577770	663
cCREs464543	chr9	56864742	56865278	536
cCREs464551	chr9	56880658	56881240	582
cCREs464558	chr9	56893897	56894478	581
cCREs464567	chr9	56926994	56927764	770
cCREs464582	chr9	57017139	57018198	1059
cCREs464610	chr9	57257601	57258118	517
cCREs464701	chr9	57748027	57748569	542
cCREs465162	chr9	59660357	59660891	534
cCREs465283	chr9	60232219	60232770	551
cCREs465533	chr9	61214736	61215537	801
cCREs465542	chr9	61249923	61250451	528
cCREs465568	chr9	61351047	61351599	552
cCREs465648	chr9	61655275	61656175	900
cCREs465664	chr9	61722253	61723526	1273
cCREs465871	chr9	62495735	62496278	543
cCREs466131	chr9	63646928	63647429	501
cCREs466147	chr9	63687273	63688215	942
cCREs466151	chr9	63696673	63697189	516
cCREs466153	chr9	63701418	63702075	657
cCREs466159	chr9	63712795	63713500	705
cCREs466166	chr9	63726034	63727045	1011
cCREs466219	chr9	63896218	63896936	718
cCREs466260	chr9	64088910	64089510	600
cCREs466441	chr9	64934387	64934940	553
cCREs466446	chr9	64956200	64956847	647
cCREs466582	chr9	65576773	65577352	579
cCREs466839	chr9	66887402	66887992	590
cCREs466840	chr9	66888174	66888740	566
cCREs467134	chr9	68093655	68094926	1271
cCREs467217	chr9	68673707	68674456	749
cCREs467329	chr9	69021429	69021949	520
cCREs467379	chr9	69217753	69218344	591
cCREs467388	chr9	69242314	69243000	686
cCREs467486	chr9	69673052	69673553	501
cCREs467495	chr9	69754293	69754794	501
cCREs467496	chr9	69758445	69758946	501
cCREs467498	chr9	69762707	69763208	501
cCREs468184	chr9	72868678	72869248	570
cCREs468263	chr9	73178749	73179341	592
cCREs468772	chr9	75548904	75549454	550
cCREs469209	chr9	77708919	77709435	516
cCREs469561	chr9	79522976	79523504	528
cCREs469734	chr9	80202319	80202846	527
cCREs469771	chr9	80340824	80341434	610
cCREs470200	chr9	83097564	83098280	716
cCREs470970	chr9	86621994	86622581	587
cCREs471532	chr9	89924801	89925404	603
cCREs471918	chr9	92275422	92276716	1294
cCREs471951	chr9	92464790	92465326	536
cCREs472521	chr9	95071893	95073095	1202
cCREs472551	chr9	95150928	95151482	554
cCREs472966	chr9	96869957	96870481	524
cCREs473391	chr9	98429686	98430253	567
cCREs473636	chr9	99537112	99537646	534
cCREs473646	chr9	99623950	99624471	521
cCREs473656	chr9	99667557	99668107	550
cCREs474208	chr9	102449233	102449805	572
cCREs474276	chr9	102710445	102710983	538
cCREs474986	chr9	105482007	105482509	502
cCREs475225	chr9	106386045	106386905	860
cCREs475435	chr9	107401967	107402501	534
cCREs475437	chr9	107407154	107407742	588
cCREs475533	chr9	107685174	107685727	553
cCREs475666	chr9	108248897	108249448	551
cCREs475688	chr9	108388364	108388958	594
cCREs475715	chr9	108492002	108492836	834
cCREs475753	chr9	108693827	108694348	521
cCREs475832	chr9	109084885	109085397	512
cCREs475842	chr9	109103054	109103555	501
cCREs476023	chr9	110439879	110440513	634
cCREs476088	chr9	110736288	110736953	665
cCREs476117	chr9	110889571	110890334	763
cCREs476158	chr9	111063592	111064511	919
cCREs476206	chr9	111254530	111255292	762
cCREs477054	chr9	114904759	114905317	558
cCREs477697	chr9	117330609	117331147	538
cCREs478098	chr9	118973014	118973574	560
cCREs478106	chr9	118988686	118989234	548
cCREs478144	chr9	119089301	119089867	566
cCREs478852	chr9	121783634	121784324	690
cCREs478899	chr9	121968845	121970424	1579
cCREs479379	chr9	123832925	123833805	880
cCREs479456	chrX	5920665	5921210	545
cCREs479473	chrX	6201994	6203352	1358
cCREs479497	chrX	6453139	6453655	516
cCREs479593	chrX	7568989	7569577	588
cCREs479654	chrX	7894394	7894985	591
cCREs479966	chrX	11157726	11158262	536
cCREs480035	chrX	11532726	11533617	891
cCREs480049	chrX	11591318	11592242	924
cCREs480070	chrX	11713359	11714017	658
cCREs480102	chrX	11880917	11881617	700
cCREs480106	chrX	11898221	11898757	536
cCREs480162	chrX	12173891	12174789	898
cCREs480167	chrX	12240134	12241187	1053
cCREs480293	chrX	13206455	13207012	557
cCREs481249	chrX	36513141	36513685	544
cCREs482196	chrX	48022628	48023438	810
cCREs482249	chrX	48341041	48341588	547
cCREs482250	chrX	48341696	48342251	555
cCREs482267	chrX	48475052	48475567	515
cCREs482398	chrX	49800313	49800896	583
cCREs483302	chrX	60505275	60505821	546
cCREs483637	chrX	66461346	66462050	704
cCREs483653	chrX	66657885	66658402	517
cCREs484130	chrX	71649920	71650452	532
cCREs484276	chrX	73486788	73487402	614
cCREs484317	chrX	73756275	73757165	890
cCREs484345	chrX	73930328	73931135	807
cCREs485039	chrX	85112355	85112880	525
cCREs485533	chrX	93290089	93290608	519
cCREs485739	chrX	95197671	95198248	577
cCREs485813	chrX	96133182	96133769	587
cCREs485834	chrX	96456075	96456648	573
cCREs485998	chrX	99002955	99003508	553
cCREs486003	chrX	99020118	99020770	652
cCREs486534	chrX	102568347	102568881	534
cCREs486588	chrX	103511626	103512170	544
cCREs486831	chrX	105934294	105934955	661
cCREs487101	chrX	110811028	110811575	547
cCREs488112	chrX	134690847	134692007	1160
cCREs488338	chrX	136991125	136991680	555
cCREs488716	chrX	140505687	140506269	582
cCREs488717	chrX	140507509	140508033	524
cCREs488976	chrX	142769549	142770092	543
cCREs488978	chrX	142778559	142780138	1579
cCREs489518	chrX	150466284	150467044	760
cCREs489546	chrX	150980629	150981141	512
cCREs489690	chrX	152745554	152746416	862
cCREs489691	chrX	152762492	152763428	936
cCREs489711	chrX	153008937	153009517	580
cCREs489790	chrX	155172200	155172788	588
cCREs489794	chrX	155211573	155212360	787
cCREs490803	chrX	163190306	163190935	629
cCREs490925	chrX	164245607	164246227	620
cCREs1832	chr1	14198747	14199498	751
cCREs1861	chr1	14285257	14285785	528
cCREs2923	chr1	20823765	20824318	553
cCREs3448	chr1	22893051	22893747	696
cCREs3626	chr1	23764689	23765244	555
cCREs3702	chr1	24073267	24073809	542
cCREs3834	chr1	24602400	24602980	580
cCREs5585	chr1	34837869	34838740	871
cCREs5937	chr1	36379351	36380069	718
cCREs6564	chr1	38642119	38642762	643
cCREs7467	chr1	42441316	42442091	775
cCREs10844	chr1	59603853	59604415	562
cCREs11427	chr1	62411158	62411990	832
cCREs12314	chr1	66145669	66146204	535
cCREs13637	chr1	72382960	72383503	543
cCREs13810	chr1	73017696	73018535	839
cCREs15211	chr1	79188038	79188584	546
cCREs16899	chr1	86955524	86956217	693
cCREs16951	chr1	87182534	87183143	609
cCREs21419	chr1	113677305	113678183	878
cCREs22050	chr1	118643207	118644281	1074
cCREs23779	chr1	127176427	127177466	1039
cCREs23808	chr1	127260877	127261678	801
cCREs25385	chr1	133412847	133413376	529
cCREs25767	chr1	135017551	135018082	531
cCREs26222	chr1	136513113	136513734	621
cCREs26529	chr1	137902887	137903831	944
cCREs29112	chr1	152935365	152935957	592
cCREs31586	chr1	162608071	162608612	541
cCREs31655	chr1	162937901	162939403	1502
cCREs32288	chr1	165503162	165504157	995
cCREs32478	chr1	166281194	166282112	918
cCREs33526	chr1	170439326	170439969	643
cCREs35778	chr1	180344697	180345579	882
cCREs35886	chr1	180703345	180703883	538
cCREs38522	chr1	191863766	191864777	1011
cCREs39288	chr1	194558106	194558724	618
cCREs39704	chr10	4162833	4163453	620
cCREs40470	chr10	8053206	8053751	545
cCREs40937	chr10	9696420	9696968	548
cCREs42369	chr10	15705052	15706296	1244
cCREs44108	chr10	23901059	23901600	541
cCREs44234	chr10	24464312	24464844	532
cCREs44717	chr10	26232184	26232709	525
cCREs45663	chr10	31198149	31198703	554
cCREs47760	chr10	42578120	42578872	752
cCREs48085	chr10	43749555	43750222	667
cCREs48293	chr10	44810727	44811234	507
cCREs48295	chr10	44825405	44826221	816
cCREs48319	chr10	44990796	44991326	530
cCREs48327	chr10	45003207	45003728	521
cCREs49126	chr10	50875467	50876228	761
cCREs49295	chr10	52295808	52296347	539
cCREs50131	chr10	56792963	56793605	642
cCREs52747	chr10	68897454	68897989	535
cCREs53242	chr10	70481556	70482069	513
cCREs53635	chr10	72071142	72071771	629
cCREs53798	chr10	72999755	73000597	842
cCREs55005	chr10	78272853	78273905	1052
cCREs55856	chr10	83211004	83211609	605
cCREs55909	chr10	83584376	83584959	583
cCREs56044	chr10	84162405	84163148	743
cCREs56074	chr10	84301362	84302054	692
cCREs56173	chr10	84600067	84600618	551
cCREs56294	chr10	85044139	85044674	535
cCREs57793	chr10	91439954	91440548	594
cCREs57913	chr10	91983631	91984388	757
cCREs59879	chr10	99596109	99596660	551
cCREs61887	chr10	109569665	109570237	572
cCREs63485	chr10	116424460	116425450	990
cCREs63549	chr10	116699071	116700211	1140
cCREs66428	chr11	3161157	3161715	558
cCREs66474	chr11	3382814	3383368	554
cCREs66721	chr11	4434228	4435024	796
cCREs67068	chr11	5906088	5906653	565
cCREs67075	chr11	5942704	5943256	552
cCREs69868	chr11	21360473	21360985	512
cCREs70480	chr11	24307578	24308628	1050
cCREs71290	chr11	28948241	28948766	525
cCREs72054	chr11	32443877	32444716	839
cCREs72850	chr11	35561695	35562594	899
cCREs74542	chr11	43399285	43399821	536
cCREs76868	chr11	53526144	53526787	643
cCREs76990	chr11	54071620	54072172	552
cCREs78847	chr11	62463464	62464017	553
cCREs78979	chr11	63157010	63157664	654
cCREs79008	chr11	63299565	63300814	1249
cCREs79220	chr11	64383267	64383815	548
cCREs79304	chr11	64846532	64847209	677
cCREs81124	chr11	72437020	72437703	683
cCREs81270	chr11	73099926	73100431	505
cCREs81600	chr11	75461966	75463429	1463
cCREs82203	chr11	78137507	78138012	505
cCREs82237	chr11	78318379	78318898	519
cCREs83298	chr11	82662032	82662559	527
cCREs83607	chr11	84306246	84306803	557
cCREs84264	chr11	87847798	87848328	530
cCREs84646	chr11	89340184	89341148	964
cCREs85108	chr11	91327419	91327968	549
cCREs88345	chr11	107001690	107002221	531
cCREs89018	chr11	109360431	109361200	769
cCREs89134	chr11	109758745	109759260	515
cCREs90083	chr11	113950353	113950907	554
cCREs91839	chr11	120233358	120234083	725
cCREs92605	chr12	4996932	4997441	509
cCREs95527	chr12	21154596	21155529	933
cCREs96870	chr12	29626257	29626818	561
cCREs97029	chr12	30023422	30023935	513
cCREs97031	chr12	30027667	30028425	758
cCREs97971	chr12	34045851	34046370	519
cCREs98491	chr12	36209777	36210545	768
cCREs99541	chr12	41000623	41001172	549
cCREs99605	chr12	41312324	41312833	509
cCREs99995	chr12	43803755	43804285	530
cCREs100650	chr12	47219259	47220049	790
cCREs101033	chr12	50371490	50372094	604
cCREs102373	chr12	56658973	56659480	507
cCREs102732	chr12	58920768	58921658	890
cCREs104810	chr12	71569566	71570612	1046
cCREs106740	chr12	79915915	79916468	553
cCREs109284	chr12	90993253	90993780	527
cCREs109399	chr12	91609278	91609915	637
cCREs109432	chr12	91743985	91744564	579
cCREs109542	chr12	92186327	92187518	1191
cCREs109582	chr12	92353197	92353810	613
cCREs110332	chr12	97361737	97362311	574
cCREs111099	chr12	100196724	100197267	543
cCREs111615	chr12	102498609	102499190	581
cCREs111805	chr12	103164484	103165178	694
cCREs111994	chr12	104141980	104142855	875
cCREs112085	chr12	104676512	104677139	627
cCREs112119	chr12	104801771	104802784	1013
cCREs112548	chr12	106377188	106377692	504
cCREs113275	chr12	109545441	109546309	868
cCREs113994	chr12	112496094	112496617	523
cCREs114257	chr12	116193158	116193767	609
cCREs115102	chr13	3540036	3540602	566
cCREs117348	chr13	15692341	15692873	532
cCREs119812	chr13	28792438	28792966	528
cCREs119969	chr13	29367584	29368193	609
cCREs120737	chr13	32509100	32509996	896
cCREs121187	chr13	34916483	34917292	809
cCREs121372	chr13	35848581	35849196	615
cCREs121455	chr13	36134113	36134623	510
cCREs121575	chr13	36510224	36510754	530
cCREs121582	chr13	36530558	36531195	637
cCREs121989	chr13	38347660	38348172	512
cCREs122406	chr13	40901180	40901699	519
cCREs124310	chr13	47886547	47887156	609
cCREs124334	chr13	47998408	47999001	593
cCREs124367	chr13	48154624	48155146	522
cCREs124655	chr13	49367999	49368547	548
cCREs125790	chr13	54604992	54605970	978
cCREs127219	chr13	60364672	60365460	788
cCREs127583	chr13	63534975	63535546	571
cCREs128533	chr13	70742711	70743718	1007
cCREs130433	chr13	82226209	82226738	529
cCREs130885	chr13	84490825	84491412	587
cCREs131467	chr13	89542127	89542672	545
cCREs131521	chr13	89778320	89778913	593
cCREs132445	chr13	93657940	93658841	901
cCREs133400	chr13	97412128	97412650	522
cCREs133479	chr13	97617329	97618063	734
cCREs133868	chr13	99028882	99029625	743
cCREs134594	chr13	101967452	101968001	549
cCREs135099	chr13	104070659	104071657	998
cCREs136279	chr13	108998727	108999237	510
cCREs136849	chr13	110895772	110896536	764
cCREs138934	chr14	8304034	8304578	544
cCREs140340	chr14	14265560	14266125	565
cCREs141246	chr14	19807259	19807806	547
cCREs142177	chr14	23713648	23714284	636
cCREs142781	chr14	25708421	25709333	912
cCREs142862	chr14	26431907	26432856	949
cCREs143170	chr14	27815421	27815982	561
cCREs144244	chr14	32007573	32008386	813
cCREs144339	chr14	32443420	32443954	534
cCREs144690	chr14	33854125	33854665	540
cCREs146452	chr14	46489231	46489771	540
cCREs147011	chr14	48885906	48886462	556
cCREs147015	chr14	48901102	48901659	557
cCREs147659	chr14	54240020	54241013	993
cCREs148029	chr14	55963161	55963683	522
cCREs148410	chr14	58036067	58036648	581
cCREs148736	chr14	59762182	59762741	559
cCREs149061	chr14	61006937	61007492	555
cCREs149071	chr14	61040106	61040644	538
cCREs150268	chr14	65746711	65747506	795
cCREs150353	chr14	66110820	66111977	1157
cCREs150358	chr14	66124856	66125382	526
cCREs150410	chr14	66310319	66310832	513
cCREs151443	chr14	71033510	71034083	573
cCREs152662	chr14	76290413	76291016	603
cCREs153841	chr14	80284624	80285170	546
cCREs154619	chr14	86421841	86422366	525
cCREs154770	chr14	86951064	86951589	525
cCREs158405	chr14	109288797	109289745	948
cCREs159863	chr14	118231469	118232373	904
cCREs160320	chr14	120103323	120103858	535
cCREs160529	chr14	120803616	120804163	547
cCREs160729	chr14	121351541	121352216	675
cCREs161059	chr14	122489120	122489631	511
cCREs162464	chr15	8733324	8734482	1158
cCREs162939	chr15	11198198	11199164	966
cCREs163996	chr15	17049158	17049713	555
cCREs167012	chr15	32780143	32780661	518
cCREs167480	chr15	35638241	35638760	519
cCREs167753	chr15	36831656	36832479	823
cCREs168082	chr15	38060616	38061140	524
cCREs168650	chr15	40729915	40730717	802
cCREs170176	chr15	50859970	50860808	838
cCREs170311	chr15	51522571	51523103	532
cCREs171048	chr15	54917123	54917641	518
cCREs171118	chr15	55163858	55164391	533
cCREs171119	chr15	55166083	55166726	643
cCREs172389	chr15	60821965	60822496	531
cCREs172676	chr15	62161892	62162916	1024
cCREs173043	chr15	64055074	64055580	506
cCREs173305	chr15	64830291	64830834	543
cCREs175360	chr15	73846062	73846636	574
cCREs176525	chr15	78830917	78831429	512
cCREs176600	chr15	79101452	79102020	568
cCREs176624	chr15	79208993	79209533	540
cCREs176788	chr15	79826496	79827011	515
cCREs177295	chr15	81928231	81928749	518
cCREs177968	chr15	84685217	84685939	722
cCREs178248	chr15	85808394	85808929	535
cCREs178268	chr15	85918984	85920059	1075
cCREs178387	chr15	86294398	86294975	577
cCREs180973	chr15	97259149	97259890	741
cCREs181003	chr15	97360634	97361415	781
cCREs181153	chr15	98012788	98013317	529
cCREs182106	chr15	102249307	102249858	551
cCREs185121	chr16	16900024	16901030	1006
cCREs185450	chr16	18379369	18380072	703
cCREs185765	chr16	20705078	20705587	509
cCREs186249	chr16	23039275	23039995	720
cCREs186369	chr16	23596659	23597185	526
cCREs187190	chr16	27390892	27391397	505
cCREs188959	chr16	34818321	34818939	618
cCREs192080	chr16	49262952	49263461	509
cCREs192878	chr16	52849698	52850216	518
cCREs192928	chr16	53156249	53156776	527
cCREs195484	chr16	69285534	69286129	595
cCREs196040	chr16	72610466	72611122	656
cCREs196405	chr16	74276815	74277551	736
cCREs197241	chr16	78164648	78165187	539
cCREs197315	chr16	78451255	78451814	559
cCREs197916	chr16	82572674	82573403	729
cCREs198766	chr16	87305552	87306099	547
cCREs200172	chr16	93046066	93046682	616
cCREs200488	chr16	94502304	94502984	680
cCREs200676	chr16	95239496	95240079	583
cCREs202190	chr17	6885165	6885691	526
cCREs202440	chr17	8447583	8448136	553
cCREs202848	chr17	10176990	10177554	564
cCREs202966	chr17	10627709	10628212	503
cCREs203332	chr17	12134852	12135434	582
cCREs203473	chr17	12722552	12723181	629
cCREs203596	chr17	13695787	13696339	552
cCREs204161	chr17	17667796	17668544	748
cCREs204302	chr17	23734204	23734813	609
cCREs204645	chr17	25567166	25567734	568
cCREs205248	chr17	28031868	28032560	692
cCREs205688	chr17	29880201	29880754	553
cCREs206094	chr17	31504872	31505473	601
cCREs206296	chr17	32383672	32384252	580
cCREs206595	chr17	34964295	34965474	1179
cCREs206898	chr17	37080068	37080596	528
cCREs206954	chr17	40274833	40275980	1147
cCREs207105	chr17	42286209	42286711	502
cCREs207228	chr17	42873036	42873586	550
cCREs207380	chr17	43572214	43572863	649
cCREs207883	chr17	45765843	45766361	518
cCREs207890	chr17	45791959	45792794	835
cCREs207901	chr17	45824868	45825559	691
cCREs208187	chr17	47205892	47206776	884
cCREs208632	chr17	49205019	49205567	548
cCREs208927	chr17	50328164	50328786	622
cCREs209340	chr17	52610233	52610767	534
cCREs210271	chr17	59088594	59089413	819
cCREs210644	chr17	62628433	62628954	521
cCREs211416	chr17	65674528	65675346	818
cCREs211431	chr17	65724169	65724821	652
cCREs211698	chr17	66706940	66707991	1051
cCREs211799	chr17	67070587	67071097	510
cCREs212883	chr17	71678778	71679291	513
cCREs213182	chr17	72911221	72912474	1253
cCREs213257	chr17	73164787	73165741	954
cCREs213735	chr17	75293599	75294197	598
cCREs214093	chr17	78007920	78008456	536
cCREs214232	chr17	78496705	78497243	538
cCREs215276	chr17	83101689	83102492	803
cCREs215778	chr17	84936091	84936882	791
cCREs216234	chr17	86766966	86767537	571
cCREs217956	chr18	5373816	5374347	531
cCREs218480	chr18	8486890	8487468	578
cCREs218924	chr18	10957537	10958096	559
cCREs221350	chr18	23448110	23448619	509
cCREs221524	chr18	24044649	24045216	567
cCREs224060	chr18	35469954	35471012	1058
cCREs224194	chr18	36016272	36016901	629
cCREs224664	chr18	38541753	38543086	1333
cCREs224743	chr18	38846786	38847605	819
cCREs226773	chr18	47347671	47348569	898
cCREs227995	chr18	53491427	53492058	631
cCREs228378	chr18	54976549	54977149	600
cCREs229091	chr18	57646441	57647002	561
cCREs229794	chr18	60905275	60906005	730
cCREs230931	chr18	65117829	65118349	520
cCREs232133	chr18	69629599	69630157	558
cCREs233512	chr18	75634184	75634895	711
cCREs233705	chr18	76393119	76393656	537
cCREs234353	chr18	79101305	79101862	557
cCREs235224	chr18	82971742	82972404	662
cCREs237516	chr19	8980915	8981434	519
cCREs239990	chr19	23170382	23170976	594
cCREs240532	chr19	25164159	25164694	535
cCREs242284	chr19	32906732	32907285	553
cCREs244821	chr19	46399845	46400348	503
cCREs245492	chr19	48890768	48891630	862
cCREs246678	chr19	55124928	55125441	513
cCREs247185	chr19	57109562	57110083	521
cCREs247528	chr19	58265696	58266218	522
cCREs247823	chr19	59406388	59407205	817
cCREs249010	chr2	6573476	6574120	644
cCREs252573	chr2	25196394	25197624	1230
cCREs252727	chr2	25966807	25967356	549
cCREs252856	chr2	26515319	26515924	605
cCREs253893	chr2	30823238	30823811	573
cCREs253899	chr2	30845031	30845933	902
cCREs254270	chr2	32219998	32220911	913
cCREs254904	chr2	34504049	34504887	838
cCREs255068	chr2	35277574	35278124	550
cCREs255471	chr2	37777002	37777517	515
cCREs255550	chr2	38062069	38062623	554
cCREs255557	chr2	38097089	38098069	980
cCREs255611	chr2	38359690	38360334	644
cCREs255645	chr2	38485765	38487105	1340
cCREs256878	chr2	45247752	45248289	537
cCREs257753	chr2	50093293	50093830	537
cCREs257754	chr2	50095208	50095793	585
cCREs257961	chr2	50967031	50967540	509
cCREs259136	chr2	57258828	57260151	1323
cCREs259419	chr2	58487067	58487612	545
cCREs259521	chr2	58787322	58787835	513
cCREs259754	chr2	59599688	59600608	920
cCREs260159	chr2	61129174	61129888	714
cCREs260944	chr2	65007251	65007968	717
cCREs261518	chr2	67692151	67692666	515
cCREs261582	chr2	67949345	67949918	573
cCREs262436	chr2	71256359	71257077	718
cCREs266301	chr2	92011589	92012110	521
cCREs266773	chr2	93567606	93568195	589
cCREs268038	chr2	101818804	101819743	939
cCREs268179	chr2	102172372	102172891	519
cCREs269904	chr2	109853999	109854533	534
cCREs269918	chr2	109921537	109922129	592
cCREs271656	chr2	118181967	118182617	650
cCREs274517	chr2	131269439	131270071	632
cCREs275177	chr2	133939978	133940671	693
cCREs278188	chr2	146195839	146196606	767
cCREs279638	chr2	153515512	153516054	542
cCREs279680	chr2	153724763	153725520	757
cCREs279860	chr2	154672583	154673152	569
cCREs280476	chr2	157320862	157321409	547
cCREs280595	chr2	157692274	157692796	522
cCREs280769	chr2	158222542	158223151	609
cCREs280948	chr2	158857041	158857585	544
cCREs281072	chr2	159565178	159565721	543
cCREs281612	chr2	162136105	162136627	522
cCREs282563	chr2	165881696	165882455	759
cCREs283607	chr2	169841361	169841876	515
cCREs283689	chr2	170176213	170176742	529
cCREs284247	chr2	172909378	172910515	1137
cCREs284370	chr2	173377610	173378481	871
cCREs284808	chr2	178241306	178241863	557
cCREs288369	chr3	21995181	21995931	750
cCREs289557	chr3	28290845	28291359	514
cCREs291243	chr3	35485575	35486113	538
cCREs291673	chr3	37729023	37729663	640
cCREs292234	chr3	40206177	40207146	969
cCREs292504	chr3	41491180	41491694	514
cCREs293974	chr3	51348467	51349259	792
cCREs295256	chr3	55734546	55735089	543
cCREs297336	chr3	66193821	66194755	934
cCREs297957	chr3	69198028	69198812	784
cCREs300739	chr3	84302192	84302732	540
cCREs300845	chr3	84647400	84648150	750
cCREs301605	chr3	87775995	87776549	554
cCREs301932	chr3	89238542	89239641	1099
cCREs301988	chr3	89434498	89435515	1017
cCREs302028	chr3	89590328	89590889	561
cCREs302232	chr3	90580052	90580590	538
cCREs304762	chr3	104410015	104411092	1077
cCREs304995	chr3	105372277	105372835	558
cCREs305004	chr3	105405174	105405703	529
cCREs306018	chr3	109542725	109543269	544
cCREs307100	chr3	116804708	116805235	527
cCREs308088	chr3	121435150	121436099	949
cCREs308177	chr3	121671960	121672899	939
cCREs308548	chr3	123013466	123013984	518
cCREs309570	chr3	127716685	127717236	551
cCREs310435	chr3	131676536	131677388	852
cCREs311201	chr3	135692975	135693490	515
cCREs311434	chr3	136763636	136764537	901
cCREs311537	chr3	137058716	137059538	822
cCREs311821	chr3	138156100	138156912	812
cCREs312711	chr3	142138757	142139629	872
cCREs312737	chr3	142248825	142249891	1066
cCREs313094	chr3	143693973	143694568	595
cCREs313235	chr3	144190838	144191517	679
cCREs313884	chr3	146652936	146654045	1109
cCREs315531	chr3	153702089	153702839	750
cCREs315646	chr3	154093325	154093852	527
cCREs317160	chr4	4803003	4803557	554
cCREs318418	chr4	11192065	11192611	546
cCREs318576	chr4	11947923	11948455	532
cCREs318655	chr4	12360358	12360930	572
cCREs319405	chr4	15937851	15938532	681
cCREs321938	chr4	32409034	32409915	881
cCREs322212	chr4	33564734	33565423	689
cCREs323624	chr4	41589609	41590190	581
cCREs323881	chr4	43584142	43584999	857
cCREs324019	chr4	44296669	44297190	521
cCREs325059	chr4	48552263	48552792	529
cCREs325094	chr4	48627838	48628450	612
cCREs325672	chr4	52213319	52213861	542
cCREs326588	chr4	55962520	55963063	543
cCREs328601	chr4	66312608	66313344	736
cCREs328633	chr4	66404998	66405529	531
cCREs331147	chr4	82395927	82396448	521
cCREs332138	chr4	86776928	86777481	553
cCREs334031	chr4	97754209	97754742	533
cCREs334528	chr4	99772378	99773550	1172
cCREs335738	chr4	104491985	104492531	546
cCREs336511	chr4	107562051	107562624	573
cCREs336584	chr4	107779931	107780715	784
cCREs336587	chr4	107788697	107789368	671
cCREs336656	chr4	107990623	107991257	634
cCREs336660	chr4	107998796	107999454	658
cCREs336731	chr4	108431069	108431617	548
cCREs337518	chr4	114784500	114785218	718
cCREs337551	chr4	114944981	114945503	522
cCREs337764	chr4	116659447	116659996	549
cCREs338330	chr4	119559574	119560089	515
cCREs338408	chr4	119862576	119863094	518
cCREs338795	chr4	122923811	122924467	656
cCREs339028	chr4	124016266	124017019	753
cCREs339462	chr4	125705719	125706263	544
cCREs340718	chr4	131083371	131083915	544
cCREs340750	chr4	131206719	131207272	553
cCREs340968	chr4	132034202	132034745	543
cCREs341260	chr4	133333177	133333978	801
cCREs341291	chr4	133469058	133469597	539
cCREs342096	chr4	137158142	137158786	644
cCREs342745	chr4	139483754	139484280	526
cCREs343385	chr4	142053213	142054076	863
cCREs343471	chr4	142331382	142332009	627
cCREs344107	chr4	148816477	148817032	555
cCREs344277	chr4	149495918	149496440	522
cCREs344359	chr4	149772320	149772835	515
cCREs345569	chr4	154461696	154462593	897
cCREs345632	chr4	154693502	154694077	575
cCREs345837	chr4	155487733	155488718	985
cCREs348169	chr5	17296346	17297171	825
cCREs349614	chr5	23989888	23990410	522
cCREs349840	chr5	24896274	24896824	550
cCREs351933	chr5	35486558	35487333	775
cCREs352664	chr5	37904629	37905140	511
cCREs352669	chr5	37940023	37940731	708
cCREs356105	chr5	53376704	53377363	659
cCREs356287	chr5	54035180	54035802	622
cCREs356633	chr5	56263895	56264475	580
cCREs357810	chr5	64428640	64429265	625
cCREs358213	chr5	66100244	66100787	543
cCREs359216	chr5	71109910	71110738	828
cCREs360753	chr5	77158081	77158617	536
cCREs360878	chr5	77639396	77639918	522
cCREs363379	chr5	92812817	92813393	576
cCREs365307	chr5	103908580	103909330	750
cCREs366103	chr5	108079275	108080117	842
cCREs366334	chr5	110628068	110628670	602
cCREs366604	chr5	111659148	111659654	506
cCREs366970	chr5	112951826	112953171	1345
cCREs367348	chr5	114305833	114306437	604
cCREs368598	chr5	119656826	119657366	540
cCREs369946	chr5	125252113	125253106	993
cCREs370512	chr5	127607186	127607991	805
cCREs371550	chr5	131828518	131829648	1130
cCREs371554	chr5	131850572	131851572	1000
cCREs372120	chr5	134540805	134541376	571
cCREs373804	chr5	142604291	142604805	514
cCREs375172	chr5	149512648	149513192	544
cCREs375385	chr5	150264664	150265182	518
cCREs375617	chr5	151191373	151191894	521
cCREs375630	chr5	151218482	151219292	810
cCREs375885	chr6	4506108	4506643	535
cCREs376077	chr6	5358868	5359662	794
cCREs377889	chr6	15829745	15830307	562
cCREs378420	chr6	18421391	18421915	524
cCREs381065	chr6	31620918	31621542	624
cCREs381939	chr6	34896189	34897028	839
cCREs382019	chr6	35292572	35293093	521
cCREs382045	chr6	35362407	35363096	689
cCREs385614	chr6	52417388	52417946	558
cCREs386004	chr6	53907106	53908169	1063
cCREs386466	chr6	55381916	55382840	924
cCREs387938	chr6	64547298	64547872	574
cCREs389156	chr6	72448479	72449058	579
cCREs389675	chr6	75798205	75798798	593
cCREs390847	chr6	82056591	82057147	556
cCREs391399	chr6	84577851	84578381	530
cCREs391656	chr6	85838200	85838703	503
cCREs392363	chr6	88638838	88639386	548
cCREs392809	chr6	90624122	90625007	885
cCREs393134	chr6	91655390	91655937	547
cCREs394027	chr6	94898910	94899515	605
cCREs394491	chr6	97144335	97144931	596
cCREs394535	chr6	97342236	97343022	786
cCREs395415	chr6	100323588	100324520	932
cCREs395663	chr6	101250550	101251615	1065
cCREs398378	chr6	113625020	113625595	575
cCREs398446	chr6	113855472	113856299	827
cCREs398700	chr6	114734984	114735572	588
cCREs399229	chr6	116762168	116762919	751
cCREs399616	chr6	118477793	118478447	654
cCREs400107	chr6	120343746	120344493	747
cCREs400168	chr6	120716366	120717090	724
cCREs401115	chr6	126377150	126377671	521
cCREs401722	chr6	128592197	128592728	531
cCREs402580	chr6	135862023	135862636	613
cCREs404088	chr6	141847872	141848528	656
cCREs404247	chr6	142780200	142781106	906
cCREs405285	chr6	146725890	146726397	507
cCREs406563	chr7	16667927	16668443	516
cCREs406899	chr7	19694691	19695446	755
cCREs407088	chr7	24954247	24954909	662
cCREs407154	chr7	25246342	25247185	843
cCREs407179	chr7	25381202	25381732	530
cCREs407695	chr7	29397321	29398085	764
cCREs408413	chr7	36150775	36151500	725
cCREs409311	chr7	44866147	44866763	616
cCREs411098	chr7	56204514	56205327	813
cCREs411288	chr7	57214031	57214615	584
cCREs412300	chr7	65228575	65229105	530
cCREs412391	chr7	65532331	65533175	844
cCREs412439	chr7	65780726	65781349	623
cCREs412441	chr7	65786876	65787453	577
cCREs412461	chr7	65913080	65913669	589
cCREs415691	chr7	80873023	80873816	793
cCREs415935	chr7	82053354	82053870	516
cCREs416992	chr7	89669362	89669947	585
cCREs417022	chr7	89766492	89767106	614
cCREs417074	chr7	90040532	90041382	850
cCREs418093	chr7	95733709	95734251	542
cCREs418719	chr7	98307855	98308671	816
cCREs419020	chr7	99385980	99386501	521
cCREs419043	chr7	99434538	99435408	870
cCREs420379	chr7	109600262	109601338	1076
cCREs421646	chr7	114986395	114986940	545
cCREs421778	chr7	115596395	115597018	623
cCREs421953	chr7	116394337	116394869	532
cCREs422843	chr7	120404891	120405439	548
cCREs423472	chr7	123085832	123086708	876
cCREs423881	chr7	125070227	125070974	747
cCREs424345	chr7	127238401	127238930	529
cCREs424496	chr7	128239988	128240521	533
cCREs425049	chr7	130862384	130862905	521
cCREs425277	chr7	132091490	132092048	558
cCREs426343	chr7	136530043	136530680	637
cCREs427132	chr7	140086801	140087586	785
cCREs427236	chr7	140901965	140902539	574
cCREs427572	chr7	142629593	142630365	772
cCREs427635	chr7	143041912	143042668	756
cCREs428160	chr8	3215359	3216160	801
cCREs429438	chr8	10635143	10635677	534
cCREs430019	chr8	12754055	12754567	512
cCREs430669	chr8	15023200	15023734	534
cCREs431397	chr8	18648377	18649638	1261
cCREs431468	chr8	18862348	18862872	524
cCREs431852	chr8	23424712	23425894	1182
cCREs431860	chr8	23453984	23454555	571
cCREs432802	chr8	27335690	27336531	841
cCREs434522	chr8	35595524	35596406	882
cCREs435094	chr8	37898314	37899418	1104
cCREs435597	chr8	40908782	40909292	510
cCREs437227	chr8	48552240	48552779	539
cCREs437677	chr8	50810897	50811436	539
cCREs437990	chr8	53938310	53938858	548
cCREs438424	chr8	56625367	56625909	542
cCREs438495	chr8	57345353	57345909	556
cCREs439410	chr8	62003481	62004191	710
cCREs440772	chr8	68975672	68976280	608
cCREs441220	chr8	71322853	71323392	539
cCREs441467	chr8	72660573	72661391	818
cCREs442710	chr8	79147295	79147874	579
cCREs443076	chr8	80916425	80917271	846
cCREs444180	chr8	86172068	86172825	757
cCREs444608	chr8	87852612	87853133	521
cCREs444742	chr8	88512136	88512994	858
cCREs446062	chr8	94548969	94550549	1580
cCREs448094	chr8	105155265	105156044	779
cCREs448734	chr8	107789601	107790121	520
cCREs448876	chr8	108672015	108672547	532
cCREs449704	chr8	112092766	112093281	515
cCREs450807	chr8	117109727	117110512	785
cCREs450850	chr8	117290444	117291078	634
cCREs451289	chr8	118847889	118848457	568
cCREs451761	chr8	120328141	120328651	510
cCREs453077	chr8	125370291	125370827	536
cCREs453241	chr8	125920051	125921083	1032
cCREs453354	chr8	126308776	126309539	763
cCREs454140	chr9	4453926	4454470	544
cCREs454534	chr9	7983546	7984163	617
cCREs455749	chr9	15439223	15439776	553
cCREs456938	chr9	23553714	23554253	539
cCREs458447	chr9	29645797	29646414	617
cCREs460199	chr9	37762478	37763003	525
cCREs460660	chr9	41152778	41153382	604
cCREs461277	chr9	43265142	43265672	530
cCREs462338	chr9	47499671	47500224	553
cCREs463157	chr9	50496531	50497258	727
cCREs464904	chr9	58410293	58410827	534
cCREs465284	chr9	60234201	60234740	539
cCREs465880	chr9	62511385	62511888	503
cCREs467354	chr9	69118351	69118930	579
cCREs467396	chr9	69274744	69275428	684
cCREs468527	chr9	74556106	74556805	699
cCREs468721	chr9	75404741	75405258	517
cCREs468842	chr9	75845960	75846842	882
cCREs470828	chr9	86090520	86091364	844
cCREs471382	chr9	89218111	89218701	590
cCREs474113	chr9	102111400	102111920	520
cCREs474405	chr9	103225402	103225931	529
cCREs477181	chr9	115288736	115289274	538
cCREs478733	chr9	121369469	121370019	550
cCREs479878	chrX	10459375	10460336	961
cCREs479908	chrX	10583225	10583818	593
cCREs480602	chrX	16954541	16955125	584
cCREs482332	chrX	49100223	49101044	821
cCREs483754	chrX	68495701	68496221	520
cCREs484135	chrX	71741896	71742416	520
cCREs485126	chrX	85782289	85782878	589
cCREs486156	chrX	99612106	99612659	553
cCREs486416	chrX	101889331	101890323	992
cCREs486497	chrX	102319538	102320151	613
cCREs487812	chrX	131406632	131407187	555
cCREs488651	chrX	140154638	140155171	533
cCREs490821	chrX	163421059	163421576	517
cCREs490844	chrX	163661174	163662060	886
cCREs490923	chrX	164233302	164233900	598
cCREs1509	chr1	12733997	12735269	1272
cCREs1783	chr1	14001334	14002148	814
cCREs1799	chr1	14098394	14098925	531
cCREs1893	chr1	14464212	14465598	1386
cCREs3470	chr1	22987511	22988026	515
cCREs3625	chr1	23763668	23764185	517
cCREs5976	chr1	36539113	36539712	599
cCREs6456	chr1	38347728	38348285	557
cCREs10828	chr1	59541559	59542159	600
cCREs12734	chr1	67967665	67968218	553
cCREs13808	chr1	73005815	73006580	765
cCREs13960	chr1	73591170	73592141	971
cCREs14664	chr1	76535336	76536056	720
cCREs15829	chr1	81812332	81812862	530
cCREs17418	chr1	89103984	89104850	866
cCREs20530	chr1	106257017	106257822	805
cCREs21282	chr1	112389654	112390214	560
cCREs22514	chr1	120814448	120814962	514
cCREs24031	chr1	127961766	127962286	520
cCREs24778	chr1	131345353	131346571	1218
cCREs24820	chr1	131489226	131489759	533
cCREs24873	chr1	131730625	131731148	523
cCREs25887	chr1	135481500	135482074	574
cCREs29400	chr1	153911498	153912426	928
cCREs30848	chr1	159656810	159657376	566
cCREs31960	chr1	164353252	164353920	668
cCREs32083	chr1	164762226	164762767	541
cCREs32357	chr1	165726948	165727504	556
cCREs32754	chr1	167422457	167423282	825
cCREs33835	chr1	171561096	171562008	912
cCREs35843	chr1	180503388	180503961	573
cCREs36635	chr1	183792172	183792962	790
cCREs39778	chr10	4482150	4482945	795
cCREs41621	chr10	12578940	12579568	628
cCREs42668	chr10	17556321	17557054	733
cCREs43710	chr10	21724235	21724834	599
cCREs44261	chr10	24573400	24574195	795
cCREs45009	chr10	27571929	27572580	651
cCREs45576	chr10	30731460	30731997	537
cCREs46173	chr10	34299288	34299806	518
cCREs47773	chr10	42632039	42632583	544
cCREs47830	chr10	42914482	42915027	545
cCREs48320	chr10	44991458	44992004	546
cCREs48999	chr10	49789503	49790189	686
cCREs49363	chr10	52747967	52748740	773
cCREs50147	chr10	56850716	56851230	514
cCREs50466	chr10	58836349	58836865	516
cCREs50903	chr10	60261514	60262058	544
cCREs51404	chr10	62374852	62375636	784
cCREs53440	chr10	71192705	71193771	1066
cCREs54797	chr10	77375944	77376490	546
cCREs55018	chr10	78304892	78305581	689
cCREs56235	chr10	84822713	84823378	665
cCREs56497	chr10	86032071	86033513	1442
cCREs58228	chr10	93331485	93332053	568
cCREs58392	chr10	94059173	94060019	846
cCREs58883	chr10	95623067	95623640	573
cCREs62995	chr10	114483548	114484452	904
cCREs63336	chr10	115830532	115831135	603
cCREs63636	chr10	117018187	117018730	543
cCREs64832	chr10	121995301	121995877	576
cCREs64840	chr10	122018315	122019132	817
cCREs65901	chr10	127103041	127104097	1056
cCREs65926	chr10	127189657	127190591	934
cCREs66448	chr11	3291944	3292564	620
cCREs66558	chr11	3721969	3722522	553
cCREs66902	chr11	5149886	5150464	578
cCREs66919	chr11	5191772	5192770	998
cCREs67054	chr11	5862565	5863239	674
cCREs74721	chr11	44066080	44066592	512
cCREs76228	chr11	50634817	50635401	584
cCREs76352	chr11	51338386	51339110	724
cCREs76975	chr11	54006864	54007406	542
cCREs79261	chr11	64597222	64597946	724
cCREs79966	chr11	67484891	67485442	551
cCREs82045	chr11	77416563	77417081	518
cCREs84376	chr11	88365847	88366744	897
cCREs85838	chr11	95219121	95219689	568
cCREs86196	chr11	97141988	97142691	703
cCREs86254	chr11	97424033	97424569	536
cCREs86662	chr11	99081992	99082581	589
cCREs86673	chr11	99112926	99113949	1023
cCREs86674	chr11	99119133	99119903	770
cCREs86922	chr11	100552708	100553293	585
cCREs87451	chr11	102885991	102886492	501
cCREs88385	chr11	107190307	107190809	502
cCREs88973	chr11	109226885	109227653	768
cCREs89368	chr11	110985957	110986632	675
cCREs89783	chr11	113060191	113060718	527
cCREs89852	chr11	113291992	113292861	869
cCREs89853	chr11	113294522	113295085	563
cCREs90307	chr11	114740381	114740926	545
cCREs90604	chr11	115952014	115952526	512
cCREs91032	chr11	117557335	117558540	1205
cCREs91138	chr11	117923285	117923840	555
cCREs91299	chr11	118451152	118451671	519
cCREs91549	chr11	119222093	119222680	587
cCREs92493	chr12	4448942	4449520	578
cCREs92858	chr12	5806175	5807084	909
cCREs93547	chr12	9228415	9228955	540
cCREs95836	chr12	25163502	25164056	554
cCREs97781	chr12	33086070	33086690	620
cCREs100099	chr12	44300739	44301300	561
cCREs102343	chr12	56472751	56473734	983
cCREs103548	chr12	65268255	65269045	790
cCREs104749	chr12	71398530	71399159	629
cCREs104951	chr12	71998588	71999188	600
cCREs105952	chr12	76434212	76434721	509
cCREs106515	chr12	79016019	79016890	871
cCREs106728	chr12	79890728	79891469	741
cCREs106773	chr12	80001573	80003245	1672
cCREs109502	chr12	91992478	91993168	690
cCREs111689	chr12	102690997	102691675	678
cCREs112961	chr12	108171022	108171797	775
cCREs113342	chr12	109870911	109871440	529
cCREs113408	chr12	110187296	110187863	567
cCREs114104	chr12	112869407	112870374	967
cCREs114147	chr12	113012791	113013398	607
cCREs114985	chr12	119243035	119243543	508
cCREs115400	chr13	5591736	5592238	502
cCREs115454	chr13	5803337	5804130	793
cCREs117094	chr13	14032629	14033155	526
cCREs120029	chr13	29579392	29580500	1108
cCREs120757	chr13	32634289	32634865	576
cCREs121409	chr13	35997513	35998029	516
cCREs121994	chr13	38354875	38355407	532
cCREs122516	chr13	41345138	41346291	1153
cCREs123328	chr13	44206143	44206671	528
cCREs124363	chr13	48131636	48132178	542
cCREs125496	chr13	53662816	53663744	928
cCREs127608	chr13	63643295	63643858	563
cCREs128124	chr13	69239236	69240006	770
cCREs131843	chr13	91374075	91374579	504
cCREs134608	chr13	102037182	102037692	510
cCREs137093	chr13	112014772	112015679	907
cCREs138237	chr13	117234699	117235273	574
cCREs140063	chr14	12816423	12816968	545
cCREs140950	chr14	17815773	17816625	852
cCREs141539	chr14	20968260	20969516	1256
cCREs141633	chr14	21402992	21403690	698
cCREs141683	chr14	21584650	21585287	637
cCREs143756	chr14	30018311	30018935	624
cCREs143757	chr14	30019279	30019832	553
cCREs144049	chr14	31170019	31170643	624
cCREs144178	chr14	31694663	31695224	561
cCREs144838	chr14	34553944	34554548	604
cCREs145525	chr14	38424229	38424745	516
cCREs146025	chr14	41160705	41161341	636
cCREs147717	chr14	54572685	54573338	653
cCREs148937	chr14	60607610	60608189	579
cCREs149559	chr14	63440663	63441204	541
cCREs152641	chr14	76189823	76190615	792
cCREs152830	chr14	76798561	76799446	885
cCREs159962	chr14	118691942	118692930	988
cCREs161023	chr14	122365648	122366239	591
cCREs161058	chr14	122484914	122485695	781
cCREs161098	chr14	122719841	122720379	538
cCREs162472	chr15	8761581	8762443	862
cCREs167271	chr15	34425068	34425595	527
cCREs167789	chr15	36942242	36942759	517
cCREs170126	chr15	50695440	50696082	642
cCREs171467	chr15	57143778	57144513	735
cCREs171655	chr15	57965363	57966426	1063
cCREs172102	chr15	59523938	59524514	576
cCREs172723	chr15	62302094	62302684	590
cCREs174124	chr15	68203162	68204057	895
cCREs174345	chr15	68999580	69000118	538
cCREs175155	chr15	73122342	73123125	783
cCREs175971	chr15	76654700	76655207	507
cCREs176410	chr15	78403825	78404375	550
cCREs177401	chr15	82288667	82289270	603
cCREs178266	chr15	85905164	85906039	875
cCREs178992	chr15	88851042	88851558	516
cCREs179060	chr15	89178856	89179613	757
cCREs180825	chr15	96594548	96595118	570
cCREs182147	chr15	102493839	102494731	892
cCREs182634	chr16	4788092	4788603	511
cCREs182705	chr16	5130661	5131310	649
cCREs183460	chr16	8234312	8235093	781
cCREs183544	chr16	8658643	8659181	538
cCREs184227	chr16	11476902	11477476	574
cCREs184879	chr16	14374544	14375119	575
cCREs184919	chr16	14893773	14894331	558
cCREs184959	chr16	15259395	15260534	1139
cCREs185451	chr16	18380407	18381038	631
cCREs186567	chr16	24449653	24450386	733
cCREs187804	chr16	30028015	30028797	782
cCREs187811	chr16	30056815	30057399	584
cCREs187824	chr16	30105336	30105870	534
cCREs188213	chr16	31603022	31603761	739
cCREs189798	chr16	38468770	38469816	1046
cCREs189926	chr16	38944897	38945439	542
cCREs189963	chr16	39044320	39044868	548
cCREs190019	chr16	39258680	39259187	507
cCREs191219	chr16	44506922	44507847	925
cCREs191499	chr16	45720027	45720528	501
cCREs194467	chr16	62872454	62873306	852
cCREs198403	chr16	85357123	85358065	942
cCREs198616	chr16	86473276	86473807	531
cCREs199706	chr16	91233132	91233899	767
cCREs199942	chr16	92105573	92106217	644
cCREs200847	chr16	95922312	95922940	628
cCREs201493	chr17	3597848	3598421	573
cCREs201686	chr17	4644337	4645613	1276
cCREs202010	chr17	5805809	5806457	648
cCREs202233	chr17	7197785	7198788	1003
cCREs202850	chr17	10187540	10188113	573
cCREs202959	chr17	10611748	10612273	525
cCREs204640	chr17	25549731	25550428	697
cCREs205243	chr17	28024184	28025052	868
cCREs205296	chr17	28236177	28237064	887
cCREs206376	chr17	33503431	33504473	1042
cCREs206817	chr17	36225167	36225701	534
cCREs207374	chr17	43549806	43550346	540
cCREs207720	chr17	45071675	45072262	587
cCREs207918	chr17	45889355	45889941	586
cCREs209059	chr17	50863969	50864902	933
cCREs209447	chr17	53569662	53570234	572
cCREs211385	chr17	65548270	65549422	1152
cCREs211562	chr17	66241817	66242348	531
cCREs212026	chr17	67974662	67975201	539
cCREs212719	chr17	70849548	70850092	544
cCREs213066	chr17	72390940	72391477	537
cCREs214372	chr17	79136360	79136888	528
cCREs214803	chr17	80896450	80897003	553
cCREs215295	chr17	83175620	83176605	985
cCREs215506	chr17	83964511	83965015	504
cCREs216556	chr17	88213765	88214505	740
cCREs219144	chr18	12109500	12110147	647
cCREs219182	chr18	12233764	12234294	530
cCREs219709	chr18	14421233	14421761	528
cCREs219756	chr18	14656166	14657941	1775
cCREs219829	chr18	15021030	15021685	655
cCREs220237	chr18	16797295	16797863	568
cCREs220745	chr18	20667167	20667700	533
cCREs223822	chr18	34407218	34408062	844
cCREs224491	chr18	37953154	37953677	523
cCREs224684	chr18	38634810	38635430	620
cCREs226102	chr18	44586296	44586880	584
cCREs227196	chr18	49510182	49510765	583
cCREs231786	chr18	68456094	68456666	572
cCREs233408	chr18	75371339	75371877	538
cCREs233418	chr18	75385932	75386679	747
cCREs233560	chr18	75776111	75776697	586
cCREs234087	chr18	78214931	78215461	530
cCREs236295	chr18	88955952	88956531	579
cCREs237018	chr19	5871092	5871830	738
cCREs237522	chr19	8988970	8989614	644
cCREs237630	chr19	10078091	10078879	788
cCREs237661	chr19	10195094	10195654	560
cCREs237664	chr19	10213767	10214315	548
cCREs238114	chr19	12766556	12767112	556
cCREs239641	chr19	21814295	21815170	875
cCREs240058	chr19	23468794	23469303	509
cCREs240599	chr19	25417601	25418375	774
cCREs243061	chr19	37044340	37044979	639
cCREs243543	chr19	40355578	40356089	511
cCREs244082	chr19	42448483	42449005	522
cCREs244425	chr19	44312751	44313537	786
cCREs246257	chr19	53282523	53283045	522
cCREs248617	chr2	5147852	5148715	863
cCREs250437	chr2	13578417	13579098	681
cCREs250566	chr2	14388789	14389806	1017
cCREs252530	chr2	25004122	25004821	699
cCREs252552	chr2	25122669	25123183	514
cCREs253047	chr2	27392200	27392830	630
cCREs253076	chr2	27503559	27504927	1368
cCREs253596	chr2	29542740	29543335	595
cCREs253864	chr2	30719553	30720054	501
cCREs254614	chr2	33342895	33343891	996
cCREs255154	chr2	35613789	35614952	1163
cCREs255662	chr2	38530741	38531985	1244
cCREs255666	chr2	38540191	38540748	557
cCREs258521	chr2	53036825	53037360	535
cCREs259960	chr2	60384690	60385253	563
cCREs261250	chr2	66113139	66113706	567
cCREs262089	chr2	69849129	69849668	539
cCREs263079	chr2	73522852	73523714	862
cCREs263227	chr2	74149896	74150434	538
cCREs264131	chr2	77931361	77932156	795
cCREs265383	chr2	84416418	84417007	589
cCREs266046	chr2	91027327	91027986	659
cCREs266060	chr2	91081060	91081579	519
cCREs266686	chr2	93283373	93284353	980
cCREs268032	chr2	101781197	101781917	720
cCREs268402	chr2	102878382	102879002	620
cCREs268818	chr2	104316453	104316975	522
cCREs278069	chr2	145700566	145701077	511
cCREs279193	chr2	151690156	151690761	605
cCREs279608	chr2	153434601	153435980	1379
cCREs281077	chr2	159583017	159583548	531
cCREs281696	chr2	162459988	162460678	690
cCREs282396	chr2	165332551	165333082	531
cCREs282471	chr2	165622487	165623028	541
cCREs283671	chr2	170109406	170110002	596
cCREs284343	chr2	173281331	173281988	657
cCREs285254	chr2	180031217	180031722	505
cCREs285680	chr2	181952705	181953707	1002
cCREs286589	chr3	10106591	10107110	519
cCREs288802	chr3	24992476	24993092	616
cCREs289185	chr3	26823743	26824264	521
cCREs289400	chr3	27648151	27648876	725
cCREs289475	chr3	27977959	27978729	770
cCREs290244	chr3	31239569	31240093	524
cCREs290894	chr3	34034288	34035292	1004
cCREs292186	chr3	39944414	39945009	595
cCREs293790	chr3	50733137	50733791	654
cCREs294176	chr3	52037167	52037709	542
cCREs294187	chr3	52070834	52071362	528
cCREs294232	chr3	52258474	52259009	535
cCREs294340	chr3	52643974	52645086	1112
cCREs295594	chr3	57301841	57302367	526
cCREs300057	chr3	81483282	81483815	533
cCREs301179	chr3	85831559	85832381	822
cCREs302215	chr3	90515200	90515748	548
cCREs302558	chr3	94399818	94400380	562
cCREs302657	chr3	94930271	94931085	814
cCREs302705	chr3	95129066	95129864	798
cCREs302936	chr3	96222798	96223302	504
cCREs304066	chr3	101533309	101533856	547
cCREs304794	chr3	104600704	104601240	536
cCREs305390	chr3	107348815	107349476	661
cCREs305988	chr3	109436689	109437232	543
cCREs308331	chr3	122243357	122243858	501
cCREs312776	chr3	142375023	142375610	587
cCREs312822	chr3	142620107	142620924	817
cCREs314044	chr3	147127517	147128231	714
cCREs315002	chr3	152191647	152192225	578
cCREs319115	chr4	14518466	14519055	589
cCREs320501	chr4	22964946	22965454	508
cCREs321881	chr4	32266238	32267599	1361
cCREs321993	chr4	32573262	32574044	782
cCREs322355	chr4	34146258	34146785	527
cCREs324046	chr4	44495753	44496610	857
cCREs326323	chr4	54918234	54918794	560
cCREs326779	chr4	56900143	56901264	1121
cCREs328105	chr4	63996297	63996871	574
cCREs330974	chr4	81669042	81669996	954
cCREs334034	chr4	97765254	97766114	860
cCREs334106	chr4	97939343	97940077	734
cCREs334262	chr4	98557162	98557667	505
cCREs334954	chr4	101493477	101494085	608
cCREs335386	chr4	103173968	103174533	565
cCREs335948	chr4	105189959	105190656	697
cCREs336077	chr4	105848628	105849190	562
cCREs338228	chr4	119012963	119013512	549
cCREs338663	chr4	120745780	120746459	679
cCREs338863	chr4	123218464	123219003	539
cCREs339571	chr4	126228000	126228593	593
cCREs340407	chr4	129725883	129726520	637
cCREs343030	chr4	140661556	140662074	518
cCREs343473	chr4	142337654	142338236	582
cCREs343896	chr4	147939935	147940468	533
cCREs344120	chr4	148867794	148868552	758
cCREs345508	chr4	154198025	154198890	865
cCREs345949	chr4	156192325	156193268	943
cCREs347681	chr5	14108863	14109379	516
cCREs351308	chr5	32416779	32417328	549
cCREs351357	chr5	32775824	32776417	593
cCREs351828	chr5	35068701	35069279	578
cCREs351918	chr5	35395470	35396189	719
cCREs352652	chr5	37848936	37849710	774
cCREs354603	chr5	46422538	46423210	672
cCREs354605	chr5	46431466	46432360	894
cCREs355573	chr5	51595516	51596247	731
cCREs357610	chr5	63833883	63835046	1163
cCREs358075	chr5	65428237	65428865	628
cCREs358291	chr5	66373310	66374218	908
cCREs358703	chr5	67757927	67758546	619
cCREs360606	chr5	76558727	76559285	558
cCREs364311	chr5	99559722	99560297	575
cCREs366258	chr5	110338720	110339283	563
cCREs369392	chr5	123038966	123039549	583
cCREs370005	chr5	125485011	125485515	504
cCREs372168	chr5	134763198	134763889	691
cCREs372886	chr5	138881220	138882067	847
cCREs373097	chr5	139567993	139568569	576
cCREs373813	chr5	142640023	142640573	550
cCREs373870	chr5	142841333	142841987	654
cCREs374300	chr5	144901638	144902206	568
cCREs374674	chr5	147484756	147485330	574
cCREs377863	chr6	15727646	15728460	814
cCREs380579	chr6	29753310	29753818	508
cCREs382569	chr6	37414949	37415966	1017
cCREs384469	chr6	46945636	46946161	525
cCREs386496	chr6	55453569	55454106	537
cCREs386800	chr6	56835470	56836017	547
cCREs389016	chr6	71898181	71899067	886
cCREs389092	chr6	72208159	72209057	898
cCREs389094	chr6	72214229	72214730	501
cCREs391003	chr6	82750826	82751556	730
cCREs391096	chr6	83175926	83176472	546
cCREs391359	chr6	84365904	84366842	938
cCREs391897	chr6	86792835	86793862	1027
cCREs392127	chr6	87582491	87583081	590
cCREs393123	chr6	91619443	91619970	527
cCREs393124	chr6	91620043	91620844	801
cCREs393175	chr6	91752917	91753438	521
cCREs393514	chr6	92921788	92922453	665
cCREs394195	chr6	95644289	95644846	557
cCREs395298	chr6	99974295	99975014	719
cCREs399825	chr6	119089189	119089709	520
cCREs400179	chr6	120784265	120784802	537
cCREs400928	chr6	125446985	125447743	758
cCREs405412	chr6	147127098	147127627	529
cCREs405878	chr6	149314610	149315374	764
cCREs406147	chr7	4911419	4911971	552
cCREs406776	chr7	19180879	19181599	720
cCREs408235	chr7	35191213	35191764	551
cCREs409325	chr7	44914256	44914809	553
cCREs409333	chr7	44957346	44957963	617
cCREs409448	chr7	45460731	45461261	530
cCREs410101	chr7	49525923	49526466	543
cCREs411906	chr7	63703133	63703669	536
cCREs411924	chr7	63764933	63765596	663
cCREs412080	chr7	64496240	64496771	531
cCREs412953	chr7	67982012	67983281	1269
cCREs414591	chr7	75806651	75807524	873
cCREs415015	chr7	78382068	78382585	517
cCREs415564	chr7	80413437	80414359	922
cCREs418639	chr7	97803067	97803584	517
cCREs419321	chr7	100624457	100624982	525
cCREs419612	chr7	101729418	101729994	576
cCREs419747	chr7	102345758	102346631	873
cCREs420514	chr7	110297062	110298103	1041
cCREs420886	chr7	111728379	111728907	528
cCREs421217	chr7	112872372	112873481	1109
cCREs422455	chr7	118487925	118488596	671
cCREs422941	chr7	120937139	120937695	556
cCREs423481	chr7	123122716	123123230	514
cCREs424945	chr7	130472579	130473144	565
cCREs425351	chr7	132301946	132303903	1957
cCREs425510	chr7	132774732	132775765	1033
cCREs425947	chr7	134693028	134693864	836
cCREs426895	chr7	139235602	139236393	791
cCREs427795	chr7	143919012	143919793	781
cCREs429450	chr8	10663714	10664474	760
cCREs429619	chr8	11290345	11290910	565
cCREs430676	chr8	15049224	15049933	709
cCREs431640	chr8	22510876	22511717	841
cCREs431831	chr8	23287757	23288590	833
cCREs432327	chr8	25348234	25348773	539
cCREs439082	chr8	60643391	60644095	704
cCREs441118	chr8	70702684	70703233	549
cCREs441584	chr8	73138118	73138793	675
cCREs442508	chr8	78214580	78215131	551
cCREs442811	chr8	79457604	79458222	618
cCREs443053	chr8	80838080	80838672	592
cCREs443436	chr8	82775784	82776323	539
cCREs443719	chr8	84012321	84012889	568
cCREs443729	chr8	84069754	84070255	501
cCREs445588	chr8	92444669	92445170	501
cCREs445601	chr8	92505388	92505951	563
cCREs447605	chr8	102983746	102984257	511
cCREs447650	chr8	103180530	103181212	682
cCREs449333	chr8	110700147	110700943	796
cCREs450569	chr8	115871295	115871846	551
cCREs450908	chr8	117410282	117411288	1006
cCREs451611	chr8	119855482	119856123	641
cCREs453185	chr8	125722578	125723137	559
cCREs456861	chr9	23315546	23316405	859
cCREs457643	chr9	27097787	27098513	726
cCREs459747	chr9	35123285	35123928	643
cCREs459760	chr9	35166776	35167692	916
cCREs460198	chr9	37761676	37762271	595
cCREs461976	chr9	45958800	45959383	583
cCREs463527	chr9	52026699	52027858	1159
cCREs464542	chr9	56864057	56864603	546
cCREs464871	chr9	58294402	58295218	816
cCREs466217	chr9	63890626	63891166	540
cCREs466223	chr9	63918841	63919569	728
cCREs468188	chr9	72880086	72880735	649
cCREs468889	chr9	76091447	76091985	538
cCREs469222	chr9	77762251	77763124	873
cCREs469362	chr9	78338584	78339146	562
cCREs472790	chr9	96223288	96223841	553
cCREs475507	chr9	107607772	107608332	560
cCREs475527	chr9	107660816	107661347	531
cCREs476141	chr9	110998790	110999539	749
cCREs481643	chrX	41392316	41392941	625
cCREs482186	chrX	47971440	47972053	613
cCREs483307	chrX	60545420	60545934	514
cCREs483447	chrX	62325894	62326410	516
cCREs483952	chrX	70465449	70466615	1166
cCREs486566	chrX	103287169	103287892	723
cCREs486621	chrX	103702339	103702841	502
cCREs486622	chrX	103708484	103708994	510
cCREs488074	chrX	134409264	134409984	720
cCREs488081	chrX	134432295	134432804	509
cCREs488321	chrX	136828500	136829050	550
cCREs488600	chrX	139782449	139783597	1148
cCREs490526	chrX	161487628	161488204	576
cCREs491502	chrX	167908824	167909917	1093
cCREs23	chr1	3212669	3213293	624
cCREs210	chr1	4429768	4430310	542
cCREs277	chr1	4909764	4910350	586
cCREs287	chr1	4937346	4937908	562
cCREs319	chr1	5107484	5108186	702
cCREs447	chr1	6202211	6202801	590
cCREs485	chr1	6438303	6439141	838
cCREs507	chr1	6594368	6595191	823
cCREs545	chr1	6821778	6822279	501
cCREs621	chr1	7385878	7386385	507
cCREs884	chr1	9603444	9604334	890
cCREs920	chr1	9756879	9757396	517
cCREs1098	chr1	10707630	10708135	505
cCREs1111	chr1	10772423	10772959	536
cCREs1218	chr1	11267237	11267937	700
cCREs1370	chr1	12000456	12001001	545
cCREs1416	chr1	12294345	12294900	555
cCREs1503	chr1	12711366	12712114	748
cCREs1520	chr1	12781781	12782433	652
cCREs1542	chr1	12858165	12858691	526
cCREs1602	chr1	13153859	13154629	770
cCREs1606	chr1	13174303	13174832	529
cCREs1677	chr1	13367552	13368095	543
cCREs1684	chr1	13401848	13402349	501
cCREs1686	chr1	13416862	13417363	501
cCREs1704	chr1	13563411	13563954	543
cCREs1760	chr1	13841591	13842217	626
cCREs1796	chr1	14082535	14083036	501
cCREs1926	chr1	14665892	14666401	509
cCREs1928	chr1	14669950	14670451	501
cCREs1953	chr1	14792820	14793400	580
cCREs2136	chr1	15715066	15715753	687
cCREs2171	chr1	15921360	15922066	706
cCREs2187	chr1	16005263	16005765	502
cCREs2210	chr1	16131551	16132065	514
cCREs2296	chr1	16536555	16537056	501
cCREs2297	chr1	16539509	16540027	518
cCREs2299	chr1	16545855	16546358	503
cCREs2317	chr1	16606730	16607433	703
cCREs2906	chr1	20724718	20725250	532
cCREs2928	chr1	20844046	20844597	551
cCREs2986	chr1	21043368	21044048	680
cCREs3178	chr1	21801758	21802259	501
cCREs3209	chr1	21920210	21920767	557
cCREs3217	chr1	21950818	21951354	536
cCREs3375	chr1	22629960	22630468	508
cCREs3400	chr1	22699719	22700237	518
cCREs3509	chr1	23148874	23149669	795
cCREs3659	chr1	23892014	23892537	523
cCREs3727	chr1	24177165	24177666	501
cCREs3749	chr1	24244875	24245398	523
cCREs4112	chr1	25692996	25693497	501
cCREs4131	chr1	25753409	25753961	552
cCREs4185	chr1	25996454	25997170	716
cCREs4773	chr1	31015973	31016483	510
cCREs4932	chr1	32207449	32208044	595
cCREs5080	chr1	32930302	32930825	523
cCREs5159	chr1	33371891	33372440	549
cCREs5220	chr1	33628768	33629535	767
cCREs5235	chr1	33676873	33677402	529
cCREs5280	chr1	33827954	33828472	518
cCREs5306	chr1	33912342	33912887	545
cCREs5345	chr1	34018871	34019373	502
cCREs5349	chr1	34025873	34027078	1205
cCREs5358	chr1	34047205	34047839	634
cCREs5593	chr1	34862591	34863092	501
cCREs5605	chr1	34900151	34900663	512
cCREs5606	chr1	34908959	34909460	501
cCREs5635	chr1	35109799	35110300	501
cCREs5650	chr1	35206450	35207152	702
cCREs5878	chr1	36171932	36172433	501
cCREs5891	chr1	36202232	36202803	571
cCREs5898	chr1	36227464	36227998	534
cCREs5913	chr1	36293472	36293981	509
cCREs5985	chr1	36565636	36566153	517
cCREs5988	chr1	36569276	36570241	965
cCREs5996	chr1	36581990	36582510	520
cCREs5998	chr1	36587145	36587680	535
cCREs6004	chr1	36604218	36604774	556
cCREs6041	chr1	36739150	36739731	581
cCREs6074	chr1	36852523	36853024	501
cCREs6188	chr1	37314332	37315488	1156
cCREs6404	chr1	38176603	38177104	501
cCREs6488	chr1	38426672	38427273	601
cCREs6519	chr1	38506553	38507091	538
cCREs6574	chr1	38718816	38719335	519
cCREs6580	chr1	38732491	38733025	534
cCREs6767	chr1	39355689	39356415	726
cCREs6784	chr1	39411489	39412286	797
cCREs6834	chr1	39552506	39553007	501
cCREs6887	chr1	39759408	39760220	812
cCREs7031	chr1	40225804	40226311	507
cCREs7526	chr1	42641779	42642304	525
cCREs7576	chr1	42766466	42767051	585
cCREs7647	chr1	43015070	43015669	599
cCREs7658	chr1	43054684	43055206	522
cCREs7671	chr1	43090457	43090958	501
cCREs7683	chr1	43133450	43133951	501
cCREs7770	chr1	43396469	43397045	576
cCREs8131	chr1	45479421	45479973	552
cCREs8135	chr1	45490375	45490905	530
cCREs8227	chr1	46089559	46090100	541
cCREs8795	chr1	50770242	50770755	513
cCREs8817	chr1	50911755	50912288	533
cCREs8914	chr1	51181554	51182100	546
cCREs8945	chr1	51290479	51291057	578
cCREs8962	chr1	51353921	51354447	526
cCREs8965	chr1	51357391	51357951	560
cCREs9174	chr1	51996547	51997731	1184
cCREs9202	chr1	52110231	52110732	501
cCREs9214	chr1	52149165	52149683	518
cCREs9378	chr1	52806108	52806716	608
cCREs9458	chr1	53189312	53190017	705
cCREs9483	chr1	53385062	53385854	792
cCREs9607	chr1	53966617	53967118	501
cCREs9749	chr1	54650200	54650782	582
cCREs9822	chr1	54851568	54852451	883
cCREs9903	chr1	55341051	55341612	561
cCREs9963	chr1	55580239	55580844	605
cCREs10038	chr1	55866294	55866815	521
cCREs10247	chr1	56936497	56937000	503
cCREs10266	chr1	56991444	56991971	527
cCREs10269	chr1	57018524	57019461	937
cCREs10282	chr1	57096057	57097019	962
cCREs10300	chr1	57201208	57201758	550
cCREs10352	chr1	57425325	57425826	501
cCREs10457	chr1	57840562	57841108	546
cCREs10707	chr1	58963623	58964155	532
cCREs10908	chr1	59985270	59985893	623
cCREs10928	chr1	60149577	60150160	583
cCREs10968	chr1	60422250	60423033	783
cCREs11000	chr1	60572198	60572775	577
cCREs11312	chr1	61851024	61851543	519
cCREs11510	chr1	62710039	62710685	646
cCREs11637	chr1	63096011	63096905	894
cCREs11709	chr1	63477292	63478003	711
cCREs11806	chr1	63866638	63867159	521
cCREs12003	chr1	64604773	64605301	528
cCREs12452	chr1	66596027	66596663	636
cCREs12468	chr1	66643773	66644297	524
cCREs12497	chr1	66800099	66800612	513
cCREs12704	chr1	67801484	67802020	536
cCREs12748	chr1	68049856	68050357	501
cCREs12809	chr1	68339026	68339940	914
cCREs12834	chr1	68503204	68503705	501
cCREs12850	chr1	68592637	68593154	517
cCREs12896	chr1	68811049	68811553	504
cCREs12903	chr1	68832029	68832553	524
cCREs12928	chr1	68956613	68957114	501
cCREs12944	chr1	69027757	69028297	540
cCREs12947	chr1	69039518	69040052	534
cCREs12950	chr1	69050500	69051002	502
cCREs12952	chr1	69059714	69060257	543
cCREs12961	chr1	69095821	69096352	531
cCREs12967	chr1	69116178	69116690	512
cCREs12983	chr1	69201978	69202479	501
cCREs13052	chr1	69563529	69564054	525
cCREs13086	chr1	69774378	69774883	505
cCREs13129	chr1	70129086	70129843	757
cCREs13266	chr1	70889401	70890244	843
cCREs13454	chr1	71726816	71727623	807
cCREs13571	chr1	72134655	72135162	507
cCREs13622	chr1	72329312	72329836	524
cCREs13642	chr1	72390802	72391303	501
cCREs13643	chr1	72392546	72393058	512
cCREs13769	chr1	72864206	72864725	519
cCREs13800	chr1	72974725	72975266	541
cCREs13816	chr1	73038300	73038816	516
cCREs13868	chr1	73209080	73209791	711
cCREs13890	chr1	73259605	73260181	576
cCREs13912	chr1	73365711	73366356	645
cCREs14036	chr1	73911531	73912042	511
cCREs14049	chr1	73937591	73938092	501
cCREs14113	chr1	74109592	74110093	501
cCREs14132	chr1	74177078	74177645	567
cCREs14182	chr1	74337008	74337555	547
cCREs14224	chr1	74478201	74478730	529
cCREs14256	chr1	74745657	74746348	691
cCREs14318	chr1	74976862	74977444	582
cCREs14319	chr1	74985326	74986243	917
cCREs14361	chr1	75262008	75262536	528
cCREs14451	chr1	75603226	75603728	502
cCREs14589	chr1	76195446	76196074	628
cCREs14595	chr1	76223037	76223705	668
cCREs14697	chr1	76683430	76683978	548
cCREs14791	chr1	77232938	77233441	503
cCREs14830	chr1	77397494	77398411	917
cCREs14852	chr1	77441337	77441905	568
cCREs15002	chr1	78279025	78279526	501
cCREs15041	chr1	78445446	78445947	501
cCREs15042	chr1	78447050	78447569	519
cCREs15047	chr1	78461519	78462020	501
cCREs15076	chr1	78593016	78593548	532
cCREs15318	chr1	79679368	79679880	512
cCREs15341	chr1	79758788	79759334	546
cCREs15347	chr1	79777869	79778522	653
cCREs15623	chr1	80810808	80811324	516
cCREs15803	chr1	81660663	81661539	876
cCREs15839	chr1	81886844	81887364	520
cCREs15863	chr1	82008381	82009108	727
cCREs15880	chr1	82080131	82080650	519
cCREs15881	chr1	82080777	82081278	501
cCREs15920	chr1	82240119	82240682	563
cCREs16053	chr1	82844522	82845073	551
cCREs16095	chr1	83058127	83059169	1042
cCREs16255	chr1	83712826	83713737	911
cCREs16398	chr1	84239982	84242225	2243
cCREs16404	chr1	84278637	84279176	539
cCREs16628	chr1	85835684	85836202	518
cCREs16692	chr1	86054822	86055335	513
cCREs16717	chr1	86171116	86171679	563
cCREs16757	chr1	86294418	86295025	607
cCREs16780	chr1	86414105	86414638	533
cCREs16783	chr1	86419828	86420344	516
cCREs16799	chr1	86491404	86493159	1755
cCREs16803	chr1	86505403	86505967	564
cCREs16805	chr1	86507763	86508298	535
cCREs16847	chr1	86655816	86656366	550
cCREs16857	chr1	86705459	86706029	570
cCREs16903	chr1	86976113	86976673	560
cCREs16921	chr1	87032372	87033037	665
cCREs16954	chr1	87205412	87206007	595
cCREs17072	chr1	87660508	87661085	577
cCREs17348	chr1	88843085	88843586	501
cCREs17421	chr1	89116909	89117410	501
cCREs17423	chr1	89119719	89120220	501
cCREs17433	chr1	89142844	89143345	501
cCREs17435	chr1	89158109	89158626	517
cCREs17449	chr1	89228388	89228945	557
cCREs17465	chr1	89299116	89299661	545
cCREs17514	chr1	89493386	89493887	501
cCREs17590	chr1	89690817	89691535	718
cCREs17638	chr1	89832803	89833304	501
cCREs17639	chr1	89837728	89839032	1304
cCREs17647	chr1	89873130	89873646	516
cCREs17665	chr1	89971881	89972424	543
cCREs17667	chr1	89989335	89989864	529
cCREs17679	chr1	90026478	90027383	905
cCREs17688	chr1	90058304	90058805	501
cCREs17838	chr1	90576685	90577188	503
cCREs17839	chr1	90586482	90587016	534
cCREs17936	chr1	90918126	90918660	534
cCREs17938	chr1	90927265	90928329	1064
cCREs17976	chr1	91055542	91056121	579
cCREs18050	chr1	91307684	91308218	534
cCREs18055	chr1	91334360	91335285	925
cCREs18111	chr1	91550143	91550644	501
cCREs18113	chr1	91556049	91556557	508
cCREs18134	chr1	91635685	91636408	723
cCREs18163	chr1	91767932	91768446	514
cCREs18218	chr1	91956853	91957391	538
cCREs18238	chr1	92004682	92005400	718
cCREs18325	chr1	92242306	92242837	531
cCREs18451	chr1	92723959	92724500	541
cCREs18504	chr1	92919529	92920306	777
cCREs18513	chr1	92974663	92975265	602
cCREs18583	chr1	93251361	93251901	540
cCREs18600	chr1	93297495	93298039	544
cCREs18639	chr1	93543145	93543917	772
cCREs18641	chr1	93548865	93549571	706
cCREs18643	chr1	93557344	93557906	562
cCREs18688	chr1	93781461	93782461	1000
cCREs18713	chr1	94019855	94020670	815
cCREs18717	chr1	94031030	94031567	537
cCREs18960	chr1	95821669	95822189	520
cCREs19259	chr1	98005742	98006243	501
cCREs19290	chr1	98088088	98088845	757
cCREs19566	chr1	100050396	100050914	518
cCREs19856	chr1	102290429	102290930	501
cCREs20145	chr1	104625501	104626011	510
cCREs20202	chr1	104908097	104908598	501
cCREs20275	chr1	105161192	105161714	522
cCREs20278	chr1	105167268	105167807	539
cCREs20385	chr1	105682753	105683296	543
cCREs20440	chr1	105921773	105922274	501
cCREs20519	chr1	106221233	106221740	507
cCREs20679	chr1	106768721	106769448	727
cCREs20683	chr1	106812832	106813335	503
cCREs20879	chr1	107950346	107950874	528
cCREs21034	chr1	109718811	109719330	519
cCREs21283	chr1	112404207	112404722	515
cCREs21645	chr1	115574276	115574952	676
cCREs22033	chr1	118560955	118561612	657
cCREs22059	chr1	118686942	118687657	715
cCREs22098	chr1	118880661	118881234	573
cCREs22153	chr1	119106164	119106665	501
cCREs22174	chr1	119219468	119220116	648
cCREs22186	chr1	119290407	119290928	521
cCREs22199	chr1	119358005	119358582	577
cCREs22566	chr1	121126053	121126601	548
cCREs22653	chr1	121477082	121477593	511
cCREs22681	chr1	121607464	121608016	552
cCREs22701	chr1	121712595	121713137	542
cCREs22871	chr1	122761531	122762032	501
cCREs22964	chr1	123500555	123501056	501
cCREs22967	chr1	123510075	123510576	501
cCREs22968	chr1	123510946	123511450	504
cCREs23055	chr1	123928847	123929380	533
cCREs23339	chr1	125419820	125420347	527
cCREs23388	chr1	125624932	125625447	515
cCREs23414	chr1	125761394	125761903	509
cCREs23651	chr1	126586752	126587253	501
cCREs23655	chr1	126605832	126606333	501
cCREs23675	chr1	126714789	126715347	558
cCREs23697	chr1	126815777	126816494	717
cCREs23727	chr1	126932662	126933163	501
cCREs23819	chr1	127296507	127297230	723
cCREs23925	chr1	127573727	127574270	543
cCREs23950	chr1	127644715	127645231	516
cCREs24005	chr1	127865195	127865932	737
cCREs24192	chr1	128706872	128707440	568
cCREs24534	chr1	130262651	130263174	523
cCREs24548	chr1	130302434	130302946	512
cCREs24550	chr1	130332167	130332711	544
cCREs24649	chr1	130952949	130953728	779
cCREs24678	chr1	131087980	131088481	501
cCREs24802	chr1	131440497	131441184	687
cCREs24872	chr1	131714218	131715193	975
cCREs24879	chr1	131759500	131760029	529
cCREs24900	chr1	131832884	131833389	505
cCREs25053	chr1	132385650	132386154	504
cCREs25098	chr1	132543629	132544143	514
cCREs25135	chr1	132644897	132645486	589
cCREs25164	chr1	132721043	132721556	513
cCREs25217	chr1	132871303	132871823	520
cCREs25257	chr1	133007009	133007510	501
cCREs25289	chr1	133129423	133129962	539
cCREs25317	chr1	133212549	133213148	599
cCREs25405	chr1	133502570	133503071	501
cCREs25421	chr1	133658304	133658839	535
cCREs25424	chr1	133667307	133667815	508
cCREs25511	chr1	134019359	134019884	525
cCREs25691	chr1	134758266	134758767	501
cCREs25821	chr1	135198266	135198783	517
cCREs25823	chr1	135203030	135203531	501
cCREs25833	chr1	135278631	135279292	661
cCREs25878	chr1	135456399	135456948	549
cCREs25904	chr1	135517379	135517919	540
cCREs25944	chr1	135597316	135597817	501
cCREs25975	chr1	135685355	135685877	522
cCREs25999	chr1	135763420	135763930	510
cCREs26006	chr1	135780247	135780762	515
cCREs26112	chr1	136138481	136138982	501
cCREs26136	chr1	136205640	136206179	539
cCREs26138	chr1	136214529	136215098	569
cCREs26139	chr1	136221437	136221938	501
cCREs26143	chr1	136228334	136228898	564
cCREs26183	chr1	136350734	136351235	501
cCREs26195	chr1	136388642	136389170	528
cCREs26216	chr1	136491484	136492084	600
cCREs26314	chr1	136834899	136835411	512
cCREs26323	chr1	136886606	136887152	546
cCREs26581	chr1	138060721	138061222	501
cCREs26582	chr1	138061236	138061737	501
cCREs26651	chr1	138424228	138424756	528
cCREs26668	chr1	138512352	138512855	503
cCREs26727	chr1	138815350	138816198	848
cCREs26752	chr1	138933935	138934762	827
cCREs26778	chr1	139018888	139019389	501
cCREs26794	chr1	139081572	139082108	536
cCREs26851	chr1	139317106	139317665	559
cCREs26982	chr1	140441558	140442097	539
cCREs27370	chr1	143049243	143049744	501
cCREs27462	chr1	143609729	143610294	565
cCREs27744	chr1	145054438	145054977	539
cCREs27836	chr1	145930445	145931155	710
cCREs27997	chr1	147258379	147258943	564
cCREs28235	chr1	149276504	149277014	510
cCREs28387	chr1	150090182	150090719	537
cCREs28521	chr1	150786658	150787177	519
cCREs28557	chr1	150942024	150942576	552
cCREs28595	chr1	151066208	151066739	531
cCREs28630	chr1	151197769	151198602	833
cCREs28660	chr1	151342833	151343380	547
cCREs28691	chr1	151549371	151549921	550
cCREs28838	chr1	152002171	152002689	518
cCREs28871	chr1	152077662	152078242	580
cCREs29090	chr1	152826052	152826553	501
cCREs29121	chr1	152971140	152972114	974
cCREs29179	chr1	153106226	153106756	530
cCREs29216	chr1	153240176	153240723	547
cCREs29253	chr1	153323058	153324093	1035
cCREs29267	chr1	153403003	153403504	501
cCREs29415	chr1	153963342	153964530	1188
cCREs29748	chr1	155095060	155095561	501
cCREs29779	chr1	155199384	155199907	523
cCREs29794	chr1	155228670	155229253	583
cCREs29858	chr1	155461264	155462120	856
cCREs30120	chr1	156760636	156761161	525
cCREs30133	chr1	156797718	156798229	511
cCREs30576	chr1	158456812	158457313	501
cCREs30736	chr1	159220620	159221121	501
cCREs30803	chr1	159549380	159550297	917
cCREs30830	chr1	159607146	159607685	539
cCREs30872	chr1	159714810	159715313	503
cCREs30948	chr1	159912541	159913042	501
cCREs31043	chr1	160279904	160280429	525
cCREs31158	chr1	160752065	160752643	578
cCREs31222	chr1	161032344	161032845	501
cCREs31389	chr1	161907821	161908582	761
cCREs31430	chr1	162056461	162056982	521
cCREs31480	chr1	162238886	162239387	501
cCREs31484	chr1	162255998	162256499	501
cCREs31528	chr1	162402936	162403453	517
cCREs31530	chr1	162408630	162409716	1086
cCREs31553	chr1	162468204	162468725	521
cCREs31556	chr1	162474504	162475038	534
cCREs31617	chr1	162771553	162772420	867
cCREs31821	chr1	163685105	163685693	588
cCREs31950	chr1	164322147	164322648	501
cCREs31984	chr1	164423545	164424071	526
cCREs32207	chr1	165160933	165161441	508
cCREs32300	chr1	165566133	165566699	566
cCREs32303	chr1	165584306	165584807	501
cCREs32304	chr1	165585492	165586145	653
cCREs32317	chr1	165619331	165619880	549
cCREs32321	chr1	165629454	165629972	518
cCREs32332	chr1	165665656	165666219	563
cCREs32516	chr1	166384559	166385069	510
cCREs32574	chr1	166785550	166786076	526
cCREs32800	chr1	167600400	167600904	504
cCREs32843	chr1	167790273	167790859	586
cCREs32866	chr1	167904247	167904749	502
cCREs33058	chr1	168515468	168516041	573
cCREs33104	chr1	168833327	168833862	535
cCREs33218	chr1	169355348	169356191	843
cCREs33261	chr1	169514542	169515070	528
cCREs33424	chr1	170107464	170107978	514
cCREs33454	chr1	170191118	170191662	544
cCREs33497	chr1	170362862	170363363	501
cCREs33767	chr1	171248269	171248801	532
cCREs33773	chr1	171260793	171261330	537
cCREs33952	chr1	172169764	172170278	514
cCREs34015	chr1	172341596	172342100	504
cCREs34034	chr1	172405968	172406496	528
cCREs34062	chr1	172503341	172503914	573
cCREs34063	chr1	172504767	172505268	501
cCREs34064	chr1	172506915	172507416	501
cCREs34358	chr1	174550277	174550921	644
cCREs34393	chr1	174662416	174662989	573
cCREs34421	chr1	174768637	174769165	528
cCREs34606	chr1	175440365	175440883	518
cCREs34616	chr1	175455302	175456162	860
cCREs34726	chr1	175906066	175906878	812
cCREs34952	chr1	176729909	176730411	502
cCREs34985	chr1	176850734	176851237	503
cCREs35023	chr1	176982294	176983536	1242
cCREs35032	chr1	177001334	177001835	501
cCREs35082	chr1	177191786	177192287	501
cCREs35122	chr1	177399583	177400084	501
cCREs35258	chr1	178243387	178243888	501
cCREs35274	chr1	178346007	178346527	520
cCREs35338	chr1	178619144	178619645	501
cCREs35415	chr1	178887710	178888323	613
cCREs35449	chr1	179007543	179008126	583
cCREs35466	chr1	179062512	179063053	541
cCREs35471	chr1	179094458	179095038	580
cCREs35487	chr1	179151779	179152320	541
cCREs35522	chr1	179295777	179296278	501
cCREs35556	chr1	179440786	179441315	529
cCREs35565	chr1	179478477	179479126	649
cCREs35648	chr1	179824271	179824780	509
cCREs35696	chr1	180019129	180019630	501
cCREs35720	chr1	180151767	180152561	794
cCREs35721	chr1	180159699	180160540	841
cCREs35745	chr1	180233438	180233968	530
cCREs35752	chr1	180264834	180265338	504
cCREs35762	chr1	180291354	180291902	548
cCREs35776	chr1	180340578	180341097	519
cCREs35799	chr1	180382068	180382569	501
cCREs35867	chr1	180569739	180570289	550
cCREs35888	chr1	180728427	180728939	512
cCREs35961	chr1	181053317	181054051	734
cCREs35971	chr1	181147855	181148432	577
cCREs35978	chr1	181172348	181172899	551
cCREs36002	chr1	181287364	181287918	554
cCREs36005	chr1	181295531	181296058	527
cCREs36089	chr1	181537132	181537661	529
cCREs36095	chr1	181557047	181557667	620
cCREs36098	chr1	181566529	181567057	528
cCREs36154	chr1	181898282	181898886	604
cCREs36261	chr1	182351191	182351692	501
cCREs36344	chr1	182624513	182625024	511
cCREs36405	chr1	182819146	182819647	501
cCREs36511	chr1	183195875	183196376	501
cCREs36530	chr1	183312040	183312584	544
cCREs36650	chr1	183865015	183866063	1048
cCREs36768	chr1	184448827	184449576	749
cCREs36842	chr1	184807557	184808385	828
cCREs36845	chr1	184820703	184821262	559
cCREs36876	chr1	184896806	184897796	990
cCREs36893	chr1	184935942	184936443	501
cCREs37167	chr1	186072497	186073101	604
cCREs37304	chr1	186638319	186638860	541
cCREs37313	chr1	186665307	186665921	614
cCREs37368	chr1	186913584	186914117	533
cCREs37387	chr1	187009342	187009890	548
cCREs37435	chr1	187256526	187257096	570
cCREs37436	chr1	187259895	187260835	940
cCREs37454	chr1	187325083	187325685	602
cCREs37545	chr1	187735597	187736119	522
cCREs37570	chr1	187825508	187826058	550
cCREs37582	chr1	187861189	187861908	719
cCREs37636	chr1	188116265	188117001	736
cCREs37638	chr1	188124819	188125352	533
cCREs38002	chr1	189706846	189707959	1113
cCREs38009	chr1	189731563	189732089	526
cCREs38015	chr1	189754120	189754651	531
cCREs38089	chr1	189985549	189986050	501
cCREs38090	chr1	189987261	189987787	526
cCREs38140	chr1	190201151	190201670	519
cCREs38187	chr1	190532411	190533209	798
cCREs38252	chr1	190814447	190814975	528
cCREs38363	chr1	191261709	191262252	543
cCREs38383	chr1	191336169	191336682	513
cCREs38449	chr1	191594764	191595265	501
cCREs38450	chr1	191596507	191597034	527
cCREs38514	chr1	191827895	191828745	850
cCREs38562	chr1	192076088	192076589	501
cCREs38564	chr1	192078248	192078827	579
cCREs38669	chr1	192391347	192391872	525
cCREs38671	chr1	192395983	192396511	528
cCREs38773	chr1	192716852	192717353	501
cCREs38911	chr1	193224110	193224611	501
cCREs38928	chr1	193271429	193271930	501
cCREs38978	chr1	193402497	193403011	514
cCREs39023	chr1	193522428	193522981	553
cCREs39527	chr10	3458716	3459231	515
cCREs39528	chr10	3463105	3463613	508
cCREs39547	chr10	3537838	3538361	523
cCREs39556	chr10	3590623	3591130	507
cCREs39560	chr10	3616109	3616754	645
cCREs39581	chr10	3710200	3710723	523
cCREs39584	chr10	3720224	3720880	656
cCREs39598	chr10	3781847	3782360	513
cCREs39629	chr10	3881076	3881590	514
cCREs39632	chr10	3888397	3888987	590
cCREs39879	chr10	5048498	5049017	519
cCREs40315	chr10	7150268	7150769	501
cCREs40324	chr10	7178670	7179206	536
cCREs40328	chr10	7189670	7190221	551
cCREs40330	chr10	7193677	7194179	502
cCREs40353	chr10	7302130	7302651	521
cCREs40391	chr10	7674897	7675398	501
cCREs40437	chr10	7884566	7885112	546
cCREs40504	chr10	8197547	8198151	604
cCREs40513	chr10	8224604	8225105	501
cCREs40534	chr10	8274391	8274922	531
cCREs40538	chr10	8292186	8293659	1473
cCREs40606	chr10	8566487	8566990	503
cCREs40622	chr10	8680705	8681388	683
cCREs40652	chr10	8785103	8786195	1092
cCREs40781	chr10	9160338	9160852	514
cCREs40798	chr10	9228004	9228534	530
cCREs40850	chr10	9401775	9402522	747
cCREs40882	chr10	9532430	9533008	578
cCREs40964	chr10	9799054	9799590	536
cCREs40967	chr10	9801743	9802244	501
cCREs40981	chr10	9838920	9839421	501
cCREs41000	chr10	9889292	9890073	781
cCREs41134	chr10	10551317	10551858	541
cCREs41315	chr10	11201924	11202491	567
cCREs41351	chr10	11415570	11416109	539
cCREs41549	chr10	12347323	12347859	536
cCREs41608	chr10	12553273	12553804	531
cCREs41622	chr10	12581694	12582608	914
cCREs41678	chr10	12785279	12785810	531
cCREs41809	chr10	13271033	13272202	1169
cCREs41820	chr10	13296321	13296866	545
cCREs41827	chr10	13318922	13319457	535
cCREs41889	chr10	13543551	13544297	746
cCREs42132	chr10	14317317	14317819	502
cCREs42191	chr10	14549771	14550341	570
cCREs42206	chr10	14604332	14604871	539
cCREs42386	chr10	15832252	15832871	619
cCREs42786	chr10	18066878	18067384	506
cCREs42794	chr10	18083304	18083805	501
cCREs42806	chr10	18137744	18138245	501
cCREs43109	chr10	19382327	19382833	506
cCREs43145	chr10	19608582	19609580	998
cCREs43222	chr10	19937131	19937695	564
cCREs43338	chr10	20343562	20344063	501
cCREs43357	chr10	20446043	20446552	509
cCREs43422	chr10	20652628	20653129	501
cCREs43437	chr10	20688431	20688965	534
cCREs43444	chr10	20714976	20715477	501
cCREs43445	chr10	20717477	20717997	520
cCREs43455	chr10	20763453	20763996	543
cCREs43487	chr10	20915466	20916116	650
cCREs43558	chr10	21178227	21178752	525
cCREs43767	chr10	21906806	21907547	741
cCREs43977	chr10	23193447	23193966	519
cCREs44077	chr10	23724641	23725189	548
cCREs44155	chr10	24171915	24172438	523
cCREs44201	chr10	24339369	24340247	878
cCREs44203	chr10	24357465	24358065	600
cCREs44227	chr10	24444525	24445045	520
cCREs44247	chr10	24500074	24500607	533
cCREs44414	chr10	25168414	25169068	654
cCREs44436	chr10	25244479	25245001	522
cCREs44477	chr10	25373349	25373856	507
cCREs44482	chr10	25384771	25385272	501
cCREs44524	chr10	25516298	25516802	504
cCREs45023	chr10	27674342	27674863	521
cCREs45076	chr10	28057126	28057702	576
cCREs45083	chr10	28082456	28082960	504
cCREs45084	chr10	28083069	28083791	722
cCREs45160	chr10	28376650	28377182	532
cCREs45172	chr10	28406069	28406592	523
cCREs45196	chr10	28495556	28496228	672
cCREs45644	chr10	31087161	31087662	501
cCREs45716	chr10	31447289	31447824	535
cCREs45755	chr10	31617950	31618451	501
cCREs46055	chr10	33589347	33590007	660
cCREs46074	chr10	33721733	33722241	508
cCREs46135	chr10	34149735	34150278	543
cCREs46153	chr10	34197984	34198979	995
cCREs46554	chr10	37255128	37255751	623
cCREs46608	chr10	37438285	37438787	502
cCREs46623	chr10	37504172	37504692	520
cCREs46639	chr10	37616171	37616831	660
cCREs46651	chr10	37667237	37667809	572
cCREs46716	chr10	38052747	38053285	538
cCREs46909	chr10	39339637	39340163	526
cCREs46941	chr10	39414270	39414771	501
cCREs46944	chr10	39419708	39420217	509
cCREs46956	chr10	39446637	39447147	510
cCREs46962	chr10	39456136	39457125	989
cCREs46999	chr10	39547957	39548498	541
cCREs47043	chr10	39683966	39684712	746
cCREs47064	chr10	39791996	39792714	718
cCREs47194	chr10	40378681	40379428	747
cCREs47199	chr10	40393348	40393879	531
cCREs47229	chr10	40484778	40485293	515
cCREs47356	chr10	40931924	40932723	799
cCREs47363	chr10	40943409	40943936	527
cCREs47425	chr10	41174429	41174954	525
cCREs47496	chr10	41521237	41521763	526
cCREs47562	chr10	41851871	41852372	501
cCREs47761	chr10	42579298	42580253	955
cCREs47811	chr10	42831076	42831620	544
cCREs47915	chr10	43123417	43123959	542
cCREs47924	chr10	43149045	43149745	700
cCREs47950	chr10	43252276	43252835	559
cCREs48077	chr10	43713662	43714165	503
cCREs48149	chr10	44108770	44109298	528
cCREs48185	chr10	44335747	44336269	522
cCREs48195	chr10	44361555	44362056	501
cCREs48202	chr10	44383097	44383776	679
cCREs48207	chr10	44396158	44396675	517
cCREs48213	chr10	44423072	44423578	506
cCREs48264	chr10	44658301	44659145	844
cCREs48297	chr10	44837602	44838107	505
cCREs48310	chr10	44895111	44895657	546
cCREs48353	chr10	45087108	45087898	790
cCREs48367	chr10	45127043	45127544	501
cCREs48619	chr10	46392047	46392549	502
cCREs48848	chr10	48924873	48925374	501
cCREs48950	chr10	49646176	49646735	559
cCREs48979	chr10	49740841	49741349	508
cCREs48994	chr10	49779420	49779979	559
cCREs49026	chr10	50077690	50078212	522
cCREs49147	chr10	51048730	51049231	501
cCREs49184	chr10	51498405	51498988	583
cCREs49221	chr10	51869295	51869893	598
cCREs49254	chr10	52093215	52093734	519
cCREs49261	chr10	52130683	52131193	510
cCREs49283	chr10	52254992	52255552	560
cCREs49330	chr10	52535841	52536343	502
cCREs49445	chr10	53016573	53017118	545
cCREs49449	chr10	53028401	53028918	517
cCREs49579	chr10	53578376	53578885	509
cCREs49616	chr10	53728745	53729304	559
cCREs50020	chr10	56093762	56094301	539
cCREs50110	chr10	56608069	56609320	1251
cCREs50145	chr10	56845417	56845967	550
cCREs50352	chr10	58367179	58367688	509
cCREs50373	chr10	58410996	58411567	571
cCREs50414	chr10	58620808	58621453	645
cCREs50426	chr10	58645416	58645985	569
cCREs50438	chr10	58688238	58688748	510
cCREs50476	chr10	58868678	58869201	523
cCREs50572	chr10	59170659	59171386	727
cCREs50577	chr10	59197010	59197572	562
cCREs50598	chr10	59291566	59292067	501
cCREs50655	chr10	59496936	59497464	528
cCREs50689	chr10	59586391	59586892	501
cCREs50706	chr10	59646695	59647227	532
cCREs50718	chr10	59718180	59718930	750
cCREs50732	chr10	59755297	59755836	539
cCREs50744	chr10	59791884	59792385	501
cCREs50769	chr10	59847697	59848223	526
cCREs50801	chr10	59948763	59949274	511
cCREs50871	chr10	60151149	60151690	541
cCREs50887	chr10	60204624	60205125	501
cCREs50897	chr10	60229850	60230367	517
cCREs50929	chr10	60358678	60359194	516
cCREs51011	chr10	60787296	60788394	1098
cCREs51119	chr10	61257311	61257911	600
cCREs51246	chr10	61751570	61752351	781
cCREs51294	chr10	61970751	61971260	509
cCREs51358	chr10	62211850	62212351	501
cCREs51362	chr10	62219693	62220643	950
cCREs51393	chr10	62318191	62318707	516
cCREs51442	chr10	62573556	62574067	511
cCREs51477	chr10	62870652	62871294	642
cCREs51630	chr10	63705605	63706134	529
cCREs51736	chr10	64116631	64117383	752
cCREs51847	chr10	64723979	64724480	501
cCREs51933	chr10	65300040	65300541	501
cCREs51935	chr10	65311301	65311802	501
cCREs52029	chr10	65989988	65990514	526
cCREs52143	chr10	66562400	66563099	699
cCREs52253	chr10	66973160	66973661	501
cCREs52389	chr10	67473423	67473924	501
cCREs52412	chr10	67573212	67573909	697
cCREs52426	chr10	67634455	67635172	717
cCREs52470	chr10	67779139	67779701	562
cCREs52568	chr10	68129916	68130417	501
cCREs52623	chr10	68328269	68328777	508
cCREs52831	chr10	69283161	69283734	573
cCREs52852	chr10	69383852	69384386	534
cCREs52861	chr10	69444947	69445448	501
cCREs52989	chr10	69779161	69779662	501
cCREs53014	chr10	69838161	69838685	524
cCREs53035	chr10	69891443	69891970	527
cCREs53159	chr10	70226524	70227059	535
cCREs53228	chr10	70442487	70443046	559
cCREs53311	chr10	70732005	70732548	543
cCREs53322	chr10	70752591	70753151	560
cCREs53330	chr10	70776364	70776911	547
cCREs53441	chr10	71194684	71195211	527
cCREs53986	chr10	73959025	73959570	545
cCREs53989	chr10	73979332	73979833	501
cCREs54003	chr10	74063238	74063760	522
cCREs54049	chr10	74280910	74281411	501
cCREs54062	chr10	74335358	74335915	557
cCREs54172	chr10	74960663	74961183	520
cCREs54224	chr10	75090521	75091069	548
cCREs54271	chr10	75218046	75218547	501
cCREs54291	chr10	75282521	75283441	920
cCREs54357	chr10	75527550	75528051	501
cCREs54358	chr10	75528834	75529636	802
cCREs54372	chr10	75594783	75595329	546
cCREs54417	chr10	75741817	75742344	527
cCREs54455	chr10	75918246	75918785	539
cCREs54509	chr10	76254719	76255220	501
cCREs54539	chr10	76317549	76318087	538
cCREs54573	chr10	76440822	76441529	707
cCREs54659	chr10	76860994	76861502	508
cCREs54729	chr10	77127777	77128499	722
cCREs54737	chr10	77158979	77159480	501
cCREs54743	chr10	77199148	77199805	657
cCREs54819	chr10	77457996	77458588	592
cCREs54828	chr10	77485694	77486609	915
cCREs54976	chr10	78170733	78171262	529
cCREs55011	chr10	78287862	78288513	651
cCREs55066	chr10	78446231	78446795	564
cCREs55069	chr10	78453874	78454416	542
cCREs55095	chr10	78602020	78602547	527
cCREs55119	chr10	79094639	79095143	504
cCREs55130	chr10	79528899	79529418	519
cCREs55131	chr10	79531233	79531921	688
cCREs55179	chr10	79713040	79713647	607
cCREs55204	chr10	79823170	79823671	501
cCREs55210	chr10	79852029	79852532	503
cCREs55281	chr10	80100157	80100658	501
cCREs55287	chr10	80118418	80118922	504
cCREs55299	chr10	80155269	80155820	551
cCREs55358	chr10	80354048	80354673	625
cCREs55383	chr10	80492945	80493767	822
cCREs55462	chr10	80777022	80777582	560
cCREs55501	chr10	80943625	80944137	512
cCREs55509	chr10	80966892	80967393	501
cCREs55526	chr10	81010813	81011338	525
cCREs55545	chr10	81110007	81110584	577
cCREs55546	chr10	81121407	81121945	538
cCREs55634	chr10	81433575	81434453	878
cCREs55675	chr10	81581571	81582559	988
cCREs55676	chr10	81589970	81590667	697
cCREs55777	chr10	83010925	83011426	501
cCREs55800	chr10	83072922	83073549	627
cCREs55801	chr10	83074955	83075886	931
cCREs55895	chr10	83502772	83503356	584
cCREs56128	chr10	84424886	84425750	864
cCREs56156	chr10	84536849	84537350	501
cCREs56167	chr10	84578066	84578586	520
cCREs56416	chr10	85550530	85551095	565
cCREs56481	chr10	85951673	85952880	1207
cCREs56503	chr10	86057671	86058172	501
cCREs56511	chr10	86075515	86076304	789
cCREs56539	chr10	86158056	86159087	1031
cCREs56546	chr10	86179121	86179658	537
cCREs56613	chr10	86363538	86364327	789
cCREs56738	chr10	86923051	86923964	913
cCREs56930	chr10	87851374	87851972	598
cCREs57035	chr10	88388806	88389398	592
cCREs57178	chr10	89109077	89109607	530
cCREs57277	chr10	89469137	89469667	530
cCREs57515	chr10	90529001	90529560	559
cCREs57532	chr10	90594948	90595689	741
cCREs57633	chr10	90844711	90845216	505
cCREs57698	chr10	90992167	90992719	552
cCREs57868	chr10	91757110	91757645	535
cCREs57996	chr10	92317647	92318493	846
cCREs58027	chr10	92452956	92453492	536
cCREs58131	chr10	93035359	93035877	518
cCREs58154	chr10	93116525	93117092	567
cCREs58177	chr10	93195472	93196207	735
cCREs58326	chr10	93767027	93767798	771
cCREs58345	chr10	93883740	93884373	633
cCREs58509	chr10	94473440	94473960	520
cCREs58536	chr10	94549489	94550374	885
cCREs58542	chr10	94561299	94562020	721
cCREs58779	chr10	95281490	95282003	513
cCREs58902	chr10	95691810	95692353	543
cCREs58921	chr10	95762104	95762684	580
cCREs59111	chr10	96547844	96548426	582
cCREs59150	chr10	96694704	96695212	508
cCREs59163	chr10	96730543	96731098	555
cCREs59184	chr10	96804272	96804818	546
cCREs59298	chr10	97340968	97341485	517
cCREs59450	chr10	98061026	98061601	575
cCREs59647	chr10	98924936	98925582	646
cCREs59756	chr10	99224180	99224702	522
cCREs59764	chr10	99243543	99244139	596
cCREs59841	chr10	99472711	99473497	786
cCREs60459	chr10	102568044	102568587	543
cCREs60629	chr10	103805790	103806299	509
cCREs60967	chr10	105789718	105790233	515
cCREs61116	chr10	106635895	106636396	501
cCREs61168	chr10	106835205	106835720	515
cCREs61252	chr10	107222258	107222771	513
cCREs61442	chr10	107987581	107988107	526
cCREs61573	chr10	108498753	108499308	555
cCREs61687	chr10	108779347	108779855	508
cCREs61889	chr10	109579635	109580136	501
cCREs62111	chr10	110357331	110357881	550
cCREs62254	chr10	110964018	110965015	997
cCREs62255	chr10	110971945	110972511	566
cCREs62365	chr10	111294322	111294823	501
cCREs62419	chr10	111511856	111512540	684
cCREs62426	chr10	111530803	111531314	511
cCREs62536	chr10	111880451	111881045	594
cCREs62552	chr10	111923727	111924598	871
cCREs62578	chr10	112039549	112040114	565
cCREs62592	chr10	112181463	112181981	518
cCREs63041	chr10	114682286	114682799	513
cCREs63231	chr10	115342842	115343510	668
cCREs63233	chr10	115354451	115355776	1325
cCREs63262	chr10	115481332	115481850	518
cCREs63265	chr10	115494250	115494751	501
cCREs63288	chr10	115578381	115578930	549
cCREs63443	chr10	116295978	116296479	501
cCREs63446	chr10	116304741	116305797	1056
cCREs63572	chr10	116776196	116776697	501
cCREs63761	chr10	117548667	117549191	524
cCREs63795	chr10	117690094	117690825	731
cCREs63805	chr10	117725303	117725815	512
cCREs63806	chr10	117725942	117726512	570
cCREs63811	chr10	117741394	117742289	895
cCREs63894	chr10	118092182	118092764	582
cCREs64478	chr10	120426086	120426743	657
cCREs64507	chr10	120632809	120633350	541
cCREs64558	chr10	120907651	120908271	620
cCREs64560	chr10	120911905	120912406	501
cCREs64657	chr10	121394126	121394808	682
cCREs64684	chr10	121486720	121487245	525
cCREs64765	chr10	121790965	121791468	503
cCREs64789	chr10	121884004	121884538	534
cCREs64803	chr10	121920698	121921442	744
cCREs64997	chr10	122784304	122784805	501
cCREs65021	chr10	122854200	122854713	513
cCREs65029	chr10	122869709	122870686	977
cCREs65087	chr10	123023488	123024005	517
cCREs65093	chr10	123048487	123049030	543
cCREs65194	chr10	123462601	123463366	765
cCREs65218	chr10	123549138	123549681	543
cCREs65311	chr10	124046517	124047207	690
cCREs65415	chr10	124843952	124844489	537
cCREs65534	chr10	125335321	125335842	521
cCREs65540	chr10	125351193	125351694	501
cCREs65544	chr10	125361177	125361698	521
cCREs65569	chr10	125500158	125500659	501
cCREs65853	chr10	126929451	126929978	527
cCREs65876	chr10	126988713	126989214	501
cCREs65934	chr10	127213971	127214672	701
cCREs66240	chr10	128586442	128586985	543
cCREs66241	chr10	128587850	128588409	559
cCREs66243	chr10	128592791	128593294	503
cCREs66317	chr10	128987838	128988361	523
cCREs66520	chr11	3533330	3533867	537
cCREs66529	chr11	3565912	3566462	550
cCREs66568	chr11	3752769	3753376	607
cCREs66625	chr11	3974202	3974762	560
cCREs66704	chr11	4309594	4310095	501
cCREs66768	chr11	4644991	4645495	504
cCREs66808	chr11	4771708	4772243	535
cCREs66814	chr11	4799762	4800263	501
cCREs66870	chr11	5022119	5022672	553
cCREs66892	chr11	5105644	5106158	514
cCREs66894	chr11	5111357	5111858	501
cCREs66924	chr11	5206413	5207449	1036
cCREs66932	chr11	5248327	5248842	515
cCREs66933	chr11	5249632	5250133	501
cCREs66947	chr11	5280865	5281483	618
cCREs67012	chr11	5643722	5644237	515
cCREs67103	chr11	6033816	6034317	501
cCREs67333	chr11	7070351	7070885	534
cCREs67363	chr11	7141765	7142266	501
cCREs67589	chr11	8423030	8423531	501
cCREs67591	chr11	8425466	8425967	501
cCREs67659	chr11	8601097	8601832	735
cCREs67674	chr11	8637905	8638660	755
cCREs67730	chr11	8829507	8830031	524
cCREs67735	chr11	8849876	8850377	501
cCREs67803	chr11	9245390	9245938	548
cCREs67928	chr11	9908223	9908881	658
cCREs68058	chr11	10994032	10994559	527
cCREs68068	chr11	11056881	11057399	518
cCREs68175	chr11	11815736	11816247	511
cCREs68183	chr11	11828156	11828699	543
cCREs68184	chr11	11829686	11830218	532
cCREs68188	chr11	11843481	11843989	508
cCREs68192	chr11	11851577	11852449	872
cCREs68199	chr11	11880645	11881289	644
cCREs68273	chr11	12255931	12256476	545
cCREs68297	chr11	12325476	12325990	514
cCREs68322	chr11	12397004	12397525	521
cCREs68874	chr11	16308654	16309351	697
cCREs69062	chr11	17188587	17189159	572
cCREs69115	chr11	17457552	17458067	515
cCREs69343	chr11	18949445	18949975	530
cCREs69698	chr11	20635122	20635655	533
cCREs69731	chr11	20815881	20816414	533
cCREs69761	chr11	20928177	20928698	521
cCREs69846	chr11	21242111	21242795	684
cCREs69963	chr11	22018699	22019217	518
cCREs70048	chr11	22374944	22375475	531
cCREs70082	chr11	22572594	22573465	871
cCREs70188	chr11	22963143	22964100	957
cCREs70189	chr11	22964349	22964951	602
cCREs70236	chr11	23270641	23271142	501
cCREs70559	chr11	24655918	24656492	574
cCREs70560	chr11	24663744	24664296	552
cCREs70596	chr11	24761365	24761879	514
cCREs70659	chr11	25142507	25143204	697
cCREs70818	chr11	25847409	25847910	501
cCREs71074	chr11	27239183	27239698	515
cCREs71112	chr11	27726477	27727024	547
cCREs71277	chr11	28882997	28883505	508
cCREs71326	chr11	29227417	29227931	514
cCREs71351	chr11	29432574	29433111	537
cCREs71630	chr11	30646788	30647301	513
cCREs71734	chr11	31389069	31389581	512
cCREs71788	chr11	31661008	31661529	521
cCREs71944	chr11	32086428	32086968	540
cCREs71974	chr11	32196044	32196566	522
cCREs71977	chr11	32217612	32218113	501
cCREs72083	chr11	32561163	32562160	997
cCREs72086	chr11	32565655	32566211	556
cCREs72130	chr11	32692064	32692652	588
cCREs72147	chr11	32728293	32728814	521
cCREs72379	chr11	33823067	33823604	537
cCREs72386	chr11	33835633	33836588	955
cCREs72574	chr11	34412252	34413106	854
cCREs72628	chr11	34829385	34830084	699
cCREs72723	chr11	35216307	35216862	555
cCREs72760	chr11	35298460	35298961	501
cCREs72763	chr11	35302308	35302842	534
cCREs72806	chr11	35405939	35406887	948
cCREs72821	chr11	35462229	35462752	523
cCREs72846	chr11	35553104	35553720	616
cCREs72886	chr11	35657511	35658543	1032
cCREs72896	chr11	35674331	35674844	513
cCREs72937	chr11	35831915	35832600	685
cCREs72988	chr11	35972233	35972974	741
cCREs73334	chr11	37050819	37051627	808
cCREs73390	chr11	37241426	37241927	501
cCREs73451	chr11	37557220	37557721	501
cCREs73777	chr11	39783427	39783928	501
cCREs73845	chr11	40295659	40296230	571
cCREs74021	chr11	41145695	41146210	515
cCREs74581	chr11	43531545	43532062	517
cCREs74797	chr11	44351324	44351837	513
cCREs74880	chr11	44657813	44658314	501
cCREs74884	chr11	44670325	44670837	512
cCREs74927	chr11	44835089	44835678	589
cCREs75030	chr11	45400606	45401176	570
cCREs75102	chr11	45789680	45790417	737
cCREs75111	chr11	45820834	45821335	501
cCREs75125	chr11	45874967	45875759	792
cCREs75264	chr11	46287791	46288292	501
cCREs75418	chr11	47024786	47025510	724
cCREs75465	chr11	47191683	47192301	618
cCREs75473	chr11	47220278	47220804	526
cCREs75552	chr11	47526484	47527119	635
cCREs75720	chr11	48292158	48292685	527
cCREs75832	chr11	48827030	48827539	509
cCREs75913	chr11	49288791	49289716	925
cCREs76026	chr11	49892667	49893209	542
cCREs76063	chr11	50012022	50012585	563
cCREs76101	chr11	50141312	50141823	511
cCREs76121	chr11	50209124	50209625	501
cCREs76129	chr11	50229353	50229908	555
cCREs76239	chr11	50671821	50672529	708
cCREs76256	chr11	50715387	50715962	575
cCREs76260	chr11	50721926	50722453	527
cCREs76272	chr11	50754584	50755087	503
cCREs76567	chr11	52281979	52282480	501
cCREs76611	chr11	52441042	52441569	527
cCREs76652	chr11	52627311	52627837	526
cCREs76761	chr11	53049444	53049965	521
cCREs76778	chr11	53105476	53105996	520
cCREs76801	chr11	53192420	53192942	522
cCREs76814	chr11	53283613	53284200	587
cCREs76866	chr11	53524774	53525312	538
cCREs76922	chr11	53786209	53787031	822
cCREs76971	chr11	53997581	53998229	648
cCREs77019	chr11	54193456	54193971	515
cCREs77062	chr11	54427114	54427654	540
cCREs77099	chr11	54668109	54668647	538
cCREs77106	chr11	54693562	54694063	501
cCREs77165	chr11	54893970	54894700	730
cCREs77221	chr11	55213521	55214067	546
cCREs77332	chr11	55813842	55814384	542
cCREs77778	chr11	57509081	57509881	800
cCREs77819	chr11	57648040	57648548	508
cCREs77875	chr11	57824064	57824565	501
cCREs77954	chr11	58223047	58223579	532
cCREs78001	chr11	58596146	58596756	610
cCREs78002	chr11	58599123	58599624	501
cCREs78086	chr11	59084754	59085266	512
cCREs78095	chr11	59147707	59148245	538
cCREs78097	chr11	59151028	59151529	501
cCREs78104	chr11	59182055	59182556	501
cCREs78122	chr11	59257604	59258120	516
cCREs78158	chr11	59413653	59414189	536
cCREs78236	chr11	59766383	59766937	554
cCREs78405	chr11	60321594	60322270	676
cCREs78462	chr11	60789687	60790188	501
cCREs78464	chr11	60807032	60807533	501
cCREs78558	chr11	61171759	61172260	501
cCREs78701	chr11	61743669	61744288	619
cCREs78737	chr11	61922191	61922692	501
cCREs78782	chr11	62130047	62130728	681
cCREs78813	chr11	62272873	62273374	501
cCREs78922	chr11	62945505	62946016	511
cCREs79052	chr11	63532835	63533351	516
cCREs79141	chr11	63978524	63979772	1248
cCREs79327	chr11	64958678	64959192	514
cCREs79333	chr11	64988717	64989238	521
cCREs79384	chr11	65127492	65127993	501
cCREs79468	chr11	65425649	65426208	559
cCREs79563	chr11	65828073	65828574	501
cCREs79672	chr11	66305457	66306019	562
cCREs79683	chr11	66354351	66354874	523
cCREs79806	chr11	66859569	66860268	699
cCREs80046	chr11	67703883	67704512	629
cCREs80122	chr11	67998011	67998523	512
cCREs80191	chr11	68220663	68221663	1000
cCREs80234	chr11	68373934	68374927	993
cCREs80566	chr11	69853105	69853623	518
cCREs80575	chr11	69891320	69891926	606
cCREs80610	chr11	70057717	70058470	753
cCREs80627	chr11	70114508	70115149	641
cCREs80737	chr11	70736215	70736768	553
cCREs80770	chr11	70897483	70898135	652
cCREs80788	chr11	70956389	70956967	578
cCREs80795	chr11	70984820	70985612	792
cCREs80884	chr11	71582632	71583133	501
cCREs80895	chr11	71620381	71620905	524
cCREs80908	chr11	71658289	71659066	777
cCREs80952	chr11	71816926	71817863	937
cCREs80977	chr11	71918071	71918586	515
cCREs81012	chr11	72037890	72038391	501
cCREs81017	chr11	72050100	72050642	542
cCREs81196	chr11	72802131	72802632	501
cCREs81292	chr11	73201082	73202024	942
cCREs81297	chr11	73225193	73225694	501
cCREs81307	chr11	73284321	73284864	543
cCREs81314	chr11	73303066	73303604	538
cCREs81365	chr11	74487255	74487900	645
cCREs81467	chr11	74987981	74988618	637
cCREs81548	chr11	75274113	75274640	527
cCREs81588	chr11	75415012	75415700	688
cCREs81681	chr11	75831202	75832841	1639
cCREs81722	chr11	75950269	75950770	501
cCREs81786	chr11	76241384	76241917	533
cCREs81792	chr11	76262417	76262996	579
cCREs81801	chr11	76291836	76292337	501
cCREs81823	chr11	76347468	76348023	555
cCREs81846	chr11	76415924	76416528	604
cCREs81944	chr11	76752246	76752773	527
cCREs82061	chr11	77481589	77482109	520
cCREs82099	chr11	77742828	77743412	584
cCREs82119	chr11	77816822	77817333	511
cCREs82180	chr11	78015416	78016316	900
cCREs82221	chr11	78224538	78225065	527
cCREs82270	chr11	78518785	78519477	692
cCREs82307	chr11	78656216	78656734	518
cCREs82315	chr11	78687477	78687983	506
cCREs82371	chr11	78953972	78954473	501
cCREs82457	chr11	79279921	79280483	562
cCREs82458	chr11	79282341	79282857	516
cCREs82469	chr11	79345264	79345771	507
cCREs82470	chr11	79345823	79346324	501
cCREs82904	chr11	81198994	81199614	620
cCREs83004	chr11	81591986	81592496	510
cCREs83097	chr11	81900482	81900983	501
cCREs83187	chr11	82253299	82253829	530
cCREs83216	chr11	82380461	82381307	846
cCREs83326	chr11	82804748	82805274	526
cCREs83523	chr11	83819572	83820073	501
cCREs83640	chr11	84437423	84438386	963
cCREs83755	chr11	85209956	85210461	505
cCREs83813	chr11	85547882	85548420	538
cCREs83898	chr11	85916082	85916652	570
cCREs84199	chr11	87562901	87563541	640
cCREs84211	chr11	87606442	87606943	501
cCREs84224	chr11	87666272	87666773	501
cCREs84260	chr11	87821423	87821946	523
cCREs84299	chr11	88082814	88083315	501
cCREs84379	chr11	88377628	88378129	501
cCREs84444	chr11	88532331	88532839	508
cCREs84483	chr11	88612879	88613529	650
cCREs84576	chr11	88983182	88983727	545
cCREs84677	chr11	89504739	89505252	513
cCREs84778	chr11	89886003	89886568	565
cCREs84821	chr11	90069581	90070082	501
cCREs84968	chr11	90535387	90535940	553
cCREs85375	chr11	93315317	93315915	598
cCREs85400	chr11	93414303	93414831	528
cCREs85654	chr11	94401319	94402075	756
cCREs85739	chr11	94727238	94727761	523
cCREs85766	chr11	94955036	94955590	554
cCREs85781	chr11	94995082	94995592	510
cCREs85859	chr11	95320430	95320967	537
cCREs85874	chr11	95359827	95360328	501
cCREs85959	chr11	95682156	95682698	542
cCREs85978	chr11	95762975	95763979	1004
cCREs85982	chr11	95775097	95775613	516
cCREs86018	chr11	96129096	96129613	517
cCREs86163	chr11	97006986	97007526	540
cCREs86279	chr11	97492454	97492993	539
cCREs86310	chr11	97572848	97573351	503
cCREs86549	chr11	98694259	98694786	527
cCREs86640	chr11	98965229	98965740	511
cCREs86648	chr11	99024689	99025223	534
cCREs87145	chr11	101472856	101473357	501
cCREs87146	chr11	101474226	101474727	501
cCREs87189	chr11	101692713	101693214	501
cCREs87207	chr11	101769677	101770219	542
cCREs87217	chr11	101815701	101816613	912
cCREs87230	chr11	101871357	101871866	509
cCREs87243	chr11	101906851	101907364	513
cCREs87310	chr11	102208796	102209339	543
cCREs87337	chr11	102288882	102289384	502
cCREs87418	chr11	102743825	102744326	501
cCREs87526	chr11	103120224	103120769	545
cCREs87600	chr11	103389759	103390297	538
cCREs87777	chr11	104211196	104211723	527
cCREs87788	chr11	104257514	104258015	501
cCREs87798	chr11	104292313	104292845	532
cCREs87869	chr11	104637947	104638474	527
cCREs87914	chr11	105085785	105086291	506
cCREs88001	chr11	105468186	105469098	912
cCREs88094	chr11	105879151	105879895	744
cCREs88117	chr11	105937513	105938040	527
cCREs88302	chr11	106762083	106763000	917
cCREs88334	chr11	106940425	106941100	675
cCREs88346	chr11	107002308	107002811	503
cCREs88358	chr11	107051579	107052080	501
cCREs88369	chr11	107080114	107080615	501
cCREs88374	chr11	107103616	107104155	539
cCREs88396	chr11	107235381	107235916	535
cCREs88511	chr11	107633837	107634365	528
cCREs88607	chr11	107932880	107933606	726
cCREs88661	chr11	108073809	108074315	506
cCREs88688	chr11	108140996	108141497	501
cCREs88776	chr11	108341499	108342019	520
cCREs88809	chr11	108524842	108525344	502
cCREs88895	chr11	108926830	108927536	706
cCREs88899	chr11	108931012	108931583	571
cCREs89024	chr11	109378507	109379024	517
cCREs89040	chr11	109449906	109450462	556
cCREs89087	chr11	109587519	109588020	501
cCREs89171	chr11	109885562	109886076	514
cCREs89173	chr11	109891249	109891754	505
cCREs89186	chr11	109957119	109957777	658
cCREs89199	chr11	110038022	110038523	501
cCREs89342	chr11	110772281	110772784	503
cCREs89367	chr11	110963539	110964087	548
cCREs89372	chr11	110998993	110999494	501
cCREs89374	chr11	111005911	111006412	501
cCREs89590	chr11	112172534	112173118	584
cCREs89595	chr11	112200290	112200791	501
cCREs89665	chr11	112588198	112588709	511
cCREs89795	chr11	113093158	113093659	501
cCREs89846	chr11	113272559	113273110	551
cCREs89866	chr11	113327446	113327991	545
cCREs89996	chr11	113692543	113693076	533
cCREs90201	chr11	114397445	114398113	668
cCREs90211	chr11	114429348	114429859	511
cCREs90274	chr11	114639581	114640536	955
cCREs90293	chr11	114694957	114695545	588
cCREs90314	chr11	114769909	114770456	547
cCREs90327	chr11	114810243	114810988	745
cCREs90420	chr11	115234455	115235164	709
cCREs90423	chr11	115240468	115240969	501
cCREs90431	chr11	115273062	115273563	501
cCREs90435	chr11	115287300	115287839	539
cCREs90516	chr11	115608313	115609182	869
cCREs90546	chr11	115695488	115695989	501
cCREs90571	chr11	115811328	115811999	671
cCREs90726	chr11	116528554	116529077	523
cCREs90750	chr11	116606670	116607225	555
cCREs90776	chr11	116681118	116681619	501
cCREs90824	chr11	116915962	116916564	602
cCREs91015	chr11	117508005	117508525	520
cCREs91018	chr11	117516423	117516997	574
cCREs91220	chr11	118176606	118177225	619
cCREs91227	chr11	118205585	118206206	621
cCREs91239	chr11	118239137	118239750	613
cCREs91266	chr11	118335885	118336414	529
cCREs91500	chr11	119072763	119073264	501
cCREs91507	chr11	119101240	119101760	520
cCREs91514	chr11	119125197	119125738	541
cCREs91551	chr11	119225613	119226114	501
cCREs91618	chr11	119570115	119570616	501
cCREs91653	chr11	119705758	119706259	501
cCREs91765	chr11	120005420	120006259	839
cCREs91828	chr11	120216902	120217515	613
cCREs91871	chr11	120352442	120352955	513
cCREs91914	chr11	120560174	120560694	520
cCREs91923	chr11	120615064	120616054	990
cCREs91932	chr11	120645342	120645891	549
cCREs91969	chr11	120850586	120851731	1145
cCREs92011	chr11	121056658	121057169	511
cCREs92051	chr11	121275574	121276075	501
cCREs92150	chr11	121748347	121748866	519
cCREs92153	chr11	121770545	121771053	508
cCREs92158	chr11	121799533	121800078	545
cCREs92177	chr12	3244024	3244525	501
cCREs92212	chr12	3395420	3396001	581
cCREs92331	chr12	3857137	3857671	534
cCREs92332	chr12	3858622	3859168	546
cCREs92343	chr12	3883221	3883743	522
cCREs92388	chr12	4024209	4024845	636
cCREs92424	chr12	4153063	4153578	515
cCREs92473	chr12	4365196	4365919	723
cCREs92610	chr12	5026867	5027397	530
cCREs92668	chr12	5188704	5189279	575
cCREs92768	chr12	5425684	5426230	546
cCREs92780	chr12	5474014	5474702	688
cCREs92838	chr12	5750184	5750957	773
cCREs93085	chr12	7212864	7213745	881
cCREs93295	chr12	8215391	8215899	508
cCREs93366	chr12	8440124	8441227	1103
cCREs93402	chr12	8559312	8559847	535
cCREs93427	chr12	8739719	8740274	555
cCREs93429	chr12	8748931	8749432	501
cCREs93478	chr12	8930232	8930934	702
cCREs93482	chr12	8945172	8945857	685
cCREs93506	chr12	9031915	9032437	522
cCREs93513	chr12	9053207	9053885	678
cCREs93515	chr12	9063475	9063976	501
cCREs93566	chr12	9313009	9313611	602
cCREs93639	chr12	9799184	9799685	501
cCREs93898	chr12	11144808	11145358	550
cCREs93907	chr12	11174361	11174886	525
cCREs93915	chr12	11201046	11201656	610
cCREs94265	chr12	12508255	12508781	526
cCREs94270	chr12	12544125	12544954	829
cCREs94379	chr12	12994011	12994528	517
cCREs94409	chr12	13076725	13077260	535
cCREs94492	chr12	13407272	13407802	530
cCREs94509	chr12	13465939	13466740	801
cCREs94532	chr12	13540013	13540535	522
cCREs95136	chr12	16522876	16523377	501
cCREs95246	chr12	16935317	16935861	544
cCREs95274	chr12	17053535	17054102	567
cCREs95469	chr12	17768733	17769886	1153
cCREs95500	chr12	20932501	20933260	759
cCREs95562	chr12	21238170	21238671	501
cCREs95565	chr12	21247654	21248155	501
cCREs95627	chr12	21507052	21507580	528
cCREs95662	chr12	24548708	24549256	548
cCREs95691	chr12	24656810	24657350	540
cCREs95704	chr12	24715338	24715911	573
cCREs95745	chr12	24866193	24867230	1037
cCREs95749	chr12	24877246	24877747	501
cCREs95754	chr12	24899503	24900033	530
cCREs95849	chr12	25208798	25209315	517
cCREs95857	chr12	25232273	25233454	1181
cCREs95878	chr12	25313137	25313638	501
cCREs95898	chr12	25451189	25451756	567
cCREs95977	chr12	25781980	25782526	546
cCREs95979	chr12	25785811	25786702	891
cCREs96122	chr12	26373171	26374247	1076
cCREs96140	chr12	26410235	26410736	501
cCREs96240	chr12	26875355	26875937	582
cCREs96528	chr12	28407947	28408512	565
cCREs96531	chr12	28427204	28427705	501
cCREs96553	chr12	28522965	28523755	790
cCREs96578	chr12	28604289	28604848	559
cCREs96591	chr12	28657873	28658422	549
cCREs96615	chr12	28731339	28732102	763
cCREs96638	chr12	28799165	28799677	512
cCREs96711	chr12	29032483	29033184	701
cCREs96713	chr12	29038464	29039018	554
cCREs96748	chr12	29152814	29153315	501
cCREs96783	chr12	29263713	29264223	510
cCREs96864	chr12	29614880	29615731	851
cCREs96995	chr12	29928016	29928669	653
cCREs97189	chr12	30608409	30608912	503
cCREs97315	chr12	31299670	31300238	568
cCREs97319	chr12	31310203	31311129	926
cCREs97326	chr12	31322214	31322735	521
cCREs97331	chr12	31343529	31344053	524
cCREs97398	chr12	31700870	31701385	515
cCREs97473	chr12	31943840	31944358	518
cCREs97514	chr12	32057817	32058330	513
cCREs97722	chr12	32923635	32924136	501
cCREs97736	chr12	32981831	32982332	501
cCREs97749	chr12	33008293	33008968	675
cCREs97758	chr12	33039626	33040162	536
cCREs97830	chr12	33212865	33213435	570
cCREs98025	chr12	34305242	34305783	541
cCREs98069	chr12	34500711	34501538	827
cCREs98238	chr12	35146230	35146768	538
cCREs98262	chr12	35210238	35210787	549
cCREs98272	chr12	35242339	35243038	699
cCREs98422	chr12	35993373	35993901	528
cCREs98523	chr12	36355565	36356090	525
cCREs98527	chr12	36379895	36380408	513
cCREs98627	chr12	36923384	36923952	568
cCREs99015	chr12	38843586	38844467	881
cCREs99037	chr12	38949079	38949694	615
cCREs99096	chr12	39328322	39328864	542
cCREs99253	chr12	40112866	40113412	546
cCREs99387	chr12	40538054	40538753	699
cCREs99388	chr12	40542027	40542570	543
cCREs99410	chr12	40593186	40593704	518
cCREs99445	chr12	40699970	40700501	531
cCREs99490	chr12	40811745	40812310	565
cCREs99497	chr12	40825874	40826450	576
cCREs99712	chr12	41769285	41770159	874
cCREs99714	chr12	41777205	41777818	613
cCREs99825	chr12	42414053	42414577	524
cCREs100298	chr12	45076194	45076891	697
cCREs100303	chr12	45093665	45094510	845
cCREs100335	chr12	45334372	45334873	501
cCREs100390	chr12	45612792	45613303	511
cCREs100461	chr12	46054445	46054986	541
cCREs100676	chr12	47413619	47414375	756
cCREs100699	chr12	47743736	47744237	501
cCREs100765	chr12	48596871	48597388	517
cCREs100846	chr12	49398623	49399124	501
cCREs100881	chr12	49516416	49516946	530
cCREs101021	chr12	50318583	50319105	522
cCREs101023	chr12	50335838	50336369	531
cCREs101181	chr12	51009663	51010164	501
cCREs101379	chr12	51958875	51959388	513
cCREs101479	chr12	52412174	52412683	509
cCREs101492	chr12	52457708	52458288	580
cCREs101603	chr12	52881657	52882183	526
cCREs101639	chr12	52980212	52980754	542
cCREs101682	chr12	53119308	53119830	522
cCREs101842	chr12	53804360	53804901	541
cCREs101912	chr12	54057289	54057797	508
cCREs101976	chr12	54371912	54372434	522
cCREs101989	chr12	54402611	54403120	509
cCREs102038	chr12	54636968	54637796	828
cCREs102114	chr12	55348866	55349654	788
cCREs102276	chr12	56095202	56095730	528
cCREs102291	chr12	56222947	56223485	538
cCREs102421	chr12	57030142	57030643	501
cCREs102434	chr12	57128080	57128624	544
cCREs102455	chr12	57265688	57266360	672
cCREs102456	chr12	57276041	57276615	574
cCREs102564	chr12	58088476	58089065	589
cCREs102581	chr12	58209861	58210819	958
cCREs102829	chr12	59410708	59411263	555
cCREs103165	chr12	61929719	61930257	538
cCREs103380	chr12	64293174	64293726	552
cCREs103739	chr12	66615024	66615541	517
cCREs103859	chr12	67128897	67129437	540
cCREs103900	chr12	67371378	67371879	501
cCREs104008	chr12	68356802	68357348	546
cCREs104010	chr12	68359538	68360048	510
cCREs104130	chr12	69072343	69072873	530
cCREs104142	chr12	69134116	69134633	517
cCREs104195	chr12	69434296	69435178	882
cCREs104204	chr12	69460787	69461297	510
cCREs104250	chr12	69694732	69695233	501
cCREs104306	chr12	69894192	69894866	674
cCREs104443	chr12	70314703	70315208	505
cCREs104693	chr12	71227658	71228256	598
cCREs104724	chr12	71335760	71336277	517
cCREs104900	chr12	71878808	71879309	501
cCREs104920	chr12	71916486	71917072	586
cCREs105013	chr12	72279138	72279892	754
cCREs105074	chr12	72494602	72495107	505
cCREs105100	chr12	72679181	72679698	517
cCREs105120	chr12	72777593	72778094	501
cCREs105223	chr12	73415990	73416680	690
cCREs105230	chr12	73452203	73452833	630
cCREs105305	chr12	73735895	73736427	532
cCREs105338	chr12	73815791	73816304	513
cCREs105430	chr12	74218483	74219033	550
cCREs105730	chr12	75489439	75489940	501
cCREs105783	chr12	75694928	75695630	702
cCREs105833	chr12	75894589	75895177	588
cCREs105835	chr12	75916564	75917120	556
cCREs105958	chr12	76458978	76459497	519
cCREs105978	chr12	76527513	76528040	527
cCREs106039	chr12	76689331	76689856	525
cCREs106041	chr12	76695721	76696251	530
cCREs106063	chr12	76812947	76813452	505
cCREs106080	chr12	76874741	76875277	536
cCREs106142	chr12	77067748	77068300	552
cCREs106173	chr12	77275110	77275621	511
cCREs106232	chr12	77577602	77578115	513
cCREs106368	chr12	78080725	78081226	501
cCREs106695	chr12	79778690	79779191	501
cCREs106879	chr12	80343900	80344418	518
cCREs107076	chr12	81132970	81134431	1461
cCREs107106	chr12	81224798	81225365	567
cCREs107176	chr12	81668304	81668830	526
cCREs107253	chr12	81946043	81946563	520
cCREs107318	chr12	82229463	82229975	512
cCREs107434	chr12	82669353	82669880	527
cCREs107648	chr12	83466055	83466678	623
cCREs107679	chr12	83582634	83583209	575
cCREs107736	chr12	83843873	83844422	549
cCREs107757	chr12	83942283	83942829	546
cCREs107788	chr12	84128442	84129151	709
cCREs107804	chr12	84180064	84180565	501
cCREs107858	chr12	84469638	84470139	501
cCREs107923	chr12	84790753	84791653	900
cCREs108010	chr12	85175010	85175542	532
cCREs108132	chr12	85636921	85637911	990
cCREs108288	chr12	86151010	86151535	525
cCREs108324	chr12	86323522	86324027	505
cCREs108331	chr12	86359268	86359769	501
cCREs108365	chr12	86568206	86568707	501
cCREs108404	chr12	86706372	86706894	522
cCREs108405	chr12	86709392	86709920	528
cCREs108578	chr12	87337372	87338223	851
cCREs109220	chr12	90608730	90609578	848
cCREs109287	chr12	91000345	91000846	501
cCREs109288	chr12	91001336	91001847	511
cCREs109296	chr12	91027678	91028232	554
cCREs109306	chr12	91070462	91070963	501
cCREs109357	chr12	91349118	91349646	528
cCREs109389	chr12	91578090	91578627	537
cCREs109402	chr12	91626356	91626857	501
cCREs109403	chr12	91630239	91630834	595
cCREs109840	chr12	94179706	94180259	553
cCREs110382	chr12	97604680	97605181	501
cCREs110594	chr12	98491945	98492462	517
cCREs110621	chr12	98580736	98581260	524
cCREs110738	chr12	98997841	98998899	1058
cCREs110805	chr12	99230260	99230805	545
cCREs110838	chr12	99319948	99320516	568
cCREs111029	chr12	99993092	99993966	874
cCREs111043	chr12	100034310	100034848	538
cCREs111224	chr12	100530456	100530962	506
cCREs111294	chr12	100811131	100811642	511
cCREs111370	chr12	101021520	101022267	747
cCREs111459	chr12	102004426	102004927	501
cCREs111505	chr12	102141419	102141937	518
cCREs111506	chr12	102143404	102143905	501
cCREs111570	chr12	102319432	102320398	966
cCREs111641	chr12	102582497	102583512	1015
cCREs111698	chr12	102713036	102713793	757
cCREs111782	chr12	103091729	103092237	508
cCREs111813	chr12	103185679	103186235	556
cCREs111829	chr12	103228957	103229479	522
cCREs112108	chr12	104749509	104750147	638
cCREs112146	chr12	104881996	104882935	939
cCREs112181	chr12	104971542	104972075	533
cCREs112182	chr12	104972813	104973314	501
cCREs112190	chr12	104995141	104995642	501
cCREs112194	chr12	105001725	105002267	542
cCREs112239	chr12	105277800	105278346	546
cCREs112257	chr12	105359273	105359791	518
cCREs112258	chr12	105360074	105360718	644
cCREs112332	chr12	105596488	105597182	694
cCREs112337	chr12	105609101	105609602	501
cCREs112339	chr12	105612804	105613373	569
cCREs112354	chr12	105667637	105668145	508
cCREs112386	chr12	105826788	105827304	516
cCREs112566	chr12	106432792	106433339	547
cCREs112633	chr12	106694926	106695454	528
cCREs112778	chr12	107511027	107511528	501
cCREs112896	chr12	107966954	107967462	508
cCREs112969	chr12	108203319	108203820	501
cCREs113045	chr12	108430890	108431391	501
cCREs113049	chr12	108443159	108443713	554
cCREs113163	chr12	108861922	108862455	533
cCREs113198	chr12	108975652	108976159	507
cCREs113226	chr12	109100352	109100878	526
cCREs113228	chr12	109110807	109111392	585
cCREs113293	chr12	109608303	109608823	520
cCREs113459	chr12	110476532	110477033	501
cCREs113628	chr12	111184515	111185016	501
cCREs113786	chr12	111735786	111736288	502
cCREs113853	chr12	111944185	111944760	575
cCREs113876	chr12	112063162	112063688	526
cCREs113905	chr12	112153357	112154043	686
cCREs113918	chr12	112187357	112187858	501
cCREs113938	chr12	112269249	112269833	584
cCREs113962	chr12	112344205	112344736	531
cCREs113981	chr12	112441301	112441802	501
cCREs114015	chr12	112561050	112561565	515
cCREs114036	chr12	112620651	112621214	563
cCREs114049	chr12	112663644	112664145	501
cCREs114078	chr12	112768946	112769944	998
cCREs114087	chr12	112804089	112804590	501
cCREs114169	chr12	113071431	113071942	511
cCREs114172	chr12	113083365	113083875	510
cCREs114241	chr12	116083032	116083668	636
cCREs114261	chr12	116211620	116212149	529
cCREs114306	chr12	116382201	116382808	607
cCREs114465	chr12	116940621	116941150	529
cCREs114611	chr12	117405062	117405575	513
cCREs114690	chr12	117651234	117651752	518
cCREs114724	chr12	117733715	117734219	504
cCREs114784	chr12	118021780	118022288	508
cCREs114809	chr12	118174068	118174603	535
cCREs114850	chr12	118485111	118485701	590
cCREs114873	chr12	118614095	118614720	625
cCREs114929	chr12	118996569	118997099	530
cCREs115141	chr13	3708816	3709336	520
cCREs115164	chr13	3787267	3787834	567
cCREs115347	chr13	5320892	5321428	536
cCREs115360	chr13	5410596	5411098	502
cCREs115560	chr13	6196665	6197176	511
cCREs115695	chr13	6643996	6644540	544
cCREs115925	chr13	8349335	8349836	501
cCREs116087	chr13	9122127	9122684	557
cCREs116166	chr13	9378312	9378955	643
cCREs116290	chr13	9800242	9800776	534
cCREs116291	chr13	9811833	9812384	551
cCREs116358	chr13	10061284	10061845	561
cCREs116678	chr13	11733239	11733875	636
cCREs116775	chr13	12021144	12021652	508
cCREs116929	chr13	12608445	12608946	501
cCREs116943	chr13	13350657	13351203	546
cCREs117025	chr13	13684035	13684547	512
cCREs117031	chr13	13731108	13731609	501
cCREs117044	chr13	13778888	13779436	548
cCREs117050	chr13	13796042	13796543	501
cCREs117063	chr13	13852525	13853026	501
cCREs117126	chr13	14269562	14270092	530
cCREs117191	chr13	14636728	14637234	506
cCREs117556	chr13	16818965	16819503	538
cCREs117585	chr13	16973438	16974281	843
cCREs117611	chr13	17124725	17125235	510
cCREs117645	chr13	17428300	17428825	525
cCREs117646	chr13	17429244	17429757	513
cCREs117743	chr13	18059435	18059966	531
cCREs117888	chr13	18718388	18718916	528
cCREs117950	chr13	18950411	18950915	504
cCREs117994	chr13	19085335	19085851	516
cCREs118038	chr13	19323181	19323785	604
cCREs118185	chr13	20041102	20041865	763
cCREs118208	chr13	20105671	20106399	728
cCREs118210	chr13	20107988	20108574	586
cCREs118244	chr13	20189228	20189733	505
cCREs118249	chr13	20197066	20197570	504
cCREs118364	chr13	20509189	20509707	518
cCREs118470	chr13	20968900	20969411	511
cCREs118594	chr13	21827830	21828331	501
cCREs118746	chr13	23429704	23430205	501
cCREs118813	chr13	23713564	23714065	501
cCREs118841	chr13	23843607	23844120	513
cCREs119180	chr13	24959965	24960528	563
cCREs119365	chr13	25743165	25743845	680
cCREs119410	chr13	25928096	25928612	516
cCREs119437	chr13	26033764	26034296	532
cCREs119463	chr13	26159841	26160387	546
cCREs119556	chr13	26659491	26660273	782
cCREs119601	chr13	26969357	26969858	501
cCREs119623	chr13	27059929	27060430	501
cCREs119650	chr13	27601257	27601758	501
cCREs119704	chr13	28400375	28400907	532
cCREs119723	chr13	28491355	28491870	515
cCREs119829	chr13	28845663	28846175	512
cCREs119958	chr13	29339645	29340172	527
cCREs119983	chr13	29413187	29413740	553
cCREs119993	chr13	29450931	29451462	531
cCREs119999	chr13	29479459	29479982	523
cCREs120011	chr13	29523762	29524294	532
cCREs120021	chr13	29559839	29560395	556
cCREs120065	chr13	29694377	29694903	526
cCREs120127	chr13	29916552	29917076	524
cCREs120224	chr13	30283383	30283884	501
cCREs120323	chr13	30746443	30746944	501
cCREs120336	chr13	30782079	30782923	844
cCREs120395	chr13	30970615	30971116	501
cCREs120476	chr13	31357037	31357538	501
cCREs120477	chr13	31359171	31359739	568
cCREs120502	chr13	31465621	31466122	501
cCREs120559	chr13	31775589	31776230	641
cCREs120561	chr13	31777181	31777724	543
cCREs120738	chr13	32511493	32511994	501
cCREs120763	chr13	32661939	32662493	554
cCREs120803	chr13	32819908	32820456	548
cCREs120912	chr13	33948361	33949127	766
cCREs120928	chr13	34031969	34032551	582
cCREs120990	chr13	34226201	34226702	501
cCREs121009	chr13	34266563	34267081	518
cCREs121120	chr13	34638179	34638711	532
cCREs121181	chr13	34903907	34904408	501
cCREs121226	chr13	35168985	35169507	522
cCREs121363	chr13	35817662	35818510	848
cCREs121373	chr13	35852367	35853245	878
cCREs121421	chr13	36023297	36023817	520
cCREs121541	chr13	36408749	36409281	532
cCREs121585	chr13	36535339	36535840	501
cCREs121884	chr13	37859898	37860436	538
cCREs122054	chr13	38609214	38609861	647
cCREs122203	chr13	39351318	39351825	507
cCREs122216	chr13	39488540	39489081	541
cCREs122242	chr13	39673248	39673977	729
cCREs122370	chr13	40694401	40694908	507
cCREs122392	chr13	40858484	40858994	510
cCREs122658	chr13	41882527	41883028	501
cCREs122697	chr13	42040663	42041250	587
cCREs122725	chr13	42146050	42146573	523
cCREs123033	chr13	43159326	43159893	567
cCREs123081	chr13	43274228	43274729	501
cCREs123091	chr13	43304664	43305219	555
cCREs123095	chr13	43323116	43323617	501
cCREs123096	chr13	43325341	43325867	526
cCREs123142	chr13	43537382	43537899	517
cCREs123196	chr13	43710659	43711160	501
cCREs123340	chr13	44236220	44236764	544
cCREs123443	chr13	44710022	44710532	510
cCREs123471	chr13	44815007	44815579	572
cCREs123481	chr13	44857309	44857943	634
cCREs123515	chr13	44980527	44981242	715
cCREs123516	chr13	44982633	44983236	603
cCREs123767	chr13	45774592	45775093	501
cCREs124073	chr13	46845413	46846175	762
cCREs124076	chr13	46858695	46859208	513
cCREs124085	chr13	46891015	46891557	542
cCREs124095	chr13	46910677	46911563	886
cCREs124127	chr13	47052491	47053009	518
cCREs124144	chr13	47102963	47103464	501
cCREs124154	chr13	47136387	47136890	503
cCREs124179	chr13	47205771	47206401	630
cCREs124182	chr13	47214815	47215334	519
cCREs124307	chr13	47862932	47863483	551
cCREs124322	chr13	47944969	47945476	507
cCREs124423	chr13	48509945	48510498	553
cCREs124438	chr13	48584233	48584909	676
cCREs124510	chr13	48893511	48894012	501
cCREs124579	chr13	49110698	49111219	521
cCREs124595	chr13	49154460	49154982	522
cCREs124599	chr13	49162158	49162663	505
cCREs124618	chr13	49225549	49226545	996
cCREs124667	chr13	49408586	49409087	501
cCREs124681	chr13	49452533	49453709	1176
cCREs124718	chr13	49601441	49601988	547
cCREs124780	chr13	50445129	50445658	529
cCREs125024	chr13	51803975	51804480	505
cCREs125041	chr13	51864656	51865164	508
cCREs125174	chr13	52338985	52339627	642
cCREs125197	chr13	52425804	52426305	501
cCREs125315	chr13	52848198	52849051	853
cCREs125530	chr13	53785058	53785765	707
cCREs125707	chr13	54310600	54311101	501
cCREs125796	chr13	54633150	54633734	584
cCREs125804	chr13	54672930	54673431	501
cCREs125860	chr13	54901501	54902002	501
cCREs125981	chr13	55469080	55469607	527
cCREs126132	chr13	56215983	56216550	567
cCREs126217	chr13	56573759	56574260	501
cCREs126256	chr13	56705132	56705655	523
cCREs126675	chr13	58193702	58194295	593
cCREs126684	chr13	58255019	58255535	516
cCREs126735	chr13	58520888	58521444	556
cCREs126832	chr13	58942323	58942844	521
cCREs127105	chr13	59892997	59893722	725
cCREs127119	chr13	59943493	59944205	712
cCREs127146	chr13	60042427	60043267	840
cCREs127194	chr13	60290656	60291166	510
cCREs127214	chr13	60350522	60351023	501
cCREs127378	chr13	62833383	62833932	549
cCREs127463	chr13	63137300	63138003	703
cCREs127466	chr13	63145138	63145722	584
cCREs127490	chr13	63211728	63212306	578
cCREs127562	chr13	63416730	63417339	609
cCREs127576	chr13	63518750	63519725	975
cCREs127604	chr13	63618476	63618977	501
cCREs127612	chr13	63665157	63666132	975
cCREs127616	chr13	63676344	63676853	509
cCREs127708	chr13	64205100	64205641	541
cCREs127742	chr13	64365144	64365716	572
cCREs127856	chr13	66986143	66986861	718
cCREs127881	chr13	67348664	67349238	574
cCREs127887	chr13	67403028	67403875	847
cCREs127935	chr13	68592324	68592901	577
cCREs127942	chr13	68606780	68607310	530
cCREs128050	chr13	68976712	68977231	519
cCREs128233	chr13	69588266	69588777	511
cCREs128294	chr13	69811079	69811650	571
cCREs128479	chr13	70580125	70580626	501
cCREs128526	chr13	70731259	70731986	727
cCREs128631	chr13	71223688	71224189	501
cCREs128694	chr13	71575781	71576652	871
cCREs128696	chr13	71592003	71592509	506
cCREs128752	chr13	71988559	71989145	586
cCREs128753	chr13	72000214	72000722	508
cCREs128766	chr13	72113473	72114006	533
cCREs128799	chr13	72280277	72280895	618
cCREs128800	chr13	72283588	72284131	543
cCREs128804	chr13	72299142	72300106	964
cCREs128809	chr13	72351375	72351876	501
cCREs128836	chr13	72590807	72591310	503
cCREs128838	chr13	72610718	72611238	520
cCREs128853	chr13	72749921	72750423	502
cCREs128943	chr13	73319661	73320172	511
cCREs128962	chr13	73416986	73417513	527
cCREs128969	chr13	73439025	73439534	509
cCREs129013	chr13	73628428	73629134	706
cCREs129037	chr13	73735173	73735684	511
cCREs129076	chr13	73880750	73882559	1809
cCREs129106	chr13	74014353	74014867	514
cCREs129110	chr13	74020806	74021388	582
cCREs129114	chr13	74033944	74034516	572
cCREs129148	chr13	74171078	74171604	526
cCREs129457	chr13	76211964	76212495	531
cCREs129587	chr13	76763326	76764550	1224
cCREs129634	chr13	76928093	76928599	506
cCREs129636	chr13	76930532	76931033	501
cCREs129686	chr13	77177899	77178428	529
cCREs129788	chr13	78005329	78005891	562
cCREs129968	chr13	79154738	79155251	513
cCREs130186	chr13	81086571	81087416	845
cCREs130214	chr13	81222108	81222812	704
cCREs130224	chr13	81241905	81242418	513
cCREs130241	chr13	81308140	81308656	516
cCREs130370	chr13	81869771	81870286	515
cCREs130677	chr13	83583810	83584359	549
cCREs130726	chr13	83723525	83724026	501
cCREs130844	chr13	84292535	84293075	540
cCREs130853	chr13	84340030	84340541	511
cCREs130961	chr13	84966811	84967407	596
cCREs131002	chr13	85276509	85277019	510
cCREs131337	chr13	88976036	88976550	514
cCREs131358	chr13	89078872	89079374	502
cCREs131370	chr13	89151758	89152333	575
cCREs131394	chr13	89254197	89254698	501
cCREs131510	chr13	89726326	89726855	529
cCREs131511	chr13	89728458	89728959	501
cCREs131574	chr13	90077557	90078382	825
cCREs131589	chr13	90147477	90148347	870
cCREs131651	chr13	90420915	90421451	536
cCREs131671	chr13	90525699	90526206	507
cCREs131722	chr13	90846037	90846581	544
cCREs131744	chr13	90927587	90928088	501
cCREs131791	chr13	91138960	91139500	540
cCREs131834	chr13	91313986	91314487	501
cCREs131870	chr13	91479046	91479589	543
cCREs131929	chr13	91700394	91700917	523
cCREs132057	chr13	92218473	92219436	963
cCREs132122	chr13	92468802	92469334	532
cCREs132401	chr13	93457599	93458205	606
cCREs132407	chr13	93468820	93469356	536
cCREs132411	chr13	93488462	93488983	521
cCREs132491	chr13	93850483	93851667	1184
cCREs132535	chr13	93989112	93990452	1340
cCREs132555	chr13	94067827	94068328	501
cCREs132566	chr13	94104303	94104842	539
cCREs132573	chr13	94118744	94119265	521
cCREs132652	chr13	94420727	94421299	572
cCREs132686	chr13	94536532	94537033	501
cCREs132687	chr13	94540179	94540701	522
cCREs132878	chr13	95326478	95326979	501
cCREs132883	chr13	95332037	95332927	890
cCREs133018	chr13	95827636	95828219	583
cCREs133096	chr13	96115676	96116197	521
cCREs133102	chr13	96147688	96148189	501
cCREs133191	chr13	96499169	96499691	522
cCREs133322	chr13	97162967	97163983	1016
cCREs133380	chr13	97359483	97359984	501
cCREs133381	chr13	97365158	97365732	574
cCREs133531	chr13	97784983	97785926	943
cCREs133550	chr13	97846045	97846555	510
cCREs133620	chr13	98049303	98049853	550
cCREs133896	chr13	99111272	99111844	572
cCREs133906	chr13	99143206	99143708	502
cCREs133944	chr13	99239762	99240284	522
cCREs134083	chr13	99632592	99633130	538
cCREs134244	chr13	100461215	100461727	512
cCREs134309	chr13	100864727	100865300	573
cCREs134457	chr13	101502587	101503129	542
cCREs134545	chr13	101780722	101781239	517
cCREs134943	chr13	103319034	103319541	507
cCREs134989	chr13	103539561	103540126	565
cCREs135130	chr13	104186405	104186911	506
cCREs135132	chr13	104195276	104195886	610
cCREs135150	chr13	104372834	104373351	517
cCREs135162	chr13	104434330	104434842	512
cCREs135379	chr13	105216829	105217653	824
cCREs135635	chr13	106575003	106575538	535
cCREs135771	chr13	107129395	107129906	511
cCREs135806	chr13	107261199	107261700	501
cCREs135906	chr13	107638128	107638633	505
cCREs135918	chr13	107682922	107683454	532
cCREs135952	chr13	107791679	107792208	529
cCREs136061	chr13	108173562	108174476	914
cCREs136071	chr13	108218484	108219026	542
cCREs136081	chr13	108242571	108243629	1058
cCREs136108	chr13	108322804	108323377	573
cCREs136111	chr13	108331062	108331582	520
cCREs136164	chr13	108530799	108531328	529
cCREs136170	chr13	108544006	108544546	540
cCREs136383	chr13	109436298	109436799	501
cCREs136470	chr13	109689315	109689832	517
cCREs136489	chr13	109733440	109734001	561
cCREs136519	chr13	109835997	109836500	503
cCREs136558	chr13	109943142	109943646	504
cCREs136732	chr13	110512725	110513268	543
cCREs136740	chr13	110542596	110543123	527
cCREs136767	chr13	110631898	110632399	501
cCREs136830	chr13	110820262	110820763	501
cCREs136946	chr13	111270707	111271316	609
cCREs136973	chr13	111351649	111352605	956
cCREs137139	chr13	112193672	112194173	501
cCREs137216	chr13	112451629	112452347	718
cCREs137217	chr13	112453995	112454512	517
cCREs137225	chr13	112493164	112493694	530
cCREs137239	chr13	112532745	112533274	529
cCREs137301	chr13	112813713	112814240	527
cCREs137322	chr13	112917342	112917862	520
cCREs137406	chr13	113342364	113343353	989
cCREs137588	chr13	113912876	113913392	516
cCREs137690	chr13	114292809	114293338	529
cCREs137740	chr13	114521842	114522362	520
cCREs137780	chr13	114772924	114773444	520
cCREs138013	chr13	116083144	116083647	503
cCREs138130	chr13	116865949	116866450	501
cCREs138178	chr13	116980871	116981738	867
cCREs138632	chr13	119372947	119373480	533
cCREs138775	chr14	7821257	7821758	501
cCREs138810	chr14	7920606	7921139	533
cCREs138959	chr14	8350705	8351566	861
cCREs139157	chr14	9467695	9468291	596
cCREs139168	chr14	9508566	9509098	532
cCREs139374	chr14	10436433	10437440	1007
cCREs139455	chr14	10847111	10847705	594
cCREs139470	chr14	10932425	10933380	955
cCREs139545	chr14	11243254	11243755	501
cCREs139583	chr14	11504691	11505619	928
cCREs139595	chr14	11573017	11573527	510
cCREs139601	chr14	11593261	11593762	501
cCREs139677	chr14	11791082	11791633	551
cCREs139734	chr14	11938256	11938785	529
cCREs139769	chr14	12056899	12057425	526
cCREs139816	chr14	12168688	12169336	648
cCREs139828	chr14	12190992	12191493	501
cCREs139835	chr14	12209153	12209683	530
cCREs140100	chr14	13006338	13006839	501
cCREs140304	chr14	14044676	14045222	546
cCREs140327	chr14	14107194	14107701	507
cCREs140366	chr14	14515217	14515759	542
cCREs140367	chr14	14515855	14516359	504
cCREs140373	chr14	14599470	14600441	971
cCREs140385	chr14	14675101	14675602	501
cCREs140451	chr14	14997476	14998003	527
cCREs140631	chr14	16184978	16185678	700
cCREs140664	chr14	16327066	16327576	510
cCREs140682	chr14	16414092	16414607	515
cCREs140717	chr14	16534922	16535459	537
cCREs140837	chr14	17169841	17170350	509
cCREs140940	chr14	17756632	17757140	508
cCREs141009	chr14	17986509	17987034	525
cCREs141166	chr14	18849288	18849834	546
cCREs141213	chr14	19722892	19723393	501
cCREs141244	chr14	19804463	19805004	541
cCREs141385	chr14	20317787	20318288	501
cCREs141431	chr14	20565651	20566189	538
cCREs141449	chr14	20648435	20649241	806
cCREs141515	chr14	20863122	20863645	523
cCREs141559	chr14	21036536	21037062	526
cCREs141590	chr14	21206379	21206880	501
cCREs141647	chr14	21457971	21458521	550
cCREs141751	chr14	21798563	21799064	501
cCREs141788	chr14	22023059	22023865	806
cCREs141791	chr14	22035754	22036756	1002
cCREs141816	chr14	22160411	22161077	666
cCREs141892	chr14	22574883	22575418	535
cCREs141961	chr14	22949343	22949928	585
cCREs141969	chr14	22996719	22997284	565
cCREs141976	chr14	23047889	23048390	501
cCREs142085	chr14	23496240	23496800	560
cCREs142318	chr14	24098925	24099432	507
cCREs142373	chr14	24269531	24270055	524
cCREs142402	chr14	24477282	24477783	501
cCREs142409	chr14	24509261	24509988	727
cCREs142496	chr14	24862042	24862543	501
cCREs142524	chr14	24963409	24963967	558
cCREs142569	chr14	25093077	25093583	506
cCREs142576	chr14	25115075	25115628	553
cCREs142600	chr14	25193372	25193873	501
cCREs142623	chr14	25254118	25254634	516
cCREs142637	chr14	25306365	25306905	540
cCREs142659	chr14	25372472	25373017	545
cCREs142688	chr14	25489184	25489911	727
cCREs142709	chr14	25525696	25526681	985
cCREs142729	chr14	25579343	25579852	509
cCREs142746	chr14	25620779	25621322	543
cCREs142756	chr14	25643584	25644222	638
cCREs142803	chr14	25754422	25755242	820
cCREs142904	chr14	26655659	26656190	531
cCREs142998	chr14	27239832	27240333	501
cCREs143039	chr14	27366992	27367854	862
cCREs143614	chr14	29522273	29522774	501
cCREs143845	chr14	30261473	30262309	836
cCREs143870	chr14	30336537	30337038	501
cCREs143922	chr14	30573207	30573735	528
cCREs143990	chr14	30833101	30833616	515
cCREs144068	chr14	31218911	31219428	517
cCREs144104	chr14	31394088	31394622	534
cCREs144125	chr14	31438091	31438632	541
cCREs144169	chr14	31664355	31665122	767
cCREs144170	chr14	31665409	31665995	586
cCREs144194	chr14	31778141	31778642	501
cCREs144200	chr14	31796606	31797287	681
cCREs144235	chr14	31972329	31973144	815
cCREs144356	chr14	32523049	32523550	501
cCREs144370	chr14	32569758	32570259	501
cCREs144400	chr14	32687117	32687768	651
cCREs144486	chr14	33090911	33091419	508
cCREs144551	chr14	33337821	33338367	546
cCREs144640	chr14	33646026	33646527	501
cCREs144814	chr14	34461160	34461676	516
cCREs144891	chr14	34838989	34839504	515
cCREs144960	chr14	35028966	35029467	501
cCREs144962	chr14	35035117	35035668	551
cCREs145149	chr14	36057664	36058217	553
cCREs145185	chr14	36277313	36278064	751
cCREs145255	chr14	36694860	36695400	540
cCREs145264	chr14	36729548	36730091	543
cCREs145273	chr14	36751207	36751711	504
cCREs145336	chr14	37012050	37012556	506
cCREs145602	chr14	38741904	38742557	653
cCREs145659	chr14	38972352	38972943	591
cCREs145999	chr14	41023840	41024382	542
cCREs146000	chr14	41025297	41026043	746
cCREs146253	chr14	45486352	45486941	589
cCREs146428	chr14	46355693	46356254	561
cCREs146438	chr14	46390378	46390983	605
cCREs146442	chr14	46418305	46419228	923
cCREs146444	chr14	46435923	46436752	829
cCREs146655	chr14	47359538	47360081	543
cCREs146809	chr14	47983844	47984635	791
cCREs146846	chr14	48135774	48136313	539
cCREs146916	chr14	48334376	48334937	561
cCREs146964	chr14	48572181	48572749	568
cCREs146975	chr14	48630808	48631345	537
cCREs147210	chr14	49781817	49782401	584
cCREs147220	chr14	49803267	49803789	522
cCREs147235	chr14	50297611	50298220	609
cCREs147252	chr14	50823959	50824833	874
cCREs147494	chr14	53470589	53471119	530
cCREs147500	chr14	53543113	53543663	550
cCREs147517	chr14	53681312	53682158	846
cCREs147602	chr14	54087848	54088349	501
cCREs147616	chr14	54125508	54126057	549
cCREs147677	chr14	54379962	54380463	501
cCREs147731	chr14	54622547	54623048	501
cCREs147795	chr14	54906418	54906931	513
cCREs148059	chr14	56282355	56282889	534
cCREs148079	chr14	56358343	56358899	556
cCREs148134	chr14	56719789	56720290	501
cCREs148199	chr14	57272242	57272768	526
cCREs148226	chr14	57349403	57350093	690
cCREs148237	chr14	57371079	57371747	668
cCREs148303	chr14	57651939	57652457	518
cCREs148366	chr14	57884070	57884744	674
cCREs148478	chr14	58322168	58322754	586
cCREs148502	chr14	58476192	58476693	501
cCREs148534	chr14	58626450	58626969	519
cCREs148555	chr14	58735834	58736337	503
cCREs148663	chr14	59510082	59510639	557
cCREs148668	chr14	59519124	59519657	533
cCREs148699	chr14	59635668	59636234	566
cCREs148957	chr14	60671373	60671891	518
cCREs149190	chr14	61604041	61604548	507
cCREs149195	chr14	61690851	61691363	512
cCREs149200	chr14	61719448	61719993	545
cCREs149223	chr14	61813206	61813710	504
cCREs149234	chr14	61866454	61867021	567
cCREs149270	chr14	62084004	62085039	1035
cCREs149321	chr14	62339790	62340322	532
cCREs149424	chr14	62797574	62798101	527
cCREs149454	chr14	62899184	62899724	540
cCREs149493	chr14	63073737	63074253	516
cCREs149554	chr14	63412627	63413182	555
cCREs149580	chr14	63504450	63504963	513
cCREs149678	chr14	63854892	63855408	516
cCREs149720	chr14	64007846	64008412	566
cCREs149835	chr14	64349091	64349598	507
cCREs150040	chr14	64964209	64965007	798
cCREs150051	chr14	65002940	65003444	504
cCREs150054	chr14	65015151	65015662	511
cCREs150062	chr14	65032681	65033360	679
cCREs150070	chr14	65054156	65054657	501
cCREs150157	chr14	65356303	65356853	550
cCREs150233	chr14	65614499	65615392	893
cCREs150236	chr14	65622107	65622665	558
cCREs150260	chr14	65722767	65723270	503
cCREs150273	chr14	65761810	65762574	764
cCREs150292	chr14	65864055	65864583	528
cCREs150323	chr14	65969448	65970046	598
cCREs150371	chr14	66172025	66172536	511
cCREs150425	chr14	66352629	66353232	603
cCREs150543	chr14	66825281	66825920	639
cCREs150643	chr14	67149868	67150378	510
cCREs150754	chr14	67731617	67732357	740
cCREs150764	chr14	67766266	67766801	535
cCREs150806	chr14	67910013	67910530	517
cCREs150952	chr14	68498627	68499142	515
cCREs150960	chr14	68591300	68591809	509
cCREs151023	chr14	68977605	68978246	641
cCREs151132	chr14	69895493	69896265	772
cCREs151165	chr14	70019482	70020011	529
cCREs151191	chr14	70101970	70102500	530
cCREs151333	chr14	70590305	70590806	501
cCREs151731	chr14	72601493	72602008	515
cCREs151847	chr14	73177672	73178173	501
cCREs152043	chr14	73962602	73963103	501
cCREs152229	chr14	74737444	74737945	501
cCREs152274	chr14	74862154	74862842	688
cCREs152290	chr14	74902994	74903618	624
cCREs152389	chr14	75275215	75275788	573
cCREs152496	chr14	75700235	75700800	565
cCREs152595	chr14	76025179	76025696	517
cCREs152734	chr14	76545925	76546479	554
cCREs152748	chr14	76590026	76590527	501
cCREs152894	chr14	77016299	77016819	520
cCREs153109	chr14	77683040	77683605	565
cCREs153157	chr14	77831350	77831924	574
cCREs153346	chr14	78576859	78577392	533
cCREs153380	chr14	78679714	78680247	533
cCREs153432	chr14	78886457	78887026	569
cCREs153463	chr14	79013860	79014420	560
cCREs153512	chr14	79162573	79163120	547
cCREs153536	chr14	79235136	79235815	679
cCREs153551	chr14	79275501	79276002	501
cCREs153552	chr14	79277617	79278445	828
cCREs153559	chr14	79296713	79297252	539
cCREs153603	chr14	79500500	79501001	501
cCREs153607	chr14	79510536	79511057	521
cCREs153650	chr14	79702580	79703328	748
cCREs153914	chr14	80603429	80604030	601
cCREs154355	chr14	84639047	84639574	527
cCREs154359	chr14	84651444	84651977	533
cCREs154446	chr14	85353049	85353605	556
cCREs154529	chr14	86012435	86012951	516
cCREs154845	chr14	87367100	87367721	621
cCREs154850	chr14	87405743	87406259	516
cCREs154861	chr14	87444595	87445096	501
cCREs155155	chr14	89416527	89417100	573
cCREs155315	chr14	91091667	91092266	599
cCREs155500	chr14	92990268	92990787	519
cCREs155697	chr14	93764251	93764773	522
cCREs155832	chr14	94663982	94664491	509
cCREs155909	chr14	95410233	95410754	521
cCREs156056	chr14	96588153	96588693	540
cCREs156059	chr14	96601058	96601559	501
cCREs156195	chr14	97869423	97869993	570
cCREs156228	chr14	98062408	98062954	546
cCREs156297	chr14	98513964	98514507	543
cCREs156397	chr14	99033454	99033965	511
cCREs156549	chr14	99605483	99606156	673
cCREs156554	chr14	99616545	99617401	856
cCREs156628	chr14	99890389	99890930	541
cCREs156795	chr14	100523505	100524104	599
cCREs156808	chr14	100583961	100584479	518
cCREs156851	chr14	100757015	100757524	509
cCREs157193	chr14	102161584	102162373	789
cCREs157402	chr14	103128425	103128944	519
cCREs157561	chr14	103721609	103722110	501
cCREs157586	chr14	103836933	103837434	501
cCREs157685	chr14	104501565	104502066	501
cCREs157733	chr14	104812528	104813277	749
cCREs157773	chr14	105122346	105122892	546
cCREs157831	chr14	105348505	105349232	727
cCREs157939	chr14	105799319	105799869	550
cCREs157944	chr14	105817599	105818134	535
cCREs158054	chr14	106602994	106603537	543
cCREs158257	chr14	108245978	108246558	580
cCREs158516	chr14	110238650	110239170	520
cCREs158547	chr14	110472588	110473134	546
cCREs158586	chr14	110745409	110745951	542
cCREs158648	chr14	111211221	111211732	511
cCREs158808	chr14	112114145	112114659	514
cCREs159121	chr14	114680019	114680542	523
cCREs159208	chr14	115031641	115032726	1085
cCREs159252	chr14	115341357	115341858	501
cCREs159268	chr14	115414522	115415034	512
cCREs159312	chr14	115638234	115639073	839
cCREs159329	chr14	115715344	115715854	510
cCREs159333	chr14	115738639	115739183	544
cCREs159343	chr14	115804188	115805203	1015
cCREs159359	chr14	115847905	115848412	507
cCREs159366	chr14	115881480	115882014	534
cCREs159550	chr14	117050821	117051370	549
cCREs159605	chr14	117276314	117276853	539
cCREs159623	chr14	117352290	117352827	537
cCREs159685	chr14	117581603	117582115	512
cCREs159728	chr14	117725549	117726062	513
cCREs159898	chr14	118455703	118456226	523
cCREs159902	chr14	118476856	118477360	504
cCREs159905	chr14	118488124	118488645	521
cCREs159998	chr14	118836091	118836608	517
cCREs160000	chr14	118843578	118844099	521
cCREs160010	chr14	118876846	118877377	531
cCREs160069	chr14	119078581	119079099	518
cCREs160083	chr14	119139692	119140193	501
cCREs160160	chr14	119456616	119457124	508
cCREs160185	chr14	119548580	119549081	501
cCREs160283	chr14	119911203	119911721	518
cCREs160360	chr14	120242324	120242858	534
cCREs160373	chr14	120287430	120288404	974
cCREs160383	chr14	120303668	120304217	549
cCREs160420	chr14	120383078	120384072	994
cCREs160435	chr14	120422865	120423369	504
cCREs160443	chr14	120454647	120455159	512
cCREs160697	chr14	121277467	121277968	501
cCREs160830	chr14	121656774	121657302	528
cCREs160882	chr14	121781076	121781938	862
cCREs160886	chr14	121807236	121807737	501
cCREs160948	chr14	122012223	122012757	534
cCREs161063	chr14	122513423	122514071	648
cCREs161064	chr14	122514541	122515069	528
cCREs161093	chr14	122688335	122688836	501
cCREs161096	chr14	122714803	122715385	582
cCREs161134	chr14	122853437	122853976	539
cCREs161189	chr14	123058199	123058748	549
cCREs161276	chr14	123445821	123446504	683
cCREs161311	chr14	123615787	123616290	503
cCREs161491	chr15	3268201	3268746	545
cCREs161527	chr15	3449460	3450395	935
cCREs161594	chr15	3984881	3985396	515
cCREs161605	chr15	4040846	4041378	532
cCREs161611	chr15	4052475	4052979	504
cCREs161972	chr15	6360678	6361594	916
cCREs162029	chr15	6626796	6627326	530
cCREs162031	chr15	6636825	6637511	686
cCREs162051	chr15	6720376	6720884	508
cCREs162175	chr15	7165396	7165928	532
cCREs162192	chr15	7221194	7221708	514
cCREs162233	chr15	7415660	7416188	528
cCREs162234	chr15	7416795	7417303	508
cCREs162247	chr15	7483352	7483864	512
cCREs162249	chr15	7489203	7489704	501
cCREs162252	chr15	7496907	7497466	559
cCREs162255	chr15	7531142	7531750	608
cCREs162311	chr15	7925295	7925856	561
cCREs162409	chr15	8509348	8509949	601
cCREs162466	chr15	8739500	8740030	530
cCREs162750	chr15	10476286	10476787	501
cCREs162759	chr15	10515067	10515599	532
cCREs162810	chr15	10705548	10706228	680
cCREs162830	chr15	10763010	10763586	576
cCREs162870	chr15	10947682	10948184	502
cCREs162920	chr15	11151183	11151826	643
cCREs163000	chr15	11395930	11396434	504
cCREs163015	chr15	11459744	11460484	740
cCREs163041	chr15	11595231	11595781	550
cCREs163096	chr15	11816891	11817478	587
cCREs163157	chr15	12043869	12044377	508
cCREs163208	chr15	12224167	12224696	529
cCREs163240	chr15	12327401	12327922	521
cCREs163248	chr15	12344012	12344583	571
cCREs163392	chr15	12733597	12734103	506
cCREs163454	chr15	12931940	12932461	521
cCREs163509	chr15	13135335	13135836	501
cCREs163601	chr15	13549356	13550049	693
cCREs163657	chr15	13993920	13994452	532
cCREs163658	chr15	14011649	14012183	534
cCREs164235	chr15	18912875	18913383	508
cCREs164610	chr15	22031453	22031954	501
cCREs164706	chr15	22833696	22834243	547
cCREs164790	chr15	23317269	23317856	587
cCREs164930	chr15	24514772	24515284	512
cCREs165116	chr15	25362345	25362876	531
cCREs165195	chr15	25607577	25608092	515
cCREs165239	chr15	25737253	25737767	514
cCREs165302	chr15	25896309	25896811	502
cCREs165314	chr15	25917351	25917882	531
cCREs165370	chr15	26140803	26141367	564
cCREs165505	chr15	26699743	26700275	532
cCREs165546	chr15	26873422	26873924	502
cCREs165609	chr15	27238261	27238788	527
cCREs165626	chr15	27341732	27342248	516
cCREs165700	chr15	27543040	27543583	543
cCREs165806	chr15	27781699	27782376	677
cCREs165830	chr15	27819994	27820550	556
cCREs165926	chr15	27995440	27995980	540
cCREs165946	chr15	28043594	28044485	891
cCREs166274	chr15	30278552	30279397	845
cCREs166438	chr15	30780746	30781420	674
cCREs166443	chr15	30794441	30794942	501
cCREs166478	chr15	30920214	30920766	552
cCREs166495	chr15	30959081	30959582	501
cCREs166591	chr15	31289272	31289809	537
cCREs166706	chr15	31608772	31609322	550
cCREs166841	chr15	32217749	32218250	501
cCREs166950	chr15	32550992	32551509	517
cCREs166953	chr15	32562400	32563084	684
cCREs166989	chr15	32677958	32678515	557
cCREs166992	chr15	32685763	32686473	710
cCREs167067	chr15	33286233	33286757	524
cCREs167069	chr15	33311511	33312093	582
cCREs167218	chr15	34275745	34276279	534
cCREs167268	chr15	34413718	34414378	660
cCREs167496	chr15	35711671	35712272	601
cCREs167504	chr15	35755075	35755722	647
cCREs167583	chr15	36168895	36169445	550
cCREs167587	chr15	36204467	36204968	501
cCREs167714	chr15	36704200	36704721	521
cCREs167721	chr15	36721886	36722621	735
cCREs167776	chr15	36903060	36903607	547
cCREs167783	chr15	36922644	36923210	566
cCREs167940	chr15	37549892	37550463	571
cCREs167951	chr15	37586100	37586632	532
cCREs167953	chr15	37589549	37590079	530
cCREs167958	chr15	37601859	37602388	529
cCREs167973	chr15	37642752	37643290	538
cCREs168105	chr15	38169606	38170123	517
cCREs168140	chr15	38332361	38332868	507
cCREs168284	chr15	39020844	39021418	574
cCREs168411	chr15	39680592	39681164	572
cCREs168421	chr15	39725563	39726224	661
cCREs168550	chr15	40167978	40168504	526
cCREs168909	chr15	41730682	41731212	530
cCREs168935	chr15	41796716	41797327	611
cCREs168942	chr15	41832014	41832813	799
cCREs168986	chr15	42071741	42072257	516
cCREs169011	chr15	42256278	42257026	748
cCREs169039	chr15	42419709	42420238	529
cCREs169779	chr15	47723679	47724463	784
cCREs169795	chr15	47811021	47811751	730
cCREs169813	chr15	47911454	47911958	504
cCREs169842	chr15	48092408	48092944	536
cCREs170354	chr15	51681158	51681699	541
cCREs170491	chr15	52393292	52393813	521
cCREs170526	chr15	52576330	52577143	813
cCREs170694	chr15	53256776	53257301	525
cCREs170696	chr15	53260940	53261446	506
cCREs170715	chr15	53303853	53304369	516
cCREs170902	chr15	54291061	54291630	569
cCREs170913	chr15	54338756	54339284	528
cCREs170923	chr15	54393842	54394386	544
cCREs171034	chr15	54870696	54871197	501
cCREs171035	chr15	54880861	54881378	517
cCREs171052	chr15	54922919	54923478	559
cCREs171093	chr15	55060338	55061069	731
cCREs171104	chr15	55125451	55125958	507
cCREs171152	chr15	55269809	55270572	763
cCREs171195	chr15	55437141	55437665	524
cCREs171199	chr15	55457179	55457708	529
cCREs171228	chr15	55568199	55568900	701
cCREs171264	chr15	55774457	55774958	501
cCREs171331	chr15	56042327	56043526	1199
cCREs171340	chr15	56103649	56104186	537
cCREs171415	chr15	56680982	56681709	727
cCREs171489	chr15	57366155	57366709	554
cCREs171569	chr15	57736869	57737431	562
cCREs171604	chr15	57815895	57816900	1005
cCREs171614	chr15	57846692	57847230	538
cCREs171718	chr15	58207616	58208660	1044
cCREs171917	chr15	58904921	58905500	579
cCREs172000	chr15	59095098	59095646	548
cCREs172117	chr15	59548762	59549461	699
cCREs172227	chr15	59921231	59921732	501
cCREs172278	chr15	60137181	60137800	619
cCREs172431	chr15	61004750	61005597	847
cCREs172452	chr15	61155428	61155996	568
cCREs172619	chr15	61953054	61953555	501
cCREs172977	chr15	63675417	63676134	717
cCREs172987	chr15	63728123	63728645	522
cCREs173048	chr15	64073407	64073934	527
cCREs173124	chr15	64259921	64260697	776
cCREs173165	chr15	64363349	64363972	623
cCREs173173	chr15	64375899	64376400	501
cCREs173236	chr15	64586632	64587211	579
cCREs173264	chr15	64685190	64685721	531
cCREs173269	chr15	64695625	64696328	703
cCREs173303	chr15	64826004	64826511	507
cCREs173407	chr15	65503542	65504427	885
cCREs173531	chr15	66055431	66055972	541
cCREs173940	chr15	67466266	67466788	522
cCREs173952	chr15	67514929	67515430	501
cCREs174019	chr15	67885759	67886345	586
cCREs174178	chr15	68409478	68409985	507
cCREs174270	chr15	68738049	68738572	523
cCREs174472	chr15	69591541	69592042	501
cCREs174475	chr15	69603202	69603703	501
cCREs174504	chr15	69815764	69816300	536
cCREs174603	chr15	70490707	70491264	557
cCREs174865	chr15	71904299	71904807	508
cCREs175020	chr15	72673126	72674218	1092
cCREs175034	chr15	72711680	72712243	563
cCREs175055	chr15	72772243	72772760	517
cCREs175116	chr15	72982283	72982829	546
cCREs175136	chr15	73049794	73050337	543
cCREs175172	chr15	73170440	73171002	562
cCREs175195	chr15	73256260	73256761	501
cCREs175273	chr15	73539741	73540242	501
cCREs175289	chr15	73591675	73592201	526
cCREs175293	chr15	73600067	73600618	551
cCREs175309	chr15	73642770	73643299	529
cCREs175341	chr15	73761241	73761742	501
cCREs175367	chr15	73859679	73860180	501
cCREs175384	chr15	73935264	73935794	530
cCREs175509	chr15	74369305	74369826	521
cCREs175517	chr15	74394871	74395388	517
cCREs175567	chr15	74561456	74561970	514
cCREs175594	chr15	74612549	74613100	551
cCREs175608	chr15	74643150	74644336	1186
cCREs175684	chr15	75000492	75001016	524
cCREs175734	chr15	75614677	75615227	550
cCREs175741	chr15	75647919	75648700	781
cCREs175745	chr15	75663490	75664057	567
cCREs175774	chr15	75760971	75761521	550
cCREs175835	chr15	76015049	76015564	515
cCREs175897	chr15	76314274	76314846	572
cCREs175933	chr15	76462115	76462657	542
cCREs175958	chr15	76590547	76591059	512
cCREs175969	chr15	76653375	76653901	526
cCREs176016	chr15	76785825	76786353	528
cCREs176117	chr15	77199454	77199955	501
cCREs176370	chr15	78198823	78199324	501
cCREs176614	chr15	79164278	79164815	537
cCREs176615	chr15	79165504	79166076	572
cCREs176616	chr15	79166665	79167204	539
cCREs176618	chr15	79175843	79176390	547
cCREs176625	chr15	79212768	79213327	559
cCREs176641	chr15	79273562	79274063	501
cCREs176681	chr15	79429273	79429839	566
cCREs176690	chr15	79448264	79448774	510
cCREs176796	chr15	79854935	79855510	575
cCREs176855	chr15	80105702	80106277	575
cCREs176857	chr15	80108468	80109001	533
cCREs176861	chr15	80133806	80134698	892
cCREs176867	chr15	80153831	80154332	501
cCREs176872	chr15	80161908	80162434	526
cCREs177112	chr15	81038292	81038830	538
cCREs177232	chr15	81695765	81696334	569
cCREs177238	chr15	81721930	81722460	530
cCREs177292	chr15	81924628	81925129	501
cCREs177463	chr15	82915935	82916739	804
cCREs177598	chr15	83378387	83379017	630
cCREs177642	chr15	83558920	83559507	587
cCREs177647	chr15	83580010	83580516	506
cCREs177668	chr15	83686544	83687212	668
cCREs177743	chr15	83964971	83965674	703
cCREs177868	chr15	84384821	84385339	518
cCREs177885	chr15	84430213	84430954	741
cCREs177892	chr15	84443490	84444138	648
cCREs178004	chr15	84850821	84851519	698
cCREs178102	chr15	85267513	85268161	648
cCREs178160	chr15	85460342	85460914	572
cCREs178213	chr15	85666424	85666925	501
cCREs178254	chr15	85858222	85858759	537
cCREs178270	chr15	85938210	85938757	547
cCREs178278	chr15	85971403	85971948	545
cCREs178305	chr15	86060730	86061310	580
cCREs178341	chr15	86175724	86176225	501
cCREs178382	chr15	86282018	86282583	565
cCREs178414	chr15	86379180	86379682	502
cCREs178451	chr15	86505192	86505693	501
cCREs178472	chr15	86610511	86611124	613
cCREs178627	chr15	87342624	87343695	1071
cCREs178675	chr15	87546040	87546553	513
cCREs178677	chr15	87549468	87550021	553
cCREs178806	chr15	87991936	87992480	544
cCREs178830	chr15	88103547	88104457	910
cCREs178853	chr15	88218121	88218652	531
cCREs178856	chr15	88241920	88242461	541
cCREs178896	chr15	88427402	88427903	501
cCREs178933	chr15	88619428	88619957	529
cCREs178937	chr15	88629080	88629617	537
cCREs179002	chr15	88888929	88889430	501
cCREs179115	chr15	89444672	89445173	501
cCREs179302	chr15	90360819	90361388	569
cCREs179356	chr15	90624122	90624690	568
cCREs179375	chr15	90686293	90686794	501
cCREs179381	chr15	90712909	90713422	513
cCREs179497	chr15	91237017	91237518	501
cCREs179505	chr15	91279829	91280330	501
cCREs179670	chr15	91835244	91835781	537
cCREs179889	chr15	92700532	92701039	507
cCREs179891	chr15	92713814	92714328	514
cCREs179939	chr15	92969066	92969613	547
cCREs180010	chr15	93292930	93293431	501
cCREs180125	chr15	93743659	93744581	922
cCREs180312	chr15	94583809	94584325	516
cCREs180338	chr15	94662491	94662995	504
cCREs180387	chr15	94861855	94862492	637
cCREs180686	chr15	95948523	95949038	515
cCREs180726	chr15	96135052	96135563	511
cCREs180761	chr15	96326190	96326756	566
cCREs180766	chr15	96354599	96355146	547
cCREs180773	chr15	96381311	96381875	564
cCREs180874	chr15	96768388	96769044	656
cCREs180926	chr15	97030543	97031069	526
cCREs180944	chr15	97159807	97160327	520
cCREs180954	chr15	97184016	97184562	546
cCREs180961	chr15	97205178	97205679	501
cCREs181000	chr15	97349786	97350328	542
cCREs181056	chr15	97660231	97660907	676
cCREs181106	chr15	97812716	97813245	529
cCREs181149	chr15	97997750	97998313	563
cCREs181154	chr15	98013995	98014754	759
cCREs181159	chr15	98030716	98031237	521
cCREs181160	chr15	98033258	98033818	560
cCREs181231	chr15	98492106	98492887	781
cCREs181264	chr15	98626494	98627019	525
cCREs181320	chr15	98843308	98843953	645
cCREs181332	chr15	98895536	98896074	538
cCREs181404	chr15	99278218	99278778	560
cCREs181408	chr15	99314016	99314566	550
cCREs181422	chr15	99354110	99355048	938
cCREs181515	chr15	99689383	99689922	539
cCREs181525	chr15	99714222	99714723	501
cCREs181535	chr15	99770099	99770767	668
cCREs181556	chr15	99850071	99850616	545
cCREs181596	chr15	100076420	100077404	984
cCREs181652	chr15	100240818	100241333	515
cCREs181659	chr15	100290414	100291321	907
cCREs181699	chr15	100481329	100481861	532
cCREs181714	chr15	100566436	100567006	570
cCREs181742	chr15	100732558	100733143	585
cCREs181786	chr15	100892848	100893350	502
cCREs181874	chr15	101189748	101190265	517
cCREs181877	chr15	101193496	101194029	533
cCREs181880	chr15	101198774	101199328	554
cCREs181907	chr15	101272314	101272815	501
cCREs182092	chr15	102204948	102205543	595
cCREs182264	chr15	103148876	103149739	863
cCREs182447	chr16	3903896	3904397	501
cCREs182467	chr16	4026580	4027127	547
cCREs182476	chr16	4070808	4071336	528
cCREs182496	chr16	4240893	4241394	501
cCREs182531	chr16	4398592	4399161	569
cCREs182712	chr16	5140360	5140959	599
cCREs182715	chr16	5150466	5151017	551
cCREs182783	chr16	5433001	5433573	572
cCREs182949	chr16	6052062	6052565	503
cCREs182954	chr16	6071756	6072345	589
cCREs182963	chr16	6097179	6097701	522
cCREs183134	chr16	6692885	6694037	1152
cCREs183147	chr16	6734939	6735440	501
cCREs183277	chr16	7148433	7148934	501
cCREs183390	chr16	7661065	7661633	568
cCREs183418	chr16	7831103	7831634	531
cCREs183501	chr16	8497604	8498214	610
cCREs183519	chr16	8571594	8572448	854
cCREs183546	chr16	8661844	8662345	501
cCREs183577	chr16	8794883	8795454	571
cCREs183984	chr16	10552439	10552967	528
cCREs184032	chr16	10706881	10707464	583
cCREs184048	chr16	10756140	10756641	501
cCREs184124	chr16	11038015	11038538	523
cCREs184153	chr16	11126691	11127227	536
cCREs184200	chr16	11410276	11410777	501
cCREs184207	chr16	11424319	11424852	533
cCREs184238	chr16	11509745	11510285	540
cCREs184271	chr16	11618268	11618800	532
cCREs184298	chr16	11673725	11674251	526
cCREs184305	chr16	11695719	11696220	501
cCREs184331	chr16	11800401	11800927	526
cCREs184335	chr16	11810987	11811709	722
cCREs184377	chr16	12005400	12005914	514
cCREs184501	chr16	12569183	12570064	881
cCREs184585	chr16	12974218	12974812	594
cCREs184606	chr16	13121125	13121626	501
cCREs184632	chr16	13217513	13218052	539
cCREs184729	chr16	13548830	13549334	504
cCREs184754	chr16	13660617	13661146	529
cCREs184766	chr16	13749564	13750065	501
cCREs184779	chr16	13854558	13855127	569
cCREs184789	chr16	13932092	13932593	501
cCREs184791	chr16	13946263	13947198	935
cCREs184797	chr16	13994680	13995220	540
cCREs185035	chr16	16053136	16053930	794
cCREs185103	chr16	16607935	16608450	515
cCREs185172	chr16	17100295	17100826	531
cCREs185218	chr16	17345102	17345633	531
cCREs185293	chr16	17685958	17686724	766
cCREs185297	chr16	17699273	17699774	501
cCREs185302	chr16	17713916	17714435	519
cCREs185314	chr16	17787204	17787751	547
cCREs185354	chr16	17950049	17950589	540
cCREs185459	chr16	18390641	18391143	502
cCREs185481	chr16	18454953	18455454	501
cCREs185494	chr16	18525497	18526023	526
cCREs185500	chr16	18562451	18563200	749
cCREs185520	chr16	18632813	18633786	973
cCREs185561	chr16	18834383	18834891	508
cCREs185585	chr16	18989981	18990552	571
cCREs185640	chr16	20115947	20116448	501
cCREs185831	chr16	21243102	21243648	546
cCREs185846	chr16	21315552	21316342	790
cCREs185875	chr16	21424689	21425202	513
cCREs185882	chr16	21459239	21460012	773
cCREs185884	chr16	21464729	21465249	520
cCREs185890	chr16	21487300	21488146	846
cCREs185953	chr16	21724165	21724692	527
cCREs186287	chr16	23254074	23254606	532
cCREs186311	chr16	23314682	23315369	687
cCREs186346	chr16	23463151	23464140	989
cCREs186418	chr16	23828029	23828556	527
cCREs186432	chr16	23897356	23897857	501
cCREs186481	chr16	24108649	24109168	519
cCREs186528	chr16	24292548	24293049	501
cCREs186585	chr16	24497522	24498023	501
cCREs186592	chr16	24519607	24520108	501
cCREs186597	chr16	24537231	24537783	552
cCREs186712	chr16	24949200	24949701	501
cCREs187141	chr16	26963296	26963838	542
cCREs187194	chr16	27399324	27400264	940
cCREs187204	chr16	27441181	27441714	533
cCREs187461	chr16	28595047	28595581	534
cCREs187524	chr16	28871672	28872578	906
cCREs187537	chr16	28901005	28901588	583
cCREs187552	chr16	28941101	28941621	520
cCREs187613	chr16	29229515	29230016	501
cCREs187646	chr16	29393044	29393589	545
cCREs187706	chr16	29666996	29667737	741
cCREs187732	chr16	29759688	29760256	568
cCREs187737	chr16	29776772	29777273	501
cCREs187903	chr16	30489610	30490111	501
cCREs187962	chr16	30692822	30693407	585
cCREs188016	chr16	30887748	30888249	501
cCREs188018	chr16	30896282	30896812	530
cCREs188032	chr16	30966681	30967198	517
cCREs188106	chr16	31193934	31194469	535
cCREs188215	chr16	31614399	31614910	511
cCREs188286	chr16	31998685	31999186	501
cCREs188319	chr16	32173622	32174150	528
cCREs188358	chr16	32452222	32452754	532
cCREs188394	chr16	32656671	32657192	521
cCREs188417	chr16	32739275	32739850	575
cCREs188561	chr16	33488606	33489118	512
cCREs188568	chr16	33514102	33514647	545
cCREs188767	chr16	34199406	34199910	504
cCREs188993	chr16	34945895	34946408	513
cCREs189021	chr16	35048127	35048649	522
cCREs189107	chr16	35285626	35286141	515
cCREs189186	chr16	35561529	35562310	781
cCREs189189	chr16	35569708	35570234	526
cCREs189221	chr16	35647642	35648143	501
cCREs189386	chr16	36745169	36745718	549
cCREs189782	chr16	38375572	38376073	501
cCREs189797	chr16	38461134	38461798	664
cCREs189999	chr16	39164507	39165047	540
cCREs190130	chr16	39963599	39964100	501
cCREs190154	chr16	40070617	40071118	501
cCREs190516	chr16	41725210	41725877	667
cCREs190811	chr16	42926774	42927298	524
cCREs190862	chr16	43217531	43218102	571
cCREs190962	chr16	43572105	43572612	507
cCREs191070	chr16	43954074	43954639	565
cCREs191102	chr16	44092528	44093045	517
cCREs191113	chr16	44126319	44126828	509
cCREs191251	chr16	44597317	44597851	534
cCREs191518	chr16	45779933	45780491	558
cCREs191541	chr16	45859298	45859802	504
cCREs191546	chr16	45869186	45870002	816
cCREs191593	chr16	46025007	46025642	635
cCREs191709	chr16	46557489	46557996	507
cCREs191754	chr16	46811684	46812204	520
cCREs191760	chr16	46828175	46828734	559
cCREs191804	chr16	47202508	47203023	515
cCREs191853	chr16	47693178	47693705	527
cCREs191991	chr16	48737217	48737749	532
cCREs192195	chr16	49714162	49714705	543
cCREs192216	chr16	49773538	49774039	501
cCREs192261	chr16	49900191	49900757	566
cCREs192480	chr16	50846425	50847033	608
cCREs192582	chr16	51465161	51465662	501
cCREs192909	chr16	53046315	53046855	540
cCREs192958	chr16	53405455	53406025	570
cCREs192959	chr16	53406050	53406610	560
cCREs193080	chr16	54456416	54456934	518
cCREs193234	chr16	55345502	55346003	501
cCREs193314	chr16	55819504	55820005	501
cCREs193356	chr16	55976755	55977256	501
cCREs193406	chr16	56236671	56237205	534
cCREs193599	chr16	57251424	57253141	1717
cCREs193658	chr16	57455437	57455999	562
cCREs193822	chr16	58394138	58394663	525
cCREs193823	chr16	58395060	58396031	971
cCREs193834	chr16	58433123	58433653	530
cCREs193856	chr16	58489166	58489696	530
cCREs193994	chr16	59586098	59586788	690
cCREs194008	chr16	59632358	59632981	623
cCREs194009	chr16	59633186	59633705	519
cCREs194036	chr16	59740233	59740797	564
cCREs194386	chr16	62498569	62499292	723
cCREs194445	chr16	62784793	62785558	765
cCREs194459	chr16	62834561	62835081	520
cCREs194484	chr16	62948674	62949294	620
cCREs194575	chr16	63500847	63501375	528
cCREs194713	chr16	64242370	64242898	528
cCREs194787	chr16	64839776	64840277	501
cCREs194832	chr16	65091746	65092277	531
cCREs194933	chr16	65543316	65544452	1136
cCREs195131	chr16	66820058	66820581	523
cCREs195242	chr16	67192864	67193369	505
cCREs195243	chr16	67199573	67200143	570
cCREs195411	chr16	68427542	68428057	515
cCREs195559	chr16	69954063	69954571	508
cCREs195618	chr16	70229212	70229726	514
cCREs195928	chr16	72144942	72145443	501
cCREs196049	chr16	72646396	72646898	502
cCREs196055	chr16	72664202	72665175	973
cCREs196088	chr16	72787880	72788441	561
cCREs196846	chr16	76396461	76397023	562
cCREs196861	chr16	76453338	76454371	1033
cCREs197013	chr16	77141197	77142049	852
cCREs197162	chr16	77750019	77750520	501
cCREs197259	chr16	78235228	78235729	501
cCREs197347	chr16	78572927	78573448	521
cCREs197424	chr16	79036399	79036919	520
cCREs197709	chr16	81249673	81250469	796
cCREs197742	chr16	81383814	81384352	538
cCREs197776	chr16	81551359	81552165	806
cCREs197780	chr16	81568162	81569103	941
cCREs197803	chr16	81720036	81720556	520
cCREs197835	chr16	81967889	81968416	527
cCREs197984	chr16	83091909	83092432	523
cCREs198069	chr16	83844552	83845055	503
cCREs198072	chr16	83860216	83860745	529
cCREs198223	chr16	84856280	84856798	518
cCREs198301	chr16	85048298	85048814	516
cCREs198324	chr16	85093425	85093961	536
cCREs198426	chr16	85459835	85460404	569
cCREs198460	chr16	85586029	85586652	623
cCREs198509	chr16	85855774	85856302	528
cCREs198510	chr16	85858478	85858980	502
cCREs198746	chr16	87234182	87234699	517
cCREs198780	chr16	87364120	87364621	501
cCREs198804	chr16	87456031	87456548	517
cCREs198805	chr16	87456617	87457118	501
cCREs198806	chr16	87463752	87464471	719
cCREs198887	chr16	87743529	87744166	637
cCREs199007	chr16	88193651	88194200	549
cCREs199184	chr16	89456948	89457491	543
cCREs199302	chr16	89863096	89863677	581
cCREs199346	chr16	89977115	89977616	501
cCREs199361	chr16	90011469	90012199	730
cCREs199394	chr16	90097258	90097794	536
cCREs199430	chr16	90234456	90235068	612
cCREs199590	chr16	90776784	90777420	636
cCREs199593	chr16	90781234	90781745	511
cCREs199697	chr16	91184268	91184873	605
cCREs199699	chr16	91192609	91193423	814
cCREs199701	chr16	91215294	91215873	579
cCREs199708	chr16	91260089	91260611	522
cCREs199713	chr16	91282572	91283127	555
cCREs199734	chr16	91382309	91382866	557
cCREs199744	chr16	91415312	91416268	956
cCREs199919	chr16	91984542	91985105	563
cCREs199931	chr16	92076213	92076753	540
cCREs199943	chr16	92113547	92114074	527
cCREs199973	chr16	92232365	92232936	571
cCREs200036	chr16	92440026	92440679	653
cCREs200081	chr16	92581979	92582480	501
cCREs200086	chr16	92599878	92600406	528
cCREs200123	chr16	92817255	92817775	520
cCREs200197	chr16	93133149	93133786	637
cCREs200384	chr16	94055133	94056030	897
cCREs200385	chr16	94057021	94057522	501
cCREs200489	chr16	94510123	94510645	522
cCREs200500	chr16	94561667	94562203	536
cCREs200508	chr16	94597705	94598206	501
cCREs200631	chr16	95032323	95032884	561
cCREs200686	chr16	95277387	95277916	529
cCREs200741	chr16	95494653	95495163	510
cCREs200814	chr16	95781518	95782183	665
cCREs200865	chr16	96000702	96001235	533
cCREs201033	chr16	96657738	96658720	982
cCREs201041	chr16	96676727	96677230	503
cCREs201136	chr16	96974592	96975160	568
cCREs201196	chr16	97196557	97197071	514
cCREs201215	chr16	97307624	97308125	501
cCREs201218	chr16	97322216	97322998	782
cCREs201257	chr16	97514574	97515083	509
cCREs201309	chr16	97811778	97812434	656
cCREs201340	chr16	97948881	97949425	544
cCREs201510	chr17	3659315	3659952	637
cCREs201671	chr17	4573613	4574122	509
cCREs201701	chr17	4758881	4759417	536
cCREs201703	chr17	4763327	4764630	1303
cCREs201805	chr17	5172373	5173325	952
cCREs201839	chr17	5267252	5268477	1225
cCREs201855	chr17	5306097	5306641	544
cCREs201966	chr17	5663122	5663641	519
cCREs201971	chr17	5679005	5679506	501
cCREs201975	chr17	5704558	5705111	553
cCREs201976	chr17	5705377	5706399	1022
cCREs201979	chr17	5711745	5712484	739
cCREs202053	chr17	5965098	5965716	618
cCREs202066	chr17	6002507	6003078	571
cCREs202078	chr17	6036406	6037084	678
cCREs202096	chr17	6135108	6135609	501
cCREs202106	chr17	6167752	6168300	548
cCREs202167	chr17	6757038	6757539	501
cCREs202363	chr17	7921454	7921962	508
cCREs202387	chr17	8181933	8182552	619
cCREs202414	chr17	8299504	8300059	555
cCREs202464	chr17	8554965	8555474	509
cCREs202568	chr17	8918627	8919128	501
cCREs202573	chr17	8926942	8927455	513
cCREs202756	chr17	9768201	9769058	857
cCREs202810	chr17	10009946	10010576	630
cCREs202826	chr17	10069201	10069723	522
cCREs202862	chr17	10226772	10227273	501
cCREs202869	chr17	10246984	10247485	501
cCREs202876	chr17	10275467	10275968	501
cCREs202897	chr17	10374202	10374813	611
cCREs202903	chr17	10393700	10394235	535
cCREs202909	chr17	10402715	10403472	757
cCREs202945	chr17	10548904	10549945	1041
cCREs202964	chr17	10624221	10624769	548
cCREs203035	chr17	10997140	10997641	501
cCREs203209	chr17	11701718	11702268	550
cCREs203294	chr17	11993759	11994310	551
cCREs203309	chr17	12050886	12051634	748
cCREs203398	chr17	12343303	12344810	1507
cCREs203419	chr17	12435598	12436164	566
cCREs203461	chr17	12669185	12669720	535
cCREs203462	chr17	12672233	12672734	501
cCREs203463	chr17	12680558	12681068	510
cCREs203667	chr17	14153967	14154525	558
cCREs203751	chr17	14460141	14460684	543
cCREs203798	chr17	14668803	14669304	501
cCREs203810	chr17	14714651	14715300	649
cCREs203826	chr17	14820824	14821384	560
cCREs203834	chr17	14906244	14907088	844
cCREs203846	chr17	14990042	14990633	591
cCREs203856	chr17	15075553	15076061	508
cCREs203876	chr17	15180133	15180977	844
cCREs203897	chr17	15292406	15292928	522
cCREs203911	chr17	15366374	15366938	564
cCREs204190	chr17	20956230	20956831	601
cCREs204195	chr17	21015708	21016216	508
cCREs204218	chr17	21552353	21553103	750
cCREs204329	chr17	23959275	23959817	542
cCREs204382	chr17	24202163	24202705	542
cCREs204388	chr17	24226630	24227203	573
cCREs204652	chr17	25583718	25584272	554
cCREs204688	chr17	25672910	25673458	548
cCREs204728	chr17	25842335	25843026	691
cCREs204768	chr17	26045244	26045745	501
cCREs204805	chr17	26239464	26240020	556
cCREs204834	chr17	26388078	26388579	501
cCREs204858	chr17	26492172	26492684	512
cCREs204931	chr17	26705624	26706142	518
cCREs205077	chr17	27427147	27427673	526
cCREs205170	chr17	27766228	27766768	540
cCREs205176	chr17	27778892	27779525	633
cCREs205218	chr17	27967656	27968716	1060
cCREs205276	chr17	28149743	28150244	501
cCREs205376	chr17	28617629	28618164	535
cCREs205439	chr17	28923274	28923775	501
cCREs205450	chr17	28972490	28972991	501
cCREs205543	chr17	29294049	29294699	650
cCREs205736	chr17	30084750	30085306	556
cCREs205779	chr17	30206501	30207019	518
cCREs205784	chr17	30221895	30222419	524
cCREs205790	chr17	30234980	30235569	589
cCREs205794	chr17	30243882	30244398	516
cCREs205869	chr17	30461641	30462142	501
cCREs205914	chr17	30661408	30662168	760
cCREs205939	chr17	30864063	30864783	720
cCREs205951	chr17	30933651	30934161	510
cCREs205963	chr17	30982658	30983159	501
cCREs205966	chr17	31007390	31008177	787
cCREs205990	chr17	31079387	31080168	781
cCREs206009	chr17	31161707	31162395	688
cCREs206017	chr17	31194918	31195841	923
cCREs206060	chr17	31380275	31381019	744
cCREs206068	chr17	31402792	31403293	501
cCREs206217	chr17	32004952	32005494	542
cCREs206273	chr17	32245006	32245527	521
cCREs206277	chr17	32257718	32258257	539
cCREs206539	chr17	34612128	34613119	991
cCREs206620	chr17	35080918	35081709	791
cCREs206622	chr17	35090569	35091070	501
cCREs206647	chr17	35207949	35208472	523
cCREs206694	chr17	35655405	35655923	518
cCREs206702	chr17	35691757	35692288	531
cCREs206716	chr17	35731318	35732412	1094
cCREs206750	chr17	35869141	35869901	760
cCREs206782	chr17	35998057	35999001	944
cCREs206829	chr17	36398482	36399076	594
cCREs206837	chr17	36703499	36704052	553
cCREs207116	chr17	42332601	42333109	508
cCREs207214	chr17	42791494	42792008	514
cCREs207257	chr17	43022876	43023407	531
cCREs207278	chr17	43082910	43083420	510
cCREs207309	chr17	43239944	43240535	591
cCREs207314	chr17	43254174	43255240	1066
cCREs207498	chr17	44041713	44042214	501
cCREs207513	chr17	44121746	44122634	888
cCREs207699	chr17	44957302	44957822	520
cCREs207745	chr17	45215284	45216233	949
cCREs207771	chr17	45327920	45328478	558
cCREs207789	chr17	45387775	45388650	875
cCREs207903	chr17	45830659	45831300	641
cCREs207927	chr17	45925866	45926367	501
cCREs207984	chr17	46255687	46256188	501
cCREs207986	chr17	46261640	46262690	1050
cCREs207989	chr17	46269690	46270417	727
cCREs208002	chr17	46340933	46341643	710
cCREs208018	chr17	46445278	46445910	632
cCREs208023	chr17	46462853	46463354	501
cCREs208086	chr17	46747333	46747842	509
cCREs208163	chr17	47111935	47112534	599
cCREs208246	chr17	47500988	47501500	512
cCREs208279	chr17	47612778	47613309	531
cCREs208285	chr17	47656617	47657118	501
cCREs208299	chr17	47739783	47740348	565
cCREs208320	chr17	47821287	47821826	539
cCREs208327	chr17	47848858	47849376	518
cCREs208365	chr17	48012505	48013227	722
cCREs208376	chr17	48049770	48050291	521
cCREs208392	chr17	48110085	48111328	1243
cCREs208606	chr17	49067538	49068039	501
cCREs208742	chr17	49649407	49649911	504
cCREs208795	chr17	49833978	49834667	689
cCREs208799	chr17	49840954	49841481	527
cCREs208866	chr17	50082827	50083375	548
cCREs209049	chr17	50808538	50809066	528
cCREs209054	chr17	50853202	50853712	510
cCREs209055	chr17	50855600	50856188	588
cCREs209058	chr17	50863051	50863584	533
cCREs209078	chr17	50981925	50982691	766
cCREs209099	chr17	51142052	51142557	505
cCREs209420	chr17	53266721	53267245	524
cCREs209459	chr17	53615278	53615809	531
cCREs209507	chr17	54181910	54182437	527
cCREs209584	chr17	54767006	54767552	546
cCREs209647	chr17	55285873	55286395	522
cCREs209753	chr17	56106157	56106716	559
cCREs209806	chr17	56296121	56296656	535
cCREs209860	chr17	56456245	56456878	633
cCREs209868	chr17	56479328	56479932	604
cCREs210011	chr17	57142511	57143481	970
cCREs210012	chr17	57144109	57144611	502
cCREs210877	chr17	63378518	63379054	536
cCREs210900	chr17	63446918	63447436	518
cCREs210971	chr17	63828677	63829321	644
cCREs211045	chr17	64126901	64127590	689
cCREs211199	chr17	64695344	64695898	554
cCREs211200	chr17	64696113	64696614	501
cCREs211360	chr17	65405983	65406715	732
cCREs211395	chr17	65574198	65574769	571
cCREs211403	chr17	65623847	65624410	563
cCREs211414	chr17	65664884	65665385	501
cCREs211487	chr17	65868593	65869113	520
cCREs211702	chr17	66717535	66718037	502
cCREs211750	chr17	66868238	66868749	511
cCREs211779	chr17	66988801	66989330	529
cCREs211806	chr17	67098745	67099280	535
cCREs211833	chr17	67177675	67178390	715
cCREs211858	chr17	67259168	67259739	571
cCREs211865	chr17	67275618	67276130	512
cCREs211879	chr17	67320801	67321302	501
cCREs211919	chr17	67504658	67505159	501
cCREs211966	chr17	67708677	67709220	543
cCREs211983	chr17	67778142	67778739	597
cCREs212158	chr17	68638953	68639505	552
cCREs212166	chr17	68695570	68696385	815
cCREs212260	chr17	69093826	69094327	501
cCREs212494	chr17	70131549	70132088	539
cCREs212548	chr17	70364217	70364718	501
cCREs212833	chr17	71304917	71305418	501
cCREs212845	chr17	71392365	71392935	570
cCREs212874	chr17	71648051	71648570	519
cCREs212945	chr17	71908159	71908756	597
cCREs213138	chr17	72698308	72698823	515
cCREs213167	chr17	72849863	72850364	501
cCREs213184	chr17	72920212	72920973	761
cCREs213195	chr17	72941819	72942541	722
cCREs213221	chr17	73014809	73015357	548
cCREs213262	chr17	73174991	73175499	508
cCREs213285	chr17	73256628	73257129	501
cCREs213316	chr17	73367321	73367992	671
cCREs213422	chr17	73726986	73727487	501
cCREs213427	chr17	73742138	73742639	501
cCREs213517	chr17	74256936	74257480	544
cCREs213600	chr17	74744549	74745321	772
cCREs213619	chr17	74812985	74813486	501
cCREs213623	chr17	74834115	74835019	904
cCREs213633	chr17	74868126	74868627	501
cCREs213685	chr17	75125876	75126397	521
cCREs213768	chr17	75460154	75461129	975
cCREs213778	chr17	75486153	75486660	507
cCREs213791	chr17	75540169	75540682	513
cCREs213805	chr17	75655348	75655913	565
cCREs213923	chr17	76485413	76486241	828
cCREs214148	chr17	78244060	78244561	501
cCREs214163	chr17	78281006	78281657	651
cCREs214240	chr17	78521311	78521930	619
cCREs214270	chr17	78639113	78639614	501
cCREs214281	chr17	78672443	78673016	573
cCREs214331	chr17	78927846	78928843	997
cCREs214417	chr17	79328677	79329259	582
cCREs214481	chr17	79618476	79619005	529
cCREs214527	chr17	79804074	79804589	515
cCREs214576	chr17	80005550	80006051	501
cCREs214917	chr17	81318174	81318700	526
cCREs215281	chr17	83115971	83116579	608
cCREs215368	chr17	83486084	83486585	501
cCREs215435	chr17	83751613	83752253	640
cCREs215543	chr17	84061483	84062091	608
cCREs215544	chr17	84066968	84067584	616
cCREs215547	chr17	84072537	84073133	596
cCREs215549	chr17	84079113	84079614	501
cCREs215586	chr17	84196579	84197080	501
cCREs215638	chr17	84359682	84360195	513
cCREs215803	chr17	85071321	85071822	501
cCREs215855	chr17	85297951	85298455	504
cCREs215887	chr17	85439255	85439782	527
cCREs215889	chr17	85447206	85447744	538
cCREs215890	chr17	85448018	85448853	835
cCREs215947	chr17	85773846	85774360	514
cCREs215967	chr17	85869133	85869909	776
cCREs216088	chr17	86296383	86296912	529
cCREs216101	chr17	86327812	86328315	503
cCREs216296	chr17	86994001	86994502	501
cCREs216346	chr17	87193435	87194364	929
cCREs216348	chr17	87198216	87198717	501
cCREs216355	chr17	87236018	87236519	501
cCREs216371	chr17	87312348	87312849	501
cCREs216393	chr17	87362196	87362726	530
cCREs216401	chr17	87384222	87384770	548
cCREs216446	chr17	87651507	87652141	634
cCREs216483	chr17	87819020	87819683	663
cCREs216501	chr17	87894589	87895090	501
cCREs216595	chr17	88448834	88449364	530
cCREs216613	chr17	88545734	88546270	536
cCREs216659	chr17	88663198	88663700	502
cCREs216675	chr17	88716924	88717881	957
cCREs217051	chr17	90676464	90676999	535
cCREs217149	chr17	91021461	91021962	501
cCREs217154	chr17	91049569	91050086	517
cCREs217269	chr17	92170923	92171455	532
cCREs217601	chr18	3871850	3872407	557
cCREs217635	chr18	4087706	4088207	501
cCREs217830	chr18	4927756	4928283	527
cCREs217834	chr18	4940959	4941460	501
cCREs217836	chr18	4946008	4946777	769
cCREs217891	chr18	5108009	5108532	523
cCREs217920	chr18	5202622	5203182	560
cCREs217985	chr18	5485765	5486307	542
cCREs218001	chr18	5556544	5557112	568
cCREs218017	chr18	5620783	5621284	501
cCREs218037	chr18	5723092	5723873	781
cCREs218047	chr18	5767152	5768078	926
cCREs218134	chr18	6234812	6235313	501
cCREs218142	chr18	6279885	6280401	516
cCREs218197	chr18	6598515	6599025	510
cCREs218502	chr18	8639876	8640399	523
cCREs218561	chr18	8962689	8963282	593
cCREs218567	chr18	8982888	8983406	518
cCREs218654	chr18	9443942	9444787	845
cCREs218673	chr18	9664897	9665657	760
cCREs218782	chr18	10328707	10329383	676
cCREs218789	chr18	10350587	10351103	516
cCREs218825	chr18	10524775	10525316	541
cCREs218829	chr18	10537552	10538055	503
cCREs218961	chr18	11236499	11237174	675
cCREs218965	chr18	11268258	11268796	538
cCREs219141	chr18	12093949	12094450	501
cCREs219348	chr18	12823864	12824447	583
cCREs219394	chr18	12965773	12966274	501
cCREs219415	chr18	13080122	13080629	507
cCREs219422	chr18	13110195	13110925	730
cCREs219427	chr18	13134420	13135138	718
cCREs219498	chr18	13458826	13459390	564
cCREs219562	chr18	13737576	13738544	968
cCREs219622	chr18	13926801	13927356	555
cCREs219679	chr18	14248316	14248828	512
cCREs219735	chr18	14580147	14580736	589
cCREs219751	chr18	14638954	14639478	524
cCREs219765	chr18	14698436	14698937	501
cCREs219770	chr18	14729347	14729868	521
cCREs219771	chr18	14744842	14745357	515
cCREs219857	chr18	15125547	15126102	555
cCREs219865	chr18	15146116	15146624	508
cCREs219924	chr18	15406820	15407408	588
cCREs219966	chr18	15592586	15593199	613
cCREs220224	chr18	16759927	16760431	504
cCREs220960	chr18	21471596	21472106	510
cCREs221041	chr18	21950891	21951392	501
cCREs221099	chr18	22322666	22323216	550
cCREs221391	chr18	23563303	23563810	507
cCREs221434	chr18	23701458	23701968	510
cCREs221501	chr18	23926308	23926854	546
cCREs221570	chr18	24222856	24223357	501
cCREs221707	chr18	24745655	24746160	505
cCREs221819	chr18	25059762	25060306	544
cCREs222182	chr18	26422396	26422899	503
cCREs222225	chr18	26732763	26733264	501
cCREs222487	chr18	28205780	28206292	512
cCREs222584	chr18	28835638	28836148	510
cCREs222617	chr18	29054568	29055093	525
cCREs222909	chr18	30472448	30472988	540
cCREs223027	chr18	30954763	30955287	524
cCREs223093	chr18	31248826	31249384	558
cCREs223130	chr18	31430877	31431380	503
cCREs223164	chr18	31607173	31607674	501
cCREs223225	chr18	31915330	31915849	519
cCREs223234	chr18	31940608	31941435	827
cCREs223235	chr18	31941562	31942063	501
cCREs223239	chr18	31953561	31954127	566
cCREs223240	chr18	31954628	31955312	684
cCREs223241	chr18	31956891	31957453	562
cCREs223250	chr18	32052654	32053167	513
cCREs223301	chr18	32309722	32310274	552
cCREs223313	chr18	32350440	32351395	955
cCREs223333	chr18	32402431	32402948	517
cCREs223406	chr18	32698256	32698757	501
cCREs223459	chr18	32979948	32980472	524
cCREs223621	chr18	33653273	33653929	656
cCREs223665	chr18	33831699	33832420	721
cCREs223681	chr18	33889225	33889932	707
cCREs223763	chr18	34198227	34198978	751
cCREs223857	chr18	34579902	34580420	518
cCREs223919	chr18	34925195	34925915	720
cCREs224014	chr18	35300554	35301099	545
cCREs224094	chr18	35647902	35648407	505
cCREs224259	chr18	36210403	36210904	501
cCREs224261	chr18	36214576	36215111	535
cCREs224313	chr18	36432987	36433488	501
cCREs224321	chr18	36484652	36485327	675
cCREs224442	chr18	37796041	37796558	517
cCREs224458	chr18	37833671	37834197	526
cCREs224607	chr18	38316808	38317309	501
cCREs224642	chr18	38423810	38424311	501
cCREs224643	chr18	38429198	38429699	501
cCREs224702	chr18	38720386	38720915	529
cCREs224870	chr18	39180790	39181869	1079
cCREs224912	chr18	39292690	39293231	541
cCREs224952	chr18	39393540	39394060	520
cCREs224964	chr18	39448805	39449347	542
cCREs224995	chr18	39580090	39580591	501
cCREs225005	chr18	39621297	39621852	555
cCREs225011	chr18	39632260	39632816	556
cCREs225137	chr18	40162538	40163046	508
cCREs225478	chr18	41923286	41923787	501
cCREs225558	chr18	42222664	42223313	649
cCREs225570	chr18	42273895	42274396	501
cCREs225585	chr18	42364089	42364824	735
cCREs225596	chr18	42525758	42526823	1065
cCREs225646	chr18	42693540	42694056	516
cCREs225713	chr18	42902755	42903256	501
cCREs225722	chr18	42944372	42944877	505
cCREs225757	chr18	43060099	43060912	813
cCREs225820	chr18	43283984	43284496	512
cCREs225927	chr18	43656229	43657200	971
cCREs225987	chr18	44007440	44007946	506
cCREs226505	chr18	46424208	46424734	526
cCREs226575	chr18	46693789	46694312	523
cCREs226732	chr18	47265155	47265674	519
cCREs226740	chr18	47279058	47280045	987
cCREs226751	chr18	47306234	47306926	692
cCREs226770	chr18	47340893	47341576	683
cCREs226786	chr18	47374492	47375023	531
cCREs226945	chr18	48053662	48054181	519
cCREs226956	chr18	48107092	48107694	602
cCREs226997	chr18	48428583	48429106	523
cCREs227119	chr18	49213304	49213938	634
cCREs227155	chr18	49351494	49351995	501
cCREs227228	chr18	49651919	49652484	565
cCREs227432	chr18	50649781	50650282	501
cCREs227663	chr18	51911027	51911574	547
cCREs227758	chr18	52472806	52473307	501
cCREs227783	chr18	52590476	52591064	588
cCREs227936	chr18	53253662	53254187	525
cCREs227954	chr18	53320182	53320683	501
cCREs227955	chr18	53324818	53325339	521
cCREs227961	chr18	53347997	53348509	512
cCREs227984	chr18	53424299	53424841	542
cCREs228017	chr18	53613093	53613714	621
cCREs228084	chr18	53884053	53884618	565
cCREs228146	chr18	54158498	54159159	661
cCREs228232	chr18	54499632	54500157	525
cCREs228353	chr18	54917835	54918722	887
cCREs228368	chr18	54955371	54955951	580
cCREs228472	chr18	55277736	55278341	605
cCREs228515	chr18	55424996	55425551	555
cCREs228559	chr18	55602550	55603100	550
cCREs228606	chr18	55768676	55769177	501
cCREs228726	chr18	56394582	56395101	519
cCREs228738	chr18	56449046	56449794	748
cCREs228743	chr18	56461064	56461571	507
cCREs228960	chr18	57233772	57234273	501
cCREs229064	chr18	57569466	57569967	501
cCREs229067	chr18	57580780	57581307	527
cCREs229196	chr18	58017199	58017987	788
cCREs229207	chr18	58055876	58056399	523
cCREs229243	chr18	58187483	58188040	557
cCREs229256	chr18	58262648	58263149	501
cCREs229646	chr18	60552011	60552544	533
cCREs229671	chr18	60620683	60621200	517
cCREs229695	chr18	60668128	60668956	828
cCREs229699	chr18	60675633	60676245	612
cCREs229729	chr18	60745150	60746166	1016
cCREs229832	chr18	60986577	60987123	546
cCREs229894	chr18	61152649	61153150	501
cCREs229899	chr18	61171702	61172227	525
cCREs229900	chr18	61173088	61173661	573
cCREs230066	chr18	61721746	61722262	516
cCREs230102	chr18	61811010	61811546	536
cCREs230360	chr18	62755766	62756633	867
cCREs230601	chr18	63839837	63840364	527
cCREs230765	chr18	64626509	64627505	996
cCREs230780	chr18	64677631	64678544	913
cCREs230810	chr18	64780415	64781031	616
cCREs230932	chr18	65118760	65119261	501
cCREs231002	chr18	65302510	65303032	522
cCREs231004	chr18	65306681	65307223	542
cCREs231060	chr18	65576988	65577537	549
cCREs231080	chr18	65613366	65613918	552
cCREs231298	chr18	66489676	66490719	1043
cCREs231334	chr18	66676281	66676782	501
cCREs231336	chr18	66704099	66704600	501
cCREs231411	chr18	67066754	67067485	731
cCREs231644	chr18	67981088	67981589	501
cCREs231726	chr18	68206102	68206603	501
cCREs231776	chr18	68409020	68409568	548
cCREs231896	chr18	68902050	68902946	896
cCREs232049	chr18	69442333	69442981	648
cCREs232088	chr18	69529163	69529835	672
cCREs232142	chr18	69642785	69643303	518
cCREs232261	chr18	70080627	70081277	650
cCREs232308	chr18	70386624	70387125	501
cCREs232339	chr18	70538357	70539140	783
cCREs232353	chr18	70583144	70583645	501
cCREs232602	chr18	71959469	71960109	640
cCREs232814	chr18	73106223	73106750	527
cCREs232915	chr18	73565414	73565915	501
cCREs232939	chr18	73677187	73677688	501
cCREs232974	chr18	73803375	73803876	501
cCREs232979	chr18	73816459	73817162	703
cCREs232989	chr18	73858936	73859472	536
cCREs233287	chr18	74994683	74995184	501
cCREs233291	chr18	75020930	75021489	559
cCREs233359	chr18	75221791	75222312	521
cCREs233429	chr18	75421871	75422439	568
cCREs233451	chr18	75487238	75488193	955
cCREs233457	chr18	75497502	75498428	926
cCREs233525	chr18	75661620	75662174	554
cCREs233647	chr18	76098231	76098739	508
cCREs233685	chr18	76266593	76267305	712
cCREs233699	chr18	76339230	76339951	721
cCREs233785	chr18	77009396	77009961	565
cCREs233956	chr18	77644140	77644680	540
cCREs233959	chr18	77667648	77668171	523
cCREs233960	chr18	77674128	77674649	521
cCREs233997	chr18	77822436	77822951	515
cCREs234095	chr18	78236665	78237181	516
cCREs234106	chr18	78267233	78267754	521
cCREs234329	chr18	79035722	79036517	795
cCREs234408	chr18	79401111	79401657	546
cCREs234671	chr18	80615512	80616013	501
cCREs234681	chr18	80640481	80640992	511
cCREs234711	chr18	80736976	80737594	618
cCREs234739	chr18	80827993	80828494	501
cCREs234743	chr18	80839590	80840428	838
cCREs234772	chr18	80965001	80965528	527
cCREs234855	chr18	81506426	81507357	931
cCREs234960	chr18	82067640	82068156	516
cCREs235046	chr18	82480208	82480709	501
cCREs235079	chr18	82549362	82550269	907
cCREs235120	chr18	82622172	82622673	501
cCREs235135	chr18	82653128	82653631	503
cCREs235175	chr18	82806047	82806598	551
cCREs235228	chr18	82979128	82979700	572
cCREs235238	chr18	83003442	83004298	856
cCREs235274	chr18	83153090	83153773	683
cCREs235375	chr18	83767852	83768393	541
cCREs235503	chr18	84253499	84254090	591
cCREs235518	chr18	84298399	84298937	538
cCREs235538	chr18	84374634	84375190	556
cCREs235543	chr18	84398953	84399488	535
cCREs236073	chr18	87227622	87228153	531
cCREs236183	chr18	88367174	88368113	939
cCREs236322	chr18	89078868	89079423	555
cCREs236559	chr19	3444502	3445109	607
cCREs236628	chr19	3846827	3847408	581
cCREs236636	chr19	3883406	3884133	727
cCREs236720	chr19	4267325	4267845	520
cCREs236739	chr19	4432892	4433424	532
cCREs236906	chr19	5287177	5287820	643
cCREs236914	chr19	5334718	5335219	501
cCREs236936	chr19	5470399	5470931	532
cCREs236948	chr19	5515641	5516502	861
cCREs236958	chr19	5595730	5596318	588
cCREs236960	chr19	5603787	5604489	702
cCREs237009	chr19	5826471	5827088	617
cCREs237080	chr19	6279030	6279531	501
cCREs237086	chr19	6294821	6295363	542
cCREs237178	chr19	6560334	6560838	504
cCREs237262	chr19	7071768	7072269	501
cCREs237366	chr19	7446130	7446659	529
cCREs237453	chr19	8680686	8681468	782
cCREs237483	chr19	8838161	8838662	501
cCREs237502	chr19	8908915	8909691	776
cCREs237511	chr19	8952079	8952678	599
cCREs237561	chr19	9133552	9134189	637
cCREs237631	chr19	10080256	10080800	544
cCREs237658	chr19	10185878	10186400	522
cCREs237671	chr19	10242899	10243492	593
cCREs237679	chr19	10273880	10274604	724
cCREs237741	chr19	10427423	10427949	526
cCREs237758	chr19	10473540	10474114	574
cCREs237786	chr19	10668738	10669268	530
cCREs237807	chr19	10727400	10727960	560
cCREs237932	chr19	11464653	11465267	614
cCREs238107	chr19	12713203	12714064	861
cCREs238179	chr19	14239449	14239985	536
cCREs238186	chr19	14254604	14255159	555
cCREs238236	chr19	14457923	14458430	507
cCREs238274	chr19	14610401	14610934	533
cCREs238408	chr19	15388042	15388562	520
cCREs238410	chr19	15401601	15402176	575
cCREs238428	chr19	15502218	15502719	501
cCREs238445	chr19	15580496	15581202	706
cCREs238491	chr19	15865124	15865832	708
cCREs238558	chr19	16175768	16176269	501
cCREs238584	chr19	16248984	16249490	506
cCREs238687	chr19	16639525	16640058	533
cCREs238694	chr19	16753412	16754010	598
cCREs238736	chr19	17029158	17029673	515
cCREs238830	chr19	17386343	17386894	551
cCREs238861	chr19	17506345	17507505	1160
cCREs238865	chr19	17530263	17530764	501
cCREs238867	chr19	17540519	17541157	638
cCREs238879	chr19	17586048	17586618	570
cCREs238901	chr19	17650607	17651248	641
cCREs239034	chr19	18272637	18273198	561
cCREs239120	chr19	18653111	18653612	501
cCREs239207	chr19	19195579	19196115	536
cCREs239241	chr19	19523529	19524114	585
cCREs239356	chr19	20450778	20451699	921
cCREs239457	chr19	21042434	21042949	515
cCREs239474	chr19	21120078	21120622	544
cCREs239972	chr19	23104002	23104526	524
cCREs239977	chr19	23123018	23123539	521
cCREs240026	chr19	23349581	23350094	513
cCREs240142	chr19	23779004	23779505	501
cCREs240257	chr19	24117908	24118441	533
cCREs240407	chr19	24641456	24642385	929
cCREs240427	chr19	24691381	24691914	533
cCREs240466	chr19	24812693	24813447	754
cCREs240554	chr19	25251512	25252175	663
cCREs240565	chr19	25298467	25299009	542
cCREs240573	chr19	25336637	25337585	948
cCREs240587	chr19	25381980	25382620	640
cCREs240589	chr19	25386971	25387572	601
cCREs240598	chr19	25413819	25414338	519
cCREs240634	chr19	25624269	25624810	541
cCREs240708	chr19	26132446	26132991	545
cCREs240797	chr19	26597034	26597554	520
cCREs240811	chr19	26635475	26636046	571
cCREs240826	chr19	26677334	26677882	548
cCREs240852	chr19	26736713	26737242	529
cCREs241010	chr19	27373563	27374064	501
cCREs241011	chr19	27374073	27374574	501
cCREs241022	chr19	27396552	27397053	501
cCREs241087	chr19	27616572	27617242	670
cCREs241369	chr19	28809199	28809700	501
cCREs241392	chr19	28880331	28880840	509
cCREs241475	chr19	29138893	29139405	512
cCREs241774	chr19	30768352	30768867	515
cCREs241780	chr19	30797630	30798592	962
cCREs241806	chr19	30897189	30897705	516
cCREs241841	chr19	31009119	31009685	566
cCREs241908	chr19	31287074	31287595	521
cCREs241936	chr19	31410205	31410743	538
cCREs241980	chr19	31577031	31577532	501
cCREs242014	chr19	31754538	31755203	665
cCREs242086	chr19	32172177	32172874	697
cCREs242100	chr19	32199761	32200625	864
cCREs242115	chr19	32251572	32252095	523
cCREs242156	chr19	32342278	32342835	557
cCREs242169	chr19	32381565	32382066	501
cCREs242197	chr19	32514270	32514777	507
cCREs242221	chr19	32606340	32606865	525
cCREs242471	chr19	34198530	34199031	501
cCREs242476	chr19	34208064	34208637	573
cCREs242571	chr19	34628255	34628829	574
cCREs242613	chr19	34820441	34820988	547
cCREs242902	chr19	36421252	36422041	789
cCREs242904	chr19	36431394	36431895	501
cCREs242930	chr19	36520379	36520881	502
cCREs242997	chr19	36776211	36777071	860
cCREs243084	chr19	37094493	37094994	501
cCREs243092	chr19	37108934	37109451	517
cCREs243116	chr19	37221632	37222193	561
cCREs243408	chr19	38590874	38591407	533
cCREs243439	chr19	38716442	38716944	502
cCREs243558	chr19	40382266	40383565	1299
cCREs243581	chr19	40440846	40441347	501
cCREs243736	chr19	41073843	41074591	748
cCREs243793	chr19	41300899	41301441	542
cCREs243961	chr19	42021435	42022028	593
cCREs244139	chr19	42653664	42654172	508
cCREs244297	chr19	43668791	43669798	1007
cCREs244332	chr19	43836609	43837453	844
cCREs244350	chr19	43910580	43911337	757
cCREs244389	chr19	44088162	44088663	501
cCREs244525	chr19	44976639	44977169	530
cCREs244533	chr19	45001618	45002138	520
cCREs244603	chr19	45371286	45371845	559
cCREs244669	chr19	45620945	45621872	927
cCREs244772	chr19	46177540	46178096	556
cCREs244918	chr19	46706046	46706553	507
cCREs244942	chr19	46806295	46807251	956
cCREs245121	chr19	47379025	47379593	568
cCREs245136	chr19	47440022	47440546	524
cCREs245153	chr19	47508673	47509339	666
cCREs245275	chr19	48072860	48073512	652
cCREs245375	chr19	48461498	48462020	522
cCREs245383	chr19	48488129	48488666	537
cCREs245538	chr19	49263686	49264223	537
cCREs245544	chr19	49296958	49297496	538
cCREs245719	chr19	50203996	50204867	871
cCREs245791	chr19	50456756	50457302	546
cCREs245854	chr19	50676990	50677509	519
cCREs245929	chr19	51276116	51276639	523
cCREs246069	chr19	52442180	52442932	752
cCREs246328	chr19	53534756	53535925	1169
cCREs246409	chr19	53832310	53832866	556
cCREs246425	chr19	53870035	53870997	962
cCREs246430	chr19	53887833	53888334	501
cCREs246439	chr19	53919630	53920131	501
cCREs246734	chr19	55342641	55343163	522
cCREs246766	chr19	55452965	55453541	576
cCREs246778	chr19	55502884	55503421	537
cCREs246804	chr19	55583064	55583605	541
cCREs246842	chr19	55773089	55773620	531
cCREs246848	chr19	55784650	55785151	501
cCREs246851	chr19	55789735	55790255	520
cCREs246870	chr19	55874638	55875220	582
cCREs246919	chr19	56078914	56079415	501
cCREs247096	chr19	56778481	56779097	616
cCREs247122	chr19	56925942	56926477	535
cCREs247123	chr19	56927920	56928421	501
cCREs247168	chr19	57059128	57059984	856
cCREs247284	chr19	57391793	57392294	501
cCREs247568	chr19	58386212	58387116	904
cCREs247570	chr19	58396132	58396703	571
cCREs247575	chr19	58411756	58412257	501
cCREs247578	chr19	58421707	58422208	501
cCREs247582	chr19	58428410	58428925	515
cCREs247590	chr19	58450632	58451133	501
cCREs247592	chr19	58452797	58453368	571
cCREs247630	chr19	58623179	58623851	672
cCREs247729	chr19	59001486	59002076	590
cCREs247774	chr19	59209146	59209676	530
cCREs247813	chr19	59368171	59368695	524
cCREs247883	chr19	59760367	59760899	532
cCREs247897	chr19	59843454	59844105	651
cCREs247899	chr19	59850579	59851080	501
cCREs247933	chr19	60113582	60114103	521
cCREs247948	chr19	60185002	60185509	507
cCREs247963	chr19	60301884	60302410	526
cCREs247967	chr19	60328317	60328995	678
cCREs247971	chr19	60340382	60340887	505
cCREs248021	chr19	60549998	60550519	521
cCREs248024	chr19	60556151	60556705	554
cCREs248070	chr19	60798960	60799889	929
cCREs248197	chr2	3243221	3243769	548
cCREs248206	chr2	3295414	3295939	525
cCREs248277	chr2	3689713	3690276	563
cCREs248395	chr2	4239602	4240707	1105
cCREs248504	chr2	4592598	4593127	529
cCREs248536	chr2	4764223	4764780	557
cCREs248812	chr2	5836375	5837237	862
cCREs248924	chr2	6356625	6357126	501
cCREs248934	chr2	6385827	6386376	549
cCREs248948	chr2	6412458	6413014	556
cCREs248951	chr2	6421533	6422034	501
cCREs248952	chr2	6422600	6423150	550
cCREs249244	chr2	7252747	7253248	501
cCREs249404	chr2	8016331	8016847	516
cCREs249567	chr2	9144669	9145186	517
cCREs249668	chr2	9945777	9946278	501
cCREs249669	chr2	9952681	9953484	803
cCREs249676	chr2	9972616	9973213	597
cCREs249698	chr2	10066256	10066773	517
cCREs249733	chr2	10203573	10204099	526
cCREs249739	chr2	10227190	10227711	521
cCREs249907	chr2	11189543	11190132	589
cCREs249911	chr2	11202671	11203245	574
cCREs250164	chr2	12376175	12376676	501
cCREs250322	chr2	13166914	13167541	627
cCREs250326	chr2	13190610	13191143	533
cCREs250349	chr2	13253416	13253955	539
cCREs250392	chr2	13425064	13425836	772
cCREs250483	chr2	13812141	13812642	501
cCREs250514	chr2	14075170	14075671	501
cCREs250517	chr2	14111155	14111989	834
cCREs250552	chr2	14271125	14271668	543
cCREs250693	chr2	14930969	14931471	502
cCREs250732	chr2	15102067	15102577	510
cCREs250783	chr2	15505383	15505902	519
cCREs250856	chr2	16146521	16147042	521
cCREs251105	chr2	17437561	17438062	501
cCREs251141	chr2	17573024	17573807	783
cCREs251170	chr2	17675161	17675900	739
cCREs251350	chr2	18580430	18580948	518
cCREs251384	chr2	18786733	18787244	511
cCREs251419	chr2	18910145	18911054	909
cCREs251427	chr2	18921793	18922326	533
cCREs251555	chr2	19562082	19562871	789
cCREs251574	chr2	19643733	19644292	559
cCREs251643	chr2	19999824	20000340	516
cCREs251762	chr2	20550154	20550677	523
cCREs251771	chr2	20568964	20569469	505
cCREs251940	chr2	21180681	21181182	501
cCREs252061	chr2	21769025	21769526	501
cCREs252239	chr2	22930161	22930662	501
cCREs252499	chr2	24838787	24839288	501
cCREs252582	chr2	25245291	25245792	501
cCREs252608	chr2	25373473	25374024	551
cCREs252621	chr2	25418111	25418650	539
cCREs252645	chr2	25506854	25507413	559
cCREs252688	chr2	25785792	25786318	526
cCREs252704	chr2	25875561	25876095	534
cCREs252724	chr2	25948596	25949106	510
cCREs252782	chr2	26221186	26221725	539
cCREs252794	chr2	26259430	26260123	693
cCREs252800	chr2	26293551	26294095	544
cCREs252832	chr2	26412952	26413502	550
cCREs252840	chr2	26467044	26467545	501
cCREs252841	chr2	26472257	26473171	914
cCREs252858	chr2	26518800	26519453	653
cCREs252880	chr2	26576454	26576997	543
cCREs253007	chr2	27286486	27287131	645
cCREs253027	chr2	27337988	27338489	501
cCREs253037	chr2	27361788	27362309	521
cCREs253061	chr2	27436190	27436691	501
cCREs253097	chr2	27603173	27603882	709
cCREs253223	chr2	28108310	28109160	850
cCREs253313	chr2	28349932	28350433	501
cCREs253330	chr2	28402672	28403247	575
cCREs253435	chr2	28882460	28883292	832
cCREs253459	chr2	29063427	29064023	596
cCREs253476	chr2	29195776	29196277	501
cCREs253503	chr2	29273891	29274435	544
cCREs253635	chr2	29686752	29687282	530
cCREs253636	chr2	29687468	29687969	501
cCREs253649	chr2	29712918	29713535	617
cCREs253671	chr2	29828359	29828873	514
cCREs253675	chr2	29841896	29842397	501
cCREs253678	chr2	29849841	29850436	595
cCREs253679	chr2	29853662	29854168	506
cCREs253702	chr2	29979764	29980308	544
cCREs253763	chr2	30347470	30348047	577
cCREs253767	chr2	30355474	30356157	683
cCREs253802	chr2	30484645	30485210	565
cCREs253814	chr2	30555169	30555804	635
cCREs253829	chr2	30603672	30604260	588
cCREs253891	chr2	30817661	30818169	508
cCREs253929	chr2	30959837	30960397	560
cCREs253959	chr2	31082072	31083172	1100
cCREs254105	chr2	31672645	31673169	524
cCREs254130	chr2	31757394	31757925	531
cCREs254133	chr2	31761116	31761617	501
cCREs254171	chr2	31865923	31866424	501
cCREs254371	chr2	32621087	32621667	580
cCREs254445	chr2	32883615	32884189	574
cCREs254452	chr2	32897381	32897943	562
cCREs254590	chr2	33276205	33276720	515
cCREs254640	chr2	33415469	33415970	501
cCREs254714	chr2	33743735	33744236	501
cCREs254722	chr2	33768473	33769009	536
cCREs254771	chr2	33905948	33906602	654
cCREs254895	chr2	34463256	34463833	577
cCREs254948	chr2	34677938	34678439	501
cCREs255015	chr2	35001663	35002170	507
cCREs255018	chr2	35035143	35035698	555
cCREs255051	chr2	35231822	35232379	557
cCREs255162	chr2	35628714	35629220	506
cCREs255171	chr2	35657436	35657950	514
cCREs255180	chr2	35678648	35679149	501
cCREs255309	chr2	36040913	36041414	501
cCREs255539	chr2	37998566	37999098	532
cCREs255574	chr2	38165880	38166408	528
cCREs255655	chr2	38516442	38516943	501
cCREs255680	chr2	38594780	38595323	543
cCREs255706	chr2	38692600	38693101	501
cCREs255717	chr2	38755595	38756111	516
cCREs255749	chr2	38955928	38956767	839
cCREs255757	chr2	38987267	38988117	850
cCREs255771	chr2	39059392	39059916	524
cCREs255911	chr2	40420179	40420680	501
cCREs256072	chr2	41616798	41617337	539
cCREs256117	chr2	41872077	41872598	521
cCREs256128	chr2	41933225	41933739	514
cCREs256194	chr2	42261609	42262141	532
cCREs256361	chr2	43116467	43116981	514
cCREs256630	chr2	44326456	44327043	587
cCREs256802	chr2	45027863	45028400	537
cCREs256849	chr2	45150035	45150617	582
cCREs256857	chr2	45178861	45179557	696
cCREs256882	chr2	45256306	45256833	527
cCREs256923	chr2	45434253	45434754	501
cCREs256935	chr2	45499212	45499788	576
cCREs256941	chr2	45518637	45519160	523
cCREs257014	chr2	45954407	45954911	504
cCREs257268	chr2	48062558	48063119	561
cCREs257474	chr2	49099089	49099599	510
cCREs257539	chr2	49417927	49418460	533
cCREs257552	chr2	49473685	49474247	562
cCREs257777	chr2	50173686	50174607	921
cCREs257978	chr2	51046186	51046769	583
cCREs258040	chr2	51327021	51327532	511
cCREs258120	chr2	51681248	51681764	516
cCREs258209	chr2	52098422	52098933	511
cCREs258287	chr2	52400609	52401111	502
cCREs258323	chr2	52503419	52504036	617
cCREs258363	chr2	52614628	52615129	501
cCREs258446	chr2	52869197	52870154	957
cCREs258488	chr2	52964265	52965118	853
cCREs258506	chr2	53002714	53003273	559
cCREs258539	chr2	53087482	53087983	501
cCREs258555	chr2	53142942	53143443	501
cCREs258556	chr2	53146710	53147237	527
cCREs258560	chr2	53162564	53163100	536
cCREs258586	chr2	53376716	53377252	536
cCREs258598	chr2	53426315	53426841	526
cCREs258601	chr2	53440225	53440746	521
cCREs258907	chr2	55500555	55501086	531
cCREs258917	chr2	55548983	55549581	598
cCREs259191	chr2	57456544	57457065	521
cCREs259237	chr2	57777216	57777742	526
cCREs259324	chr2	58165533	58166078	545
cCREs259418	chr2	58486312	58486916	604
cCREs259604	chr2	59176941	59177479	538
cCREs259751	chr2	59593356	59593932	576
cCREs259782	chr2	59677726	59678227	501
cCREs259786	chr2	59688202	59688723	521
cCREs259812	chr2	59757668	59758767	1099
cCREs259868	chr2	59941197	59941753	556
cCREs259994	chr2	60560003	60561374	1371
cCREs260128	chr2	61002696	61003553	857
cCREs260278	chr2	61608612	61609152	540
cCREs260539	chr2	62754528	62755174	646
cCREs260774	chr2	63978581	63979294	713
cCREs260835	chr2	64350134	64350728	594
cCREs260876	chr2	64618732	64619266	534
cCREs260906	chr2	64860091	64860619	528
cCREs260984	chr2	65138934	65139435	501
cCREs260988	chr2	65151394	65151934	540
cCREs261002	chr2	65192901	65193867	966
cCREs261127	chr2	65643607	65644128	521
cCREs261189	chr2	65921982	65922503	521
cCREs261267	chr2	66181882	66182383	501
cCREs261275	chr2	66198933	66199570	637
cCREs261324	chr2	66413643	66414180	537
cCREs261600	chr2	68004741	68005322	581
cCREs261670	chr2	68252963	68253464	501
cCREs261713	chr2	68353136	68353671	535
cCREs261749	chr2	68437854	68438490	636
cCREs261760	chr2	68456144	68456683	539
cCREs261912	chr2	69068706	69069211	505
cCREs262102	chr2	69948678	69949368	690
cCREs262219	chr2	70333516	70334106	590
cCREs262223	chr2	70347456	70347957	501
cCREs262272	chr2	70577038	70577565	527
cCREs262287	chr2	70625576	70626244	668
cCREs262326	chr2	70798184	70798717	533
cCREs262428	chr2	71232307	71232808	501
cCREs262486	chr2	71451639	71452187	548
cCREs262491	chr2	71479854	71480358	504
cCREs262495	chr2	71497140	71497946	806
cCREs262573	chr2	71780001	71780526	525
cCREs262604	chr2	71900482	71901139	657
cCREs262760	chr2	72305769	72306270	501
cCREs262814	chr2	72503610	72504515	905
cCREs262839	chr2	72591951	72592635	684
cCREs262873	chr2	72725989	72726536	547
cCREs262897	chr2	72827104	72827648	544
cCREs262979	chr2	73201420	73202098	678
cCREs263022	chr2	73376103	73376643	540
cCREs263053	chr2	73452230	73452742	512
cCREs263054	chr2	73452997	73453539	542
cCREs263072	chr2	73504778	73505307	529
cCREs263076	chr2	73518330	73518831	501
cCREs263078	chr2	73521638	73522222	584
cCREs263181	chr2	73917477	73918004	527
cCREs263319	chr2	74749708	74750275	567
cCREs263351	chr2	74961151	74962099	948
cCREs263373	chr2	75058347	75058888	541
cCREs263380	chr2	75100593	75101521	928
cCREs263456	chr2	75440670	75441205	535
cCREs263501	chr2	75639354	75640140	786
cCREs263642	chr2	76221688	76222207	519
cCREs263714	chr2	76509725	76510242	517
cCREs263900	chr2	77276440	77276941	501
cCREs264014	chr2	77591845	77592346	501
cCREs264083	chr2	77775791	77776312	521
cCREs264133	chr2	77934550	77935079	529
cCREs264159	chr2	78081646	78082241	595
cCREs264193	chr2	78252986	78253519	533
cCREs264223	chr2	78416549	78417050	501
cCREs264260	chr2	78590913	78591437	524
cCREs264275	chr2	78678811	78679327	516
cCREs264299	chr2	78859229	78859770	541
cCREs264343	chr2	79019641	79020162	521
cCREs264418	chr2	79308257	79308794	537
cCREs264422	chr2	79323663	79324164	501
cCREs264424	chr2	79328050	79328553	503
cCREs264556	chr2	79798594	79799130	536
cCREs264559	chr2	79807478	79808289	811
cCREs264707	chr2	80347958	80349088	1130
cCREs264731	chr2	80439974	80440523	549
cCREs264739	chr2	80483201	80483720	519
cCREs264830	chr2	80855965	80856466	501
cCREs265235	chr2	83673024	83673858	834
cCREs265237	chr2	83681643	83682159	516
cCREs265270	chr2	83797925	83798628	703
cCREs265322	chr2	84078361	84078876	515
cCREs265327	chr2	84100649	84101154	505
cCREs265922	chr2	90533013	90533591	578
cCREs265927	chr2	90546547	90547088	541
cCREs266056	chr2	91064662	91065175	513
cCREs266106	chr2	91247502	91248034	532
cCREs266131	chr2	91332256	91332916	660
cCREs266167	chr2	91474252	91474957	705
cCREs266272	chr2	91934976	91935675	699
cCREs266280	chr2	91954912	91955453	541
cCREs266373	chr2	92347197	92347698	501
cCREs266442	chr2	92576056	92576557	501
cCREs266513	chr2	92773302	92773840	538
cCREs266709	chr2	93348312	93348817	505
cCREs266713	chr2	93354739	93355260	521
cCREs266734	chr2	93425745	93426280	535
cCREs266735	chr2	93432198	93434010	1812
cCREs266737	chr2	93438307	93438815	508
cCREs266749	chr2	93469067	93469578	511
cCREs266779	chr2	93614490	93615387	897
cCREs266795	chr2	93677097	93677622	525
cCREs266810	chr2	93712762	93713281	519
cCREs266859	chr2	93879643	93880153	510
cCREs266882	chr2	93946941	93947665	724
cCREs266885	chr2	93953726	93954360	634
cCREs267117	chr2	94925790	94926355	565
cCREs267296	chr2	96339568	96340077	509
cCREs267414	chr2	96868378	96868916	538
cCREs267468	chr2	97168482	97169177	695
cCREs267550	chr2	97544590	97545146	556
cCREs268030	chr2	101776089	101776630	541
cCREs268052	chr2	101862831	101863634	803
cCREs268345	chr2	102726088	102726589	501
cCREs268502	chr2	103211454	103211990	536
cCREs268569	chr2	103441584	103442086	502
cCREs268612	chr2	103603875	103604657	782
cCREs268626	chr2	103637972	103638496	524
cCREs268630	chr2	103647528	103648239	711
cCREs268670	chr2	103784008	103784523	515
cCREs268686	chr2	103875535	103876090	555
cCREs268750	chr2	104150166	104150671	505
cCREs268860	chr2	104404040	104404925	885
cCREs268939	chr2	104787533	104788055	522
cCREs269074	chr2	105505437	105506110	673
cCREs269153	chr2	105924847	105925518	671
cCREs269234	chr2	106415497	106416263	766
cCREs269264	chr2	106537784	106538528	744
cCREs269391	chr2	106933341	106933882	541
cCREs269403	chr2	106970501	106971002	501
cCREs269692	chr2	108636246	108636800	554
cCREs269799	chr2	109268872	109269680	808
cCREs269840	chr2	109555822	109556401	579
cCREs269992	chr2	110230501	110231036	535
cCREs270201	chr2	112144088	112144589	501
cCREs270550	chr2	113478328	113478877	549
cCREs270552	chr2	113492527	113493028	501
cCREs270602	chr2	113689748	113690253	505
cCREs270610	chr2	113724029	113724530	501
cCREs270677	chr2	114011776	114012277	501
cCREs270698	chr2	114089839	114090387	548
cCREs270739	chr2	114266360	114266900	540
cCREs270761	chr2	114346994	114347532	538
cCREs270947	chr2	115344161	115344714	553
cCREs270971	chr2	115452353	115452890	537
cCREs270973	chr2	115456535	115457036	501
cCREs271045	chr2	115747524	115748057	533
cCREs271111	chr2	115962645	115963162	517
cCREs271314	chr2	116885399	116886172	773
cCREs271320	chr2	116910350	116910851	501
cCREs271330	chr2	116952529	116953030	501
cCREs271517	chr2	117614721	117615222	501
cCREs271518	chr2	117619743	117620268	525
cCREs271566	chr2	117862241	117862764	523
cCREs271970	chr2	119577672	119578173	501
cCREs272053	chr2	120040826	120041334	508
cCREs272180	chr2	120660331	120660928	597
cCREs272183	chr2	120690627	120691243	616
cCREs272229	chr2	121011821	121012322	501
cCREs272231	chr2	121023483	121024038	555
cCREs272306	chr2	121404579	121405084	505
cCREs272309	chr2	121419546	121420047	501
cCREs272484	chr2	122262486	122263015	529
cCREs272521	chr2	122438720	122439482	762
cCREs272528	chr2	122483982	122484542	560
cCREs272551	chr2	122625856	122626374	518
cCREs272592	chr2	122792457	122792991	534
cCREs272596	chr2	122805379	122805968	589
cCREs272794	chr2	123839014	123839515	501
cCREs272900	chr2	124333749	124334273	524
cCREs272914	chr2	124390254	124390771	517
cCREs272979	chr2	124586425	124587172	747
cCREs273089	chr2	124990260	124990771	511
cCREs273110	chr2	125074193	125074708	515
cCREs273113	chr2	125102839	125103353	514
cCREs273185	chr2	125378018	125378525	507
cCREs273217	chr2	125482013	125482514	501
cCREs273219	chr2	125484065	125484566	501
cCREs273262	chr2	125648725	125649262	537
cCREs273296	chr2	125769926	125770492	566
cCREs273321	chr2	125851209	125851710	501
cCREs273390	chr2	126087050	126087604	554
cCREs273435	chr2	126441971	126442472	501
cCREs273486	chr2	126726594	126727557	963
cCREs273516	chr2	126881602	126882103	501
cCREs273562	chr2	127089466	127089967	501
cCREs273592	chr2	127282465	127282966	501
cCREs273659	chr2	127532383	127532947	564
cCREs273704	chr2	127742716	127743217	501
cCREs273713	chr2	127777926	127778427	501
cCREs273767	chr2	128094412	128094926	514
cCREs273853	chr2	128437493	128438007	514
cCREs273887	chr2	128578580	128579084	504
cCREs273915	chr2	128716429	128716962	533
cCREs273933	chr2	128798691	128799227	536
cCREs273938	chr2	128823829	128824335	506
cCREs273950	chr2	128875474	128876010	536
cCREs273965	chr2	128938102	128938603	501
cCREs274035	chr2	129234069	129234577	508
cCREs274149	chr2	129692862	129693385	523
cCREs274227	chr2	130016121	130016663	542
cCREs274302	chr2	130353774	130354412	638
cCREs274563	chr2	131462921	131463478	557
cCREs274690	chr2	131895964	131896489	525
cCREs274738	chr2	132047282	132047832	550
cCREs274822	chr2	132308660	132309216	556
cCREs275048	chr2	133327649	133328150	501
cCREs275101	chr2	133533323	133534167	844
cCREs275103	chr2	133547099	133547622	523
cCREs275215	chr2	134099713	134100214	501
cCREs275223	chr2	134184084	134184585	501
cCREs275295	chr2	134717960	134718479	519
cCREs275319	chr2	134841306	134841807	501
cCREs275582	chr2	135716073	135716577	504
cCREs275794	chr2	136371766	136373046	1280
cCREs276061	chr2	137457084	137457835	751
cCREs276066	chr2	137481955	137482477	522
cCREs276074	chr2	137518580	137519082	502
cCREs276130	chr2	137782759	137783568	809
cCREs276264	chr2	138343584	138344112	528
cCREs276548	chr2	139711603	139712437	834
cCREs276768	chr2	140763249	140763767	518
cCREs276771	chr2	140771487	140772057	570
cCREs276950	chr2	141476211	141476830	619
cCREs277029	chr2	141859122	141859678	556
cCREs277109	chr2	142222247	142222748	501
cCREs277179	chr2	142491031	142491567	536
cCREs277276	chr2	142801741	142802426	685
cCREs277340	chr2	143027849	143028376	527
cCREs277406	chr2	143265657	143266452	795
cCREs277414	chr2	143308243	143308765	522
cCREs277464	chr2	143538266	143538803	537
cCREs277532	chr2	143742658	143743198	540
cCREs277588	chr2	143939085	143939627	542
cCREs277595	chr2	143966781	143967300	519
cCREs277635	chr2	144114120	144114827	707
cCREs277693	chr2	144295031	144295581	550
cCREs277785	chr2	144649965	144650818	853
cCREs277949	chr2	145313869	145314723	854
cCREs278108	chr2	145854131	145854761	630
cCREs278129	chr2	145906816	145907368	552
cCREs278130	chr2	145910433	145911007	574
cCREs278205	chr2	146249003	146249578	575
cCREs278310	chr2	146586239	146586767	528
cCREs278346	chr2	146759863	146760662	799
cCREs278370	chr2	146888985	146889550	565
cCREs278394	chr2	147041141	147041680	539
cCREs278408	chr2	147173995	147174496	501
cCREs278458	chr2	147501597	147502146	549
cCREs278486	chr2	147704047	147704735	688
cCREs278515	chr2	147811726	147812227	501
cCREs278547	chr2	148040307	148041215	908
cCREs278649	chr2	148399713	148400222	509
cCREs278650	chr2	148401979	148402817	838
cCREs278743	chr2	148660644	148661438	794
cCREs278995	chr2	150357149	150357682	533
cCREs279022	chr2	150652620	150653229	609
cCREs279106	chr2	150902427	150902983	556
cCREs279204	chr2	151739907	151740543	636
cCREs279214	chr2	151795540	151796119	579
cCREs279232	chr2	151891684	151892185	501
cCREs279264	chr2	151999111	151999612	501
cCREs279323	chr2	152235002	152235503	501
cCREs279332	chr2	152310884	152311432	548
cCREs279341	chr2	152336744	152337281	537
cCREs279414	chr2	152694644	152695150	506
cCREs279452	chr2	152805714	152806516	802
cCREs279478	chr2	152922173	152922911	738
cCREs279695	chr2	153832390	153832920	530
cCREs279703	chr2	153859343	153859870	527
cCREs279704	chr2	153861881	153862393	512
cCREs279740	chr2	154135108	154135706	598
cCREs279905	chr2	154857200	154857723	523
cCREs279915	chr2	154928176	154928842	666
cCREs279955	chr2	155217515	155218027	512
cCREs279995	chr2	155402067	155402617	550
cCREs280000	chr2	155427468	155428046	578
cCREs280002	chr2	155446868	155447422	554
cCREs280021	chr2	155567619	155568131	512
cCREs280104	chr2	155899887	155900388	501
cCREs280134	chr2	156001177	156001711	534
cCREs280214	chr2	156439554	156440570	1016
cCREs280259	chr2	156548092	156548593	501
cCREs280303	chr2	156670206	156670707	501
cCREs280342	chr2	156777191	156778069	878
cCREs280351	chr2	156844818	156845366	548
cCREs280419	chr2	157053932	157054433	501
cCREs280502	chr2	157389747	157390291	544
cCREs280562	chr2	157541712	157542287	575
cCREs280716	chr2	158070189	158070774	585
cCREs280762	chr2	158199124	158199762	638
cCREs280780	chr2	158253847	158254402	555
cCREs280822	chr2	158442376	158442936	560
cCREs280882	chr2	158658699	158659310	611
cCREs280911	chr2	158725244	158725883	639
cCREs280920	chr2	158747183	158747739	556
cCREs281031	chr2	159283079	159283589	510
cCREs281119	chr2	159896398	159896899	501
cCREs281153	chr2	160061078	160061613	535
cCREs281160	chr2	160080481	160080982	501
cCREs281180	chr2	160220493	160221062	569
cCREs281323	chr2	160852465	160852966	501
cCREs281451	chr2	161403760	161404308	548
cCREs281466	chr2	161491402	161491928	526
cCREs281596	chr2	162065640	162066282	642
cCREs281622	chr2	162187580	162188081	501
cCREs281658	chr2	162319324	162319887	563
cCREs281829	chr2	162981300	162981811	511
cCREs281835	chr2	163036110	163036829	719
cCREs282277	chr2	164931972	164932473	501
cCREs282427	chr2	165450633	165451208	575
cCREs282451	chr2	165561674	165562175	501
cCREs282453	chr2	165564581	165565096	515
cCREs282460	chr2	165597548	165598637	1089
cCREs282474	chr2	165629764	165630355	591
cCREs282485	chr2	165661913	165662467	554
cCREs282509	chr2	165751953	165752495	542
cCREs282608	chr2	166067934	166068625	691
cCREs282627	chr2	166110711	166111237	526
cCREs282645	chr2	166163197	166163717	520
cCREs282784	chr2	166635463	166635981	518
cCREs282786	chr2	166638113	166638684	571
cCREs282814	chr2	166703540	166704298	758
cCREs282853	chr2	166862399	166862912	513
cCREs282854	chr2	166863712	166864262	550
cCREs282882	chr2	166959071	166959661	590
cCREs282927	chr2	167141422	167141955	533
cCREs283063	chr2	167629369	167629904	535
cCREs283294	chr2	168468203	168468704	501
cCREs283301	chr2	168503706	168504219	513
cCREs283310	chr2	168539526	168540461	935
cCREs283331	chr2	168596460	168597011	551
cCREs283351	chr2	168650611	168651208	597
cCREs283384	chr2	168791017	168791540	523
cCREs283387	chr2	168813137	168813702	565
cCREs283531	chr2	169548983	169549484	501
cCREs283699	chr2	170210537	170211274	737
cCREs283739	chr2	170356880	170357381	501
cCREs283740	chr2	170363542	170364062	520
cCREs283745	chr2	170387860	170388379	519
cCREs283746	chr2	170390573	170391271	698
cCREs283750	chr2	170406328	170407217	889
cCREs283754	chr2	170443319	170443820	501
cCREs283833	chr2	170759324	170759839	515
cCREs283922	chr2	171133149	171133676	527
cCREs283946	chr2	171324788	171325300	512
cCREs284134	chr2	172333704	172334239	535
cCREs284166	chr2	172457326	172457854	528
cCREs284168	chr2	172465327	172466118	791
cCREs284254	chr2	172926238	172927042	804
cCREs284274	chr2	172996106	172996649	543
cCREs284315	chr2	173218645	173220110	1465
cCREs284317	chr2	173225401	173225902	501
cCREs284321	chr2	173235598	173236330	732
cCREs284332	chr2	173255741	173256274	533
cCREs284334	chr2	173258698	173259310	612
cCREs284375	chr2	173386899	173387428	529
cCREs284385	chr2	173432148	173432741	593
cCREs284433	chr2	173691123	173692323	1200
cCREs284449	chr2	173742693	173743215	522
cCREs284455	chr2	173761685	173762219	534
cCREs284471	chr2	173796953	173797775	822
cCREs284489	chr2	173966120	173966623	503
cCREs284513	chr2	174061099	174061631	532
cCREs284524	chr2	174092905	174093904	999
cCREs284534	chr2	174121450	174122016	566
cCREs284574	chr2	174302495	174303014	519
cCREs284586	chr2	174356113	174356821	708
cCREs284600	chr2	174446294	174446800	506
cCREs284702	chr2	174850241	174850742	501
cCREs284775	chr2	178149744	178150245	501
cCREs284825	chr2	178286119	178286663	544
cCREs284838	chr2	178319708	178320243	535
cCREs284849	chr2	178373991	178374492	501
cCREs285013	chr2	179065525	179066026	501
cCREs285055	chr2	179294969	179295520	551
cCREs285222	chr2	179870975	179871520	545
cCREs285234	chr2	179929810	179930391	581
cCREs285241	chr2	179942221	179942744	523
cCREs285244	chr2	179960199	179960700	501
cCREs285340	chr2	180399690	180400291	601
cCREs285353	chr2	180451319	180451843	524
cCREs285389	chr2	180587640	180588167	527
cCREs285415	chr2	180699246	180699747	501
cCREs285417	chr2	180705097	180705609	512
cCREs285473	chr2	180915833	180916334	501
cCREs285490	chr2	180987545	180988122	577
cCREs285554	chr2	181212950	181213514	564
cCREs285613	chr2	181576969	181577475	506
cCREs285624	chr2	181634238	181634739	501
cCREs285630	chr2	181661380	181661912	532
cCREs285665	chr2	181801419	181801947	528
cCREs285770	chr3	4853900	4854422	522
cCREs285815	chr3	5274463	5274980	517
cCREs285960	chr3	6883329	6884188	859
cCREs286196	chr3	8632775	8633291	516
cCREs286241	chr3	8804213	8804742	529
cCREs286243	chr3	8816786	8817323	537
cCREs286248	chr3	8839467	8840234	767
cCREs286305	chr3	9036542	9037050	508
cCREs286349	chr3	9278012	9278546	534
cCREs286371	chr3	9376733	9377257	524
cCREs286456	chr3	9663532	9664515	983
cCREs286462	chr3	9681093	9681604	511
cCREs286494	chr3	9768863	9769364	501
cCREs286509	chr3	9808293	9808827	534
cCREs286514	chr3	9824280	9824801	521
cCREs286567	chr3	10022057	10023403	1346
cCREs286569	chr3	10029209	10029745	536
cCREs286572	chr3	10052765	10053270	505
cCREs286670	chr3	10403487	10404000	513
cCREs286672	chr3	10406432	10406940	508
cCREs287196	chr3	14648600	14649267	667
cCREs287287	chr3	15118844	15119425	581
cCREs287362	chr3	16228497	16229090	593
cCREs287592	chr3	17952609	17953110	501
cCREs287618	chr3	18097891	18098397	506
cCREs287620	chr3	18103283	18103847	564
cCREs287625	chr3	18128950	18129457	507
cCREs287636	chr3	18160591	18161183	592
cCREs287979	chr3	20000831	20001366	535
cCREs288004	chr3	20134474	20134999	525
cCREs288010	chr3	20148614	20149115	501
cCREs288054	chr3	20511312	20511926	614
cCREs288208	chr3	21402127	21402670	543
cCREs288284	chr3	21677782	21678331	549
cCREs288412	chr3	22145564	22146065	501
cCREs288424	chr3	22171296	22171998	702
cCREs288483	chr3	22687169	22687670	501
cCREs288489	chr3	22826605	22827117	512
cCREs288680	chr3	24210758	24211299	541
cCREs288768	chr3	24751922	24752466	544
cCREs288783	chr3	24848672	24849206	534
cCREs288978	chr3	25840039	25840563	524
cCREs288995	chr3	25904889	25905393	504
cCREs289010	chr3	25977728	25978402	674
cCREs289055	chr3	26133598	26134099	501
cCREs289065	chr3	26185946	26186447	501
cCREs289094	chr3	26304218	26304766	548
cCREs289251	chr3	27185426	27185970	544
cCREs289271	chr3	27233022	27233548	526
cCREs289291	chr3	27293624	27294182	558
cCREs289310	chr3	27377059	27377576	517
cCREs289445	chr3	27811619	27812179	560
cCREs289482	chr3	27994718	27995273	555
cCREs289512	chr3	28123607	28124127	520
cCREs289559	chr3	28295971	28296699	728
cCREs289668	chr3	28576587	28577103	516
cCREs289678	chr3	28596022	28596546	524
cCREs289706	chr3	28668774	28669283	509
cCREs289713	chr3	28698728	28699245	517
cCREs289852	chr3	29408080	29408591	511
cCREs289942	chr3	29758466	29758996	530
cCREs290009	chr3	30163949	30164577	628
cCREs290019	chr3	30226815	30227344	529
cCREs290023	chr3	30246417	30246962	545
cCREs290051	chr3	30395519	30396042	523
cCREs290118	chr3	30772586	30773559	973
cCREs290157	chr3	30945418	30945919	501
cCREs290192	chr3	31079279	31079780	501
cCREs290236	chr3	31228402	31228904	502
cCREs290513	chr3	32443352	32443877	525
cCREs290538	chr3	32519144	32519678	534
cCREs290547	chr3	32555644	32556209	565
cCREs290568	chr3	32614790	32615697	907
cCREs290648	chr3	32947699	32948200	501
cCREs290877	chr3	33970042	33970543	501
cCREs290972	chr3	34309572	34310135	563
cCREs290980	chr3	34323883	34324772	889
cCREs290992	chr3	34357027	34357923	896
cCREs291028	chr3	34483589	34484330	741
cCREs291043	chr3	34550948	34551776	828
cCREs291049	chr3	34565281	34565811	530
cCREs291056	chr3	34574638	34575152	514
cCREs291071	chr3	34608673	34609197	524
cCREs291074	chr3	34618112	34618667	555
cCREs291235	chr3	35439670	35440200	530
cCREs291245	chr3	35510309	35510822	513
cCREs291250	chr3	35534837	35535338	501
cCREs291331	chr3	36180779	36181291	512
cCREs291489	chr3	36797035	36797673	638
cCREs291587	chr3	37337418	37337946	528
cCREs291620	chr3	37500497	37501341	844
cCREs291633	chr3	37557305	37557839	534
cCREs291707	chr3	37846562	37847228	666
cCREs291727	chr3	37941324	37941894	570
cCREs291741	chr3	37982212	37982719	507
cCREs291743	chr3	37991884	37992431	547
cCREs291832	chr3	38360366	38360995	629
cCREs291869	chr3	38490643	38491144	501
cCREs291949	chr3	38805141	38805656	515
cCREs291958	chr3	38838024	38838530	506
cCREs292152	chr3	39778820	39779347	527
cCREs292313	chr3	40660104	40660624	520
cCREs292459	chr3	41325814	41326757	943
cCREs292702	chr3	42468450	42468959	509
cCREs292845	chr3	43251032	43251589	557
cCREs293016	chr3	45330321	45330878	557
cCREs293034	chr3	45408197	45408709	512
cCREs293597	chr3	49893905	49894415	510
cCREs293600	chr3	49913879	49914415	536
cCREs293818	chr3	50879001	50879516	515
cCREs293911	chr3	51124044	51124583	539
cCREs293920	chr3	51145698	51146199	501
cCREs293956	chr3	51260291	51260797	506
cCREs294009	chr3	51498557	51499076	519
cCREs294020	chr3	51543012	51543775	763
cCREs294156	chr3	51980647	51981524	877
cCREs294239	chr3	52287579	52288208	629
cCREs294494	chr3	53127379	53127898	519
cCREs294602	chr3	53513129	53513737	608
cCREs294809	chr3	54305413	54305937	524
cCREs294822	chr3	54358354	54359268	914
cCREs294847	chr3	54443810	54444341	531
cCREs295050	chr3	55192594	55193159	565
cCREs295218	chr3	55637077	55637670	593
cCREs295232	chr3	55667025	55667561	536
cCREs295348	chr3	56111954	56112464	510
cCREs295359	chr3	56168986	56169544	558
cCREs295619	chr3	57437626	57438357	731
cCREs295673	chr3	57665276	57665803	527
cCREs295711	chr3	57872777	57873278	501
cCREs295823	chr3	58356122	58356638	516
cCREs295829	chr3	58376656	58377234	578
cCREs295833	chr3	58387255	58387790	535
cCREs295864	chr3	58578518	58579040	522
cCREs295867	chr3	58593502	58594031	529
cCREs295893	chr3	58697790	58698702	912
cCREs295976	chr3	59029137	59029899	762
cCREs296050	chr3	59227640	59228163	523
cCREs296120	chr3	59780526	59781042	516
cCREs296158	chr3	60114507	60115031	524
cCREs296164	chr3	60139974	60140475	501
cCREs296171	chr3	60180037	60180571	534
cCREs296172	chr3	60181965	60182516	551
cCREs296211	chr3	60459823	60460694	871
cCREs296265	chr3	60590472	60591199	727
cCREs296267	chr3	60598036	60598552	516
cCREs296320	chr3	60841481	60842686	1205
cCREs296352	chr3	61031670	61032182	512
cCREs296394	chr3	61259547	61260064	517
cCREs296594	chr3	62379091	62379611	520
cCREs296789	chr3	63574348	63574966	618
cCREs296836	chr3	63747323	63747863	540
cCREs296983	chr3	64974922	64975423	501
cCREs296997	chr3	65006073	65006612	539
cCREs297113	chr3	65374753	65375300	547
cCREs297123	chr3	65407787	65408330	543
cCREs297143	chr3	65474537	65475081	544
cCREs297203	chr3	65670697	65671218	521
cCREs297210	chr3	65690846	65691596	750
cCREs297219	chr3	65734507	65735045	538
cCREs297345	chr3	66225167	66225668	501
cCREs297464	chr3	67153500	67154001	501
cCREs297484	chr3	67323530	67324056	526
cCREs297521	chr3	67497410	67497911	501
cCREs297580	chr3	67827381	67827895	514
cCREs297654	chr3	68079654	68080179	525
cCREs297684	chr3	68193368	68193869	501
cCREs297900	chr3	68889316	68890029	713
cCREs298011	chr3	69414588	69415185	597
cCREs298021	chr3	69429911	69430425	514
cCREs298040	chr3	69477860	69478636	776
cCREs298138	chr3	69830024	69830749	725
cCREs298197	chr3	70124946	70125447	501
cCREs298448	chr3	72235292	72235793	501
cCREs298529	chr3	73042264	73042773	509
cCREs298571	chr3	73321932	73322433	501
cCREs298588	chr3	73397096	73397607	511
cCREs298611	chr3	73576276	73576777	501
cCREs298629	chr3	73684141	73684656	515
cCREs298872	chr3	75641876	75642418	542
cCREs299132	chr3	77431494	77432014	520
cCREs299167	chr3	77786016	77786523	507
cCREs299437	chr3	79151198	79151712	514
cCREs299449	chr3	79184502	79185058	556
cCREs299475	chr3	79235838	79236339	501
cCREs299490	chr3	79265339	79265876	537
cCREs299519	chr3	79364731	79365403	672
cCREs299525	chr3	79377987	79378513	526
cCREs299557	chr3	79473525	79474107	582
cCREs299866	chr3	80710421	80710967	546
cCREs299893	chr3	80785532	80786252	720
cCREs299920	chr3	80865006	80865507	501
cCREs299929	chr3	80885210	80885711	501
cCREs299940	chr3	80905623	80906236	613
cCREs300058	chr3	81497121	81497659	538
cCREs300148	chr3	81947695	81948199	504
cCREs300160	chr3	81976756	81977620	864
cCREs300414	chr3	82934860	82935455	595
cCREs300417	chr3	82947887	82948444	557
cCREs300424	chr3	82981851	82982403	552
cCREs300595	chr3	83774297	83774843	546
cCREs300609	chr3	83842225	83842748	523
cCREs300757	chr3	84370514	84371202	688
cCREs300767	chr3	84399518	84400096	578
cCREs300771	chr3	84409714	84410250	536
cCREs300776	chr3	84424581	84425485	904
cCREs300780	chr3	84432754	84433488	734
cCREs300823	chr3	84569472	84570220	748
cCREs300824	chr3	84575039	84575569	530
cCREs300828	chr3	84589580	84590257	677
cCREs300900	chr3	84909135	84909903	768
cCREs301217	chr3	86015179	86015680	501
cCREs301254	chr3	86112007	86112750	743
cCREs301486	chr3	87158757	87159798	1041
cCREs301520	chr3	87305301	87306287	986
cCREs301559	chr3	87611194	87611814	620
cCREs301566	chr3	87627597	87628414	817
cCREs301591	chr3	87736865	87737865	1000
cCREs301644	chr3	87981323	87983264	1941
cCREs301702	chr3	88220775	88221320	545
cCREs301747	chr3	88403077	88403937	860
cCREs301751	chr3	88413334	88413847	513
cCREs301782	chr3	88496668	88497180	512
cCREs301844	chr3	88750933	88751520	587
cCREs302129	chr3	89950213	89950744	531
cCREs302226	chr3	90559940	90560510	570
cCREs302329	chr3	92369970	92370715	745
cCREs302476	chr3	93464329	93464840	511
cCREs302598	chr3	94547325	94548352	1027
cCREs302645	chr3	94869749	94870250	501
cCREs302779	chr3	95502232	95502737	505
cCREs302820	chr3	95716706	95717413	707
cCREs302879	chr3	96003056	96003564	508
cCREs302904	chr3	96108192	96108729	537
cCREs303342	chr3	97987414	97987937	523
cCREs303344	chr3	97993085	97993998	913
cCREs303385	chr3	98099963	98100507	544
cCREs304023	chr3	101396988	101397604	616
cCREs304058	chr3	101509678	101510252	574
cCREs304144	chr3	101816420	101816933	513
cCREs304172	chr3	101903823	101904374	551
cCREs304225	chr3	102079270	102079771	501
cCREs304227	chr3	102085577	102086137	560
cCREs304250	chr3	102148924	102149447	523
cCREs304254	chr3	102160823	102161324	501
cCREs304266	chr3	102187968	102188469	501
cCREs304385	chr3	102655097	102655614	517
cCREs304403	chr3	102709622	102710123	501
cCREs304439	chr3	102946805	102947306	501
cCREs304562	chr3	103584111	103584714	603
cCREs304746	chr3	104369597	104370142	545
cCREs304790	chr3	104585287	104585870	583
cCREs304864	chr3	104889672	104890208	536
cCREs304892	chr3	105019623	105020743	1120
cCREs304974	chr3	105304942	105305471	529
cCREs305024	chr3	105462276	105462801	525
cCREs305163	chr3	105845364	105846185	821
cCREs305327	chr3	107097266	107097820	554
cCREs305334	chr3	107125398	107125999	601
cCREs305385	chr3	107314938	107315460	522
cCREs305472	chr3	107563528	107564142	614
cCREs305494	chr3	107626914	107627495	581
cCREs305523	chr3	107732024	107732545	521
cCREs305544	chr3	107788850	107789388	538
cCREs305578	chr3	107873161	107874478	1317
cCREs305600	chr3	107945904	107946861	957
cCREs305636	chr3	108081034	108081551	517
cCREs305649	chr3	108132492	108133043	551
cCREs305728	chr3	108372037	108372738	701
cCREs305754	chr3	108465853	108466586	733
cCREs305789	chr3	108632146	108632647	501
cCREs305822	chr3	108782244	108782989	745
cCREs305829	chr3	108798825	108799329	504
cCREs305840	chr3	108832633	108833212	579
cCREs305857	chr3	108885992	108886641	649
cCREs305945	chr3	109291951	109292457	506
cCREs305966	chr3	109361803	109362796	993
cCREs305979	chr3	109409721	109410247	526
cCREs306028	chr3	109571076	109571582	506
cCREs306100	chr3	109808912	109809416	504
cCREs306518	chr3	113796397	113796898	501
cCREs306540	chr3	113950302	113950852	550
cCREs306626	chr3	114799809	114800424	615
cCREs306639	chr3	114914106	114914607	501
cCREs306815	chr3	115692394	115693644	1250
cCREs306862	chr3	115899353	115899922	569
cCREs306863	chr3	115899948	115900550	602
cCREs306897	chr3	116021134	116021647	513
cCREs306998	chr3	116344346	116344872	526
cCREs307006	chr3	116373112	116373652	540
cCREs307136	chr3	116952152	116952909	757
cCREs307153	chr3	117006587	117007169	582
cCREs307299	chr3	117586720	117587515	795
cCREs307388	chr3	117880296	117880820	524
cCREs307457	chr3	118252781	118253298	517
cCREs307539	chr3	118563090	118563591	501
cCREs307559	chr3	118656726	118657273	547
cCREs307633	chr3	119070722	119071247	525
cCREs307644	chr3	119144725	119145277	552
cCREs307653	chr3	119173648	119174165	517
cCREs307754	chr3	119788925	119789473	548
cCREs307943	chr3	120782420	120782969	549
cCREs308015	chr3	121169612	121170277	665
cCREs308038	chr3	121256443	121256965	522
cCREs308125	chr3	121537380	121537925	545
cCREs308215	chr3	121806570	121807082	512
cCREs308328	chr3	122228219	122228728	509
cCREs308385	chr3	122430664	122431633	969
cCREs308647	chr3	123379569	123380150	581
cCREs308713	chr3	123594409	123594928	519
cCREs308906	chr3	124598084	124598802	718
cCREs308948	chr3	124877176	124877694	518
cCREs308976	chr3	125125048	125125578	530
cCREs308983	chr3	125157770	125158276	506
cCREs309051	chr3	125636298	125636811	513
cCREs309099	chr3	125854443	125854944	501
cCREs309100	chr3	125855586	125856117	531
cCREs309107	chr3	125890473	125891006	533
cCREs309110	chr3	125917757	125918471	714
cCREs309113	chr3	125930620	125931202	582
cCREs309155	chr3	126199300	126199841	541
cCREs309201	chr3	126473036	126473553	517
cCREs309414	chr3	127118731	127119242	511
cCREs309557	chr3	127649687	127650206	519
cCREs309560	chr3	127658285	127658820	535
cCREs309576	chr3	127750174	127750707	533
cCREs309614	chr3	127893372	127893873	501
cCREs309639	chr3	127988876	127989431	555
cCREs309863	chr3	129497153	129497667	514
cCREs309883	chr3	129568181	129568926	745
cCREs309926	chr3	129657170	129658171	1001
cCREs309941	chr3	129731298	129731835	537
cCREs309946	chr3	129751948	129752449	501
cCREs309961	chr3	129820692	129821334	642
cCREs310092	chr3	130305609	130306194	585
cCREs310117	chr3	130378411	130378949	538
cCREs310187	chr3	130629763	130630264	501
cCREs310259	chr3	130950366	130950867	501
cCREs310260	chr3	130951180	130951840	660
cCREs310314	chr3	131186131	131186668	537
cCREs310345	chr3	131289830	131290348	518
cCREs310351	chr3	131315907	131316703	796
cCREs310403	chr3	131600625	131601731	1106
cCREs310422	chr3	131641028	131641553	525
cCREs310425	chr3	131644509	131645033	524
cCREs310632	chr3	132739026	132739527	501
cCREs310696	chr3	132996225	132996786	561
cCREs310699	chr3	133026363	133027362	999
cCREs310703	chr3	133036834	133037341	507
cCREs310769	chr3	133335190	133335716	526
cCREs310941	chr3	134260865	134262048	1183
cCREs310993	chr3	134631933	134632450	517
cCREs311062	chr3	135118145	135118967	822
cCREs311102	chr3	135303941	135304853	912
cCREs311142	chr3	135510052	135510599	547
cCREs311167	chr3	135595852	135596436	584
cCREs311175	chr3	135614425	135614944	519
cCREs311198	chr3	135685531	135686032	501
cCREs311395	chr3	136681030	136681584	554
cCREs311517	chr3	136988941	136989442	501
cCREs311655	chr3	137550652	137551208	556
cCREs311755	chr3	137936507	137937008	501
cCREs311766	chr3	137966233	137966975	742
cCREs311829	chr3	138192782	138193283	501
cCREs311832	chr3	138215314	138216040	726
cCREs311875	chr3	138412848	138413349	501
cCREs311914	chr3	138560820	138561386	566
cCREs312020	chr3	138901357	138901867	510
cCREs312596	chr3	141711457	141711972	515
cCREs312607	chr3	141744862	141745377	515
cCREs312747	chr3	142281709	142282298	589
cCREs312820	chr3	142617269	142617788	519
cCREs312862	chr3	142791035	142791557	522
cCREs313166	chr3	143970822	143971323	501
cCREs313210	chr3	144104873	144105402	529
cCREs313337	chr3	144480579	144481111	532
cCREs313396	chr3	144644118	144644655	537
cCREs313430	chr3	144762130	144762684	554
cCREs313541	chr3	145337101	145337901	800
cCREs313549	chr3	145373696	145374489	793
cCREs313555	chr3	145389739	145390488	749
cCREs313592	chr3	145537836	145538356	520
cCREs313597	chr3	145580222	145580723	501
cCREs313658	chr3	145787270	145787793	523
cCREs313706	chr3	145943564	145944146	582
cCREs313726	chr3	146018749	146019257	508
cCREs313729	chr3	146038364	146038865	501
cCREs313768	chr3	146226340	146226855	515
cCREs313793	chr3	146322857	146323358	501
cCREs313869	chr3	146604583	146605090	507
cCREs314012	chr3	147039504	147040325	821
cCREs314082	chr3	147254445	147254988	543
cCREs314137	chr3	147579806	147580324	518
cCREs314482	chr3	149249138	149249678	540
cCREs314483	chr3	149250366	149251066	700
cCREs314635	chr3	150017629	150018141	512
cCREs314806	chr3	151276442	151276976	534
cCREs315005	chr3	152202317	152202850	533
cCREs315043	chr3	152338752	152339306	554
cCREs315224	chr3	152858734	152859358	624
cCREs315281	chr3	152983261	152983787	526
cCREs315346	chr3	153213545	153214142	597
cCREs315470	chr3	153548997	153549541	544
cCREs315475	chr3	153565353	153565881	528
cCREs315545	chr3	153748852	153749370	518
cCREs315546	chr3	153756183	153756684	501
cCREs315639	chr3	154077010	154077511	501
cCREs315741	chr3	154399082	154399595	513
cCREs315851	chr3	154845260	154845768	508
cCREs315942	chr3	155298169	155298711	542
cCREs315955	chr3	155342756	155343278	522
cCREs315967	chr3	155401662	155402242	580
cCREs316019	chr3	155742378	155742891	513
cCREs316148	chr3	156472619	156473128	509
cCREs316185	chr3	156628541	156629056	515
cCREs316234	chr3	156779002	156779592	590
cCREs316318	chr3	157049516	157050165	649
cCREs316477	chr3	157546643	157547221	578
cCREs316633	chr3	158183566	158184071	505
cCREs316967	chr4	3685075	3685726	651
cCREs316994	chr4	3855771	3856286	515
cCREs317154	chr4	4785067	4785730	663
cCREs317290	chr4	5647300	5647851	551
cCREs317335	chr4	5754586	5755118	532
cCREs317560	chr4	6809438	6809949	511
cCREs317564	chr4	6815459	6815960	501
cCREs317572	chr4	6831723	6832320	597
cCREs317772	chr4	7977616	7978497	881
cCREs317896	chr4	8634939	8635440	501
cCREs317904	chr4	8692675	8693176	501
cCREs317911	chr4	8723483	8724023	540
cCREs317924	chr4	8773811	8774328	517
cCREs317944	chr4	8830270	8830777	507
cCREs317956	chr4	8867731	8868333	602
cCREs317966	chr4	8903196	8903722	526
cCREs318061	chr4	9236418	9236990	572
cCREs318125	chr4	9433329	9433848	519
cCREs318285	chr4	10328722	10329223	501
cCREs318351	chr4	10878770	10879292	522
cCREs318429	chr4	11245567	11246100	533
cCREs318434	chr4	11299817	11300324	507
cCREs318584	chr4	11974073	11974830	757
cCREs318615	chr4	12083599	12084100	501
cCREs319156	chr4	14749466	14749984	518
cCREs319192	chr4	14924622	14925175	553
cCREs319409	chr4	15947588	15948089	501
cCREs319438	chr4	16076892	16077450	558
cCREs319706	chr4	18121943	18122462	519
cCREs319718	chr4	18220524	18221119	595
cCREs319776	chr4	18696487	18697084	597
cCREs319813	chr4	18990045	18990572	527
cCREs319911	chr4	19591253	19591827	574
cCREs320154	chr4	20694981	20695516	535
cCREs320299	chr4	21799406	21799924	518
cCREs320306	chr4	21831046	21831593	547
cCREs320324	chr4	21923109	21924006	897
cCREs320328	chr4	21939122	21939623	501
cCREs320363	chr4	22022356	22022907	551
cCREs320392	chr4	22139886	22140474	588
cCREs320686	chr4	24566727	24567300	573
cCREs320776	chr4	24883197	24883702	505
cCREs320912	chr4	25550739	25551279	540
cCREs320916	chr4	25593093	25593932	839
cCREs321022	chr4	26304647	26305156	509
cCREs321285	chr4	28446840	28447381	541
cCREs321513	chr4	30269291	30269807	516
cCREs321656	chr4	31324547	31325490	943
cCREs321682	chr4	31426407	31427034	627
cCREs321722	chr4	31600153	31600663	510
cCREs321754	chr4	31748104	31748825	721
cCREs321798	chr4	31993257	31994191	934
cCREs321801	chr4	32003401	32003902	501
cCREs321871	chr4	32243470	32243988	518
cCREs321893	chr4	32291638	32292194	556
cCREs321937	chr4	32408310	32408811	501
cCREs321978	chr4	32532804	32533372	568
cCREs321989	chr4	32564077	32564819	742
cCREs322046	chr4	32854514	32855082	568
cCREs322106	chr4	33076148	33076672	524
cCREs322123	chr4	33179508	33180023	515
cCREs322166	chr4	33413087	33414280	1193
cCREs322447	chr4	34606223	34606789	566
cCREs322483	chr4	34796284	34796797	513
cCREs322485	chr4	34804962	34805489	527
cCREs322493	chr4	34834810	34835789	979
cCREs322521	chr4	34970781	34971747	966
cCREs322527	chr4	34983234	34983767	533
cCREs322554	chr4	35086744	35087256	512
cCREs322566	chr4	35126192	35126727	535
cCREs322677	chr4	35735500	35736348	848
cCREs322725	chr4	35944586	35945129	543
cCREs322734	chr4	35980935	35981496	561
cCREs322872	chr4	36680642	36681167	525
cCREs322924	chr4	36947315	36947816	501
cCREs323257	chr4	40154033	40154590	557
cCREs323271	chr4	40198221	40198727	506
cCREs323277	chr4	40212962	40213527	565
cCREs323322	chr4	40365638	40366173	535
cCREs323392	chr4	40706135	40706652	517
cCREs323476	chr4	41026982	41027483	501
cCREs323549	chr4	41334104	41334625	521
cCREs323602	chr4	41530342	41530908	566
cCREs323694	chr4	42782504	42783218	714
cCREs323830	chr4	43400921	43401422	501
cCREs323877	chr4	43567009	43567510	501
cCREs323898	chr4	43688403	43688935	532
cCREs323913	chr4	43723461	43724004	543
cCREs323919	chr4	43735291	43735831	540
cCREs323945	chr4	43907816	43908374	558
cCREs324033	chr4	44406100	44407068	968
cCREs324041	chr4	44458309	44459052	743
cCREs324052	chr4	44532206	44532707	501
cCREs324084	chr4	44765801	44766543	742
cCREs324172	chr4	45231681	45232182	501
cCREs324201	chr4	45423363	45424089	726
cCREs324316	chr4	45812482	45813053	571
cCREs324455	chr4	46448876	46449395	519
cCREs324589	chr4	46838639	46839192	553
cCREs324633	chr4	46929601	46930543	942
cCREs324739	chr4	47241190	47241709	519
cCREs324823	chr4	47585669	47586370	701
cCREs324919	chr4	47998281	47999150	869
cCREs324950	chr4	48104189	48104690	501
cCREs324954	chr4	48110422	48110949	527
cCREs325016	chr4	48360479	48361004	525
cCREs325019	chr4	48375155	48375836	681
cCREs325110	chr4	48668499	48669041	542
cCREs325529	chr4	51131841	51132379	538
cCREs325861	chr4	53090450	53090951	501
cCREs325914	chr4	53241025	53241526	501
cCREs325927	chr4	53276378	53276933	555
cCREs325936	chr4	53312490	53313189	699
cCREs325944	chr4	53335131	53335641	510
cCREs325978	chr4	53450339	53451196	857
cCREs325985	chr4	53465149	53465650	501
cCREs325987	chr4	53467310	53467855	545
cCREs326013	chr4	53522586	53523549	963
cCREs326041	chr4	53599649	53600186	537
cCREs326043	chr4	53603598	53604119	521
cCREs326196	chr4	54269244	54269768	524
cCREs326254	chr4	54530985	54531518	533
cCREs326275	chr4	54654196	54654697	501
cCREs326335	chr4	54963355	54964098	743
cCREs326337	chr4	54969278	54969779	501
cCREs326343	chr4	54985312	54985843	531
cCREs326506	chr4	55648352	55648878	526
cCREs326673	chr4	56375641	56376211	570
cCREs326683	chr4	56484927	56485457	530
cCREs326836	chr4	57066186	57066694	508
cCREs326898	chr4	57252205	57253350	1145
cCREs326923	chr4	57335118	57335733	615
cCREs326925	chr4	57364465	57365295	830
cCREs326978	chr4	57554672	57555458	786
cCREs327020	chr4	57669743	57670283	540
cCREs327091	chr4	57855228	57856127	899
cCREs327133	chr4	58080995	58081868	873
cCREs327227	chr4	58479191	58479706	515
cCREs327229	chr4	58496829	58497816	987
cCREs327264	chr4	58660230	58660745	515
cCREs327312	chr4	58893744	58894245	501
cCREs327381	chr4	59229181	59229713	532
cCREs327406	chr4	59339858	59340386	528
cCREs327464	chr4	59573373	59573886	513
cCREs327475	chr4	59628154	59628696	542
cCREs327508	chr4	59739886	59740680	794
cCREs327513	chr4	59753410	59754174	764
cCREs327518	chr4	59771461	59772919	1458
cCREs327522	chr4	59796282	59796798	516
cCREs327570	chr4	59926268	59926788	520
cCREs327643	chr4	62311627	62312141	514
cCREs327648	chr4	62328873	62329766	893
cCREs327662	chr4	62382632	62383154	522
cCREs327672	chr4	62405840	62406390	550
cCREs327692	chr4	62492100	62493129	1029
cCREs327709	chr4	62546149	62546836	687
cCREs327744	chr4	62651046	62651656	610
cCREs327863	chr4	63082923	63083466	543
cCREs327876	chr4	63128362	63128896	534
cCREs327884	chr4	63205026	63206655	1629
cCREs328044	chr4	63732229	63732743	514
cCREs328121	chr4	64030266	64031144	878
cCREs328166	chr4	64264742	64265285	543
cCREs328410	chr4	65663142	65663662	520
cCREs328520	chr4	66039343	66039853	510
cCREs328634	chr4	66406167	66406673	506
cCREs328637	chr4	66417836	66418360	524
cCREs329084	chr4	68919460	68919961	501
cCREs329232	chr4	69668163	69668688	525
cCREs329343	chr4	70261327	70261874	547
cCREs329443	chr4	70673215	70674015	800
cCREs329700	chr4	72518798	72519424	626
cCREs329703	chr4	72534413	72534996	583
cCREs330181	chr4	76317739	76318303	564
cCREs330470	chr4	77819128	77819883	755
cCREs330889	chr4	81245310	81246084	774
cCREs331103	chr4	82293225	82293746	521
cCREs331126	chr4	82341671	82342458	787
cCREs331266	chr4	82800596	82801119	523
cCREs331287	chr4	82881351	82881885	534
cCREs331298	chr4	82927473	82928002	529
cCREs331303	chr4	82937754	82938264	510
cCREs331312	chr4	82961416	82961931	515
cCREs331474	chr4	83659418	83659985	567
cCREs331560	chr4	84069385	84069924	539
cCREs331648	chr4	84428993	84429498	505
cCREs331692	chr4	84711904	84712405	501
cCREs331822	chr4	85322641	85323142	501
cCREs331885	chr4	85614866	85615397	531
cCREs332026	chr4	86266379	86266896	517
cCREs332147	chr4	86814258	86814761	503
cCREs332149	chr4	86818350	86818904	554
cCREs332220	chr4	87065962	87066540	578
cCREs332448	chr4	87918884	87919385	501
cCREs332522	chr4	88190650	88191151	501
cCREs332573	chr4	88354318	88354819	501
cCREs332626	chr4	88685929	88686430	501
cCREs332659	chr4	88959541	88960129	588
cCREs332690	chr4	89130217	89130718	501
cCREs332711	chr4	89376750	89377253	503
cCREs332864	chr4	90511970	90512471	501
cCREs333025	chr4	91293032	91293707	675
cCREs333444	chr4	94472829	94473346	517
cCREs333528	chr4	94980947	94981479	532
cCREs333611	chr4	95360282	95360812	530
cCREs333637	chr4	95493873	95494388	515
cCREs333704	chr4	95745053	95745554	501
cCREs333718	chr4	95782123	95782624	501
cCREs333798	chr4	96138135	96138666	531
cCREs333902	chr4	97036483	97037097	614
cCREs333921	chr4	97155343	97155878	535
cCREs333967	chr4	97465970	97466779	809
cCREs333976	chr4	97503600	97504113	513
cCREs333990	chr4	97587344	97587845	501
cCREs334051	chr4	97808878	97809694	816
cCREs334063	chr4	97834578	97835079	501
cCREs334095	chr4	97913505	97914023	518
cCREs334116	chr4	97969718	97970524	806
cCREs334132	chr4	98027326	98027928	602
cCREs334171	chr4	98180246	98180880	634
cCREs334179	chr4	98224311	98224820	509
cCREs334240	chr4	98497050	98497577	527
cCREs334331	chr4	98808775	98809300	525
cCREs334428	chr4	99204533	99205034	501
cCREs334453	chr4	99281896	99282406	510
cCREs334464	chr4	99314722	99315275	553
cCREs334487	chr4	99475643	99476415	772
cCREs334531	chr4	99810588	99811093	505
cCREs334593	chr4	100154648	100155153	505
cCREs334636	chr4	100286090	100287072	982
cCREs334660	chr4	100362705	100363218	513
cCREs334898	chr4	101297480	101297988	508
cCREs335000	chr4	101623570	101624143	573
cCREs335005	chr4	101639985	101640486	501
cCREs335124	chr4	102276874	102277423	549
cCREs335138	chr4	102327995	102328526	531
cCREs335151	chr4	102381498	102382016	518
cCREs335184	chr4	102484616	102485162	546
cCREs335251	chr4	102644444	102644987	543
cCREs335401	chr4	103218481	103218982	501
cCREs335402	chr4	103222147	103222663	516
cCREs335459	chr4	103567511	103568026	515
cCREs335680	chr4	104330169	104330703	534
cCREs335955	chr4	105206887	105207435	548
cCREs335956	chr4	105208855	105209446	591
cCREs335964	chr4	105240001	105240553	552
cCREs335976	chr4	105304122	105304658	536
cCREs335991	chr4	105356177	105357068	891
cCREs336007	chr4	105406603	105407260	657
cCREs336009	chr4	105427553	105428131	578
cCREs336060	chr4	105705391	105706538	1147
cCREs336126	chr4	106040019	106041009	990
cCREs336184	chr4	106287309	106287810	501
cCREs336197	chr4	106343110	106343613	503
cCREs336236	chr4	106465059	106465627	568
cCREs336256	chr4	106563931	106564470	539
cCREs336313	chr4	106805573	106806311	738
cCREs336319	chr4	106835668	106836563	895
cCREs336382	chr4	107022541	107023042	501
cCREs336409	chr4	107091319	107091820	501
cCREs336424	chr4	107149392	107150307	915
cCREs336447	chr4	107247986	107248555	569
cCREs336458	chr4	107299883	107300414	531
cCREs336463	chr4	107319982	107320518	536
cCREs336472	chr4	107354056	107354615	559
cCREs336500	chr4	107515739	107516682	943
cCREs336676	chr4	108050487	108051013	526
cCREs336728	chr4	108393047	108393632	585
cCREs336833	chr4	108980130	108980640	510
cCREs336837	chr4	109009681	109010230	549
cCREs336911	chr4	109272912	109273413	501
cCREs336935	chr4	109408144	109408645	501
cCREs336950	chr4	109460383	109460927	544
cCREs336956	chr4	109583311	109583941	630
cCREs336962	chr4	109659473	109659974	501
cCREs336977	chr4	109765296	109765873	577
cCREs336981	chr4	109795827	109796328	501
cCREs337131	chr4	110681981	110682668	687
cCREs337226	chr4	111319909	111320625	716
cCREs337405	chr4	114387682	114388266	584
cCREs337423	chr4	114440138	114440655	517
cCREs337433	chr4	114469815	114470490	675
cCREs337460	chr4	114563925	114564701	776
cCREs337464	chr4	114581874	114582424	550
cCREs337604	chr4	115753941	115754588	647
cCREs337635	chr4	115866086	115866629	543
cCREs337677	chr4	116069625	116070164	539
cCREs337689	chr4	116135744	116136312	568
cCREs337707	chr4	116210405	116211277	872
cCREs337775	chr4	116722100	116722621	521
cCREs337781	chr4	116749163	116749664	501
cCREs337896	chr4	117326854	117327438	584
cCREs337902	chr4	117348724	117349227	503
cCREs337904	chr4	117354562	117355197	635
cCREs337907	chr4	117361173	117361740	567
cCREs337916	chr4	117397082	117397613	531
cCREs337919	chr4	117409481	117410196	715
cCREs337951	chr4	117598942	117599443	501
cCREs337999	chr4	117853393	117853915	522
cCREs338073	chr4	118142014	118142515	501
cCREs338140	chr4	118417041	118417799	758
cCREs338161	chr4	118517155	118517892	737
cCREs338397	chr4	119833207	119833795	588
cCREs338492	chr4	120090752	120091289	537
cCREs338514	chr4	120156453	120156970	517
cCREs338561	chr4	120314144	120315066	922
cCREs338571	chr4	120352986	120353487	501
cCREs338710	chr4	120958357	120958873	516
cCREs338785	chr4	122880488	122881511	1023
cCREs338829	chr4	123065422	123065939	517
cCREs338833	chr4	123081339	123082361	1022
cCREs338839	chr4	123119406	123119907	501
cCREs338865	chr4	123224612	123225120	508
cCREs338944	chr4	123571038	123571633	595
cCREs338990	chr4	123789974	123790503	529
cCREs339121	chr4	124537576	124538277	701
cCREs339205	chr4	124842119	124842665	546
cCREs339268	chr4	125106296	125106818	522
cCREs339345	chr4	125343308	125343854	546
cCREs339426	chr4	125585696	125586243	547
cCREs339517	chr4	125976235	125976750	515
cCREs339519	chr4	125984254	125984822	568
cCREs339581	chr4	126252322	126252851	529
cCREs339606	chr4	126423267	126423768	501
cCREs339615	chr4	126464541	126465151	610
cCREs339675	chr4	126758379	126759006	627
cCREs339697	chr4	126845990	126846531	541
cCREs339706	chr4	126863109	126863750	641
cCREs339922	chr4	127981127	127981647	520
cCREs339957	chr4	128089207	128089770	563
cCREs339969	chr4	128118939	128119537	598
cCREs339985	chr4	128168211	128168747	536
cCREs340006	chr4	128227317	128227855	538
cCREs340043	chr4	128336860	128337666	806
cCREs340155	chr4	128692838	128693666	828
cCREs340240	chr4	128958738	128959308	570
cCREs340251	chr4	129021336	129021852	516
cCREs340361	chr4	129511282	129512117	835
cCREs340366	chr4	129544376	129544899	523
cCREs340380	chr4	129630832	129631373	541
cCREs340636	chr4	130777576	130778105	529
cCREs340690	chr4	130942577	130943105	528
cCREs341080	chr4	132574639	132575140	501
cCREs341196	chr4	133079341	133079842	501
cCREs341225	chr4	133179211	133179714	503
cCREs341234	chr4	133223539	133224467	928
cCREs341249	chr4	133290529	133291070	541
cCREs341361	chr4	133770380	133770905	525
cCREs341439	chr4	134305874	134306519	645
cCREs341492	chr4	134509405	134509914	509
cCREs341549	chr4	134650623	134651137	514
cCREs341557	chr4	134666552	134667072	520
cCREs341584	chr4	134746870	134747374	504
cCREs341585	chr4	134748791	134749390	599
cCREs341587	chr4	134753643	134754773	1130
cCREs341591	chr4	134763576	134764115	539
cCREs341661	chr4	135141364	135141876	512
cCREs341664	chr4	135172835	135173346	511
cCREs341706	chr4	135318894	135319412	518
cCREs341744	chr4	135505612	135506137	525
cCREs341767	chr4	135632046	135632554	508
cCREs341795	chr4	135780203	135780727	524
cCREs341819	chr4	135896090	135896591	501
cCREs341848	chr4	136068968	136069469	501
cCREs341871	chr4	136152295	136152825	530
cCREs341882	chr4	136208638	136209139	501
cCREs341906	chr4	136334887	136335487	600
cCREs341941	chr4	136465273	136465774	501
cCREs341979	chr4	136668873	136669374	501
cCREs341989	chr4	136708963	136709470	507
cCREs342116	chr4	137266478	137267167	689
cCREs342136	chr4	137332485	137332986	501
cCREs342210	chr4	137653451	137653952	501
cCREs342239	chr4	137716860	137717553	693
cCREs342379	chr4	138153311	138153859	548
cCREs342539	chr4	138737006	138737724	718
cCREs342560	chr4	138807066	138808047	981
cCREs342710	chr4	139335400	139335916	516
cCREs342717	chr4	139383095	139383634	539
cCREs342759	chr4	139545674	139546200	526
cCREs342801	chr4	139810737	139811532	795
cCREs342909	chr4	140221982	140222497	515
cCREs342910	chr4	140222986	140223495	509
cCREs342919	chr4	140242164	140242737	573
cCREs343017	chr4	140619737	140620239	502
cCREs343025	chr4	140646364	140646867	503
cCREs343045	chr4	140733643	140734194	551
cCREs343072	chr4	140925465	140925975	510
cCREs343089	chr4	140988459	140989098	639
cCREs343135	chr4	141136718	141137219	501
cCREs343192	chr4	141336097	141336654	557
cCREs343195	chr4	141343509	141344054	545
cCREs343229	chr4	141489851	141490400	549
cCREs343238	chr4	141511120	141511639	519
cCREs343251	chr4	141550733	141551304	571
cCREs343264	chr4	141602276	141602818	542
cCREs343495	chr4	142407967	142408468	501
cCREs343499	chr4	142422365	142422898	533
cCREs343563	chr4	142739849	142740366	517
cCREs343564	chr4	142741013	142741514	501
cCREs343565	chr4	142742371	142743236	865
cCREs343567	chr4	142747983	142748519	536
cCREs343578	chr4	142809392	142809942	550
cCREs343590	chr4	142864617	142865136	519
cCREs343599	chr4	142907837	142908352	515
cCREs343609	chr4	142948356	142948876	520
cCREs343672	chr4	143236583	143237091	508
cCREs343750	chr4	144987593	144988094	501
cCREs343876	chr4	147813272	147813907	635
cCREs343887	chr4	147894527	147895062	535
cCREs343898	chr4	147946335	147946860	525
cCREs343921	chr4	148042892	148043393	501
cCREs343926	chr4	148056924	148057483	559
cCREs344065	chr4	148588713	148589270	557
cCREs344157	chr4	149010860	149011536	676
cCREs344179	chr4	149074569	149075647	1078
cCREs344241	chr4	149351230	149352386	1156
cCREs344287	chr4	149529359	149530579	1220
cCREs344296	chr4	149557825	149558886	1061
cCREs344438	chr4	150050657	150051194	537
cCREs344466	chr4	150201105	150201684	579
cCREs344520	chr4	150374511	150375026	515
cCREs344657	chr4	150842073	150842668	595
cCREs344702	chr4	151011662	151012410	748
cCREs344751	chr4	151178257	151178775	518
cCREs344819	chr4	151404506	151405324	818
cCREs344853	chr4	151545527	151546532	1005
cCREs344929	chr4	151789327	151789838	511
cCREs344948	chr4	151906108	151906792	684
cCREs344961	chr4	151960241	151960994	753
cCREs345250	chr4	153080813	153081415	602
cCREs345278	chr4	153217312	153218221	909
cCREs345336	chr4	153453481	153454027	546
cCREs345435	chr4	153894759	153895431	672
cCREs345515	chr4	154221696	154222505	809
cCREs345548	chr4	154384952	154385616	664
cCREs345552	chr4	154396479	154397295	816
cCREs345628	chr4	154661125	154661637	512
cCREs345637	chr4	154738656	154739164	508
cCREs345643	chr4	154767468	154768051	583
cCREs345663	chr4	154910541	154911642	1101
cCREs345669	chr4	154940455	154941085	630
cCREs345806	chr4	155332193	155332739	546
cCREs346001	chr5	3399793	3400642	849
cCREs346030	chr5	3520617	3521415	798
cCREs346112	chr5	4016782	4017314	532
cCREs346137	chr5	4082836	4083351	515
cCREs346364	chr5	5105334	5105873	539
cCREs346385	chr5	5167117	5167618	501
cCREs346945	chr5	8537102	8537641	539
cCREs346967	chr5	8692581	8693411	830
cCREs346969	chr5	8716049	8716559	510
cCREs347012	chr5	9039333	9039834	501
cCREs347395	chr5	12403199	12403708	509
cCREs347422	chr5	12559044	12559554	510
cCREs347646	chr5	13965871	13966372	501
cCREs347667	chr5	14049748	14050488	740
cCREs347816	chr5	14738377	14738900	523
cCREs347934	chr5	16011373	16012172	799
cCREs348100	chr5	16788211	16788712	501
cCREs348115	chr5	16932547	16933048	501
cCREs348345	chr5	18203000	18203522	522
cCREs348379	chr5	18314397	18315358	961
cCREs348414	chr5	18468132	18468669	537
cCREs348472	chr5	19160208	19160731	523
cCREs348503	chr5	19292526	19293050	524
cCREs348975	chr5	21170161	21170662	501
cCREs348988	chr5	21254353	21254854	501
cCREs348991	chr5	21266931	21267532	601
cCREs348996	chr5	21280589	21281145	556
cCREs349147	chr5	21880612	21881117	505
cCREs349212	chr5	22100096	22100597	501
cCREs349269	chr5	22281138	22281670	532
cCREs349346	chr5	22758868	22759373	505
cCREs349364	chr5	22866348	22866960	612
cCREs349405	chr5	23061625	23062174	549
cCREs349436	chr5	23167918	23168781	863
cCREs349464	chr5	23372603	23373104	501
cCREs349544	chr5	23650377	23650891	514
cCREs349555	chr5	23718725	23719350	625
cCREs349559	chr5	23753848	23754386	538
cCREs349564	chr5	23763270	23763789	519
cCREs349574	chr5	23813905	23814474	569
cCREs349595	chr5	23906975	23907499	524
cCREs349616	chr5	23999406	23999967	561
cCREs349857	chr5	24943131	24943632	501
cCREs349879	chr5	24998240	24998741	501
cCREs349932	chr5	25156448	25157012	564
cCREs349983	chr5	25404464	25405303	839
cCREs350043	chr5	25795385	25795997	612
cCREs350176	chr5	26741696	26742313	617
cCREs350274	chr5	27122354	27122869	515
cCREs350347	chr5	27314284	27314785	501
cCREs350410	chr5	27553925	27554445	520
cCREs350411	chr5	27554462	27554963	501
cCREs350504	chr5	28002336	28002893	557
cCREs350527	chr5	28193973	28194713	740
cCREs350580	chr5	28522635	28523159	524
cCREs350581	chr5	28526380	28526919	539
cCREs350727	chr5	29457087	29457774	687
cCREs350779	chr5	29755728	29756229	501
cCREs350791	chr5	29798645	29799150	505
cCREs350831	chr5	30108803	30109308	505
cCREs350840	chr5	30133197	30133721	524
cCREs351005	chr5	30894139	30894646	507
cCREs351011	chr5	30910175	30910676	501
cCREs351029	chr5	30978558	30979205	647
cCREs351276	chr5	32277949	32278680	731
cCREs351318	chr5	32460937	32461451	514
cCREs351358	chr5	32781526	32782080	554
cCREs351383	chr5	32926633	32927260	627
cCREs351419	chr5	33029065	33029590	525
cCREs351468	chr5	33272785	33273341	556
cCREs351490	chr5	33410128	33410629	501
cCREs351492	chr5	33429558	33430089	531
cCREs351511	chr5	33546738	33547247	509
cCREs351534	chr5	33681404	33681951	547
cCREs351714	chr5	34587025	34587786	761
cCREs351749	chr5	34823370	34824113	743
cCREs351920	chr5	35405860	35406361	501
cCREs351942	chr5	35530999	35532044	1045
cCREs352012	chr5	35762312	35762818	506
cCREs352029	chr5	35793891	35794487	596
cCREs352125	chr5	36013309	36013939	630
cCREs352289	chr5	36511192	36511693	501
cCREs352290	chr5	36513992	36514519	527
cCREs352294	chr5	36527194	36527737	543
cCREs352350	chr5	36728685	36729516	831
cCREs352403	chr5	36920009	36920542	533
cCREs352606	chr5	37648626	37649143	517
cCREs352624	chr5	37725201	37725887	686
cCREs352690	chr5	38057852	38058797	945
cCREs352754	chr5	38247780	38248329	549
cCREs352826	chr5	38442616	38443174	558
cCREs352829	chr5	38449654	38450210	556
cCREs352846	chr5	38514637	38515141	504
cCREs352849	chr5	38517443	38517953	510
cCREs352854	chr5	38533975	38534511	536
cCREs352884	chr5	38630153	38630673	520
cCREs352960	chr5	38895295	38895837	542
cCREs352975	chr5	38951927	38952462	535
cCREs352979	chr5	38966974	38967778	804
cCREs353081	chr5	39382774	39383322	548
cCREs353091	chr5	39423529	39424080	551
cCREs353175	chr5	39793854	39794431	577
cCREs353192	chr5	39855797	39856306	509
cCREs353264	chr5	40331878	40332432	554
cCREs353388	chr5	41187124	41187650	526
cCREs353473	chr5	41667554	41668059	505
cCREs353478	chr5	41694144	41694670	526
cCREs353521	chr5	41904465	41905064	599
cCREs353696	chr5	42648538	42649048	510
cCREs353699	chr5	42660500	42661414	914
cCREs353728	chr5	42864804	42865600	796
cCREs353786	chr5	43120428	43121518	1090
cCREs353830	chr5	43307178	43307679	501
cCREs353839	chr5	43352937	43353459	522
cCREs353937	chr5	43719838	43720434	596
cCREs354007	chr5	43964615	43965120	505
cCREs354069	chr5	44199077	44199794	717
cCREs354106	chr5	44326934	44327489	555
cCREs354144	chr5	44490932	44491688	756
cCREs354166	chr5	44562216	44562717	501
cCREs354170	chr5	44568256	44568783	527
cCREs354198	chr5	44642971	44643502	531
cCREs354227	chr5	44722778	44723303	525
cCREs354406	chr5	45508209	45508719	510
cCREs354422	chr5	45572742	45573258	516
cCREs354453	chr5	45714909	45715410	501
cCREs354511	chr5	46028475	46028978	503
cCREs354514	chr5	46035651	46036165	514
cCREs354543	chr5	46175541	46176067	526
cCREs354552	chr5	46204569	46205351	782
cCREs354553	chr5	46205410	46205950	540
cCREs354602	chr5	46418580	46419117	537
cCREs354882	chr5	48178550	48179087	537
cCREs355008	chr5	48712258	48712789	531
cCREs355019	chr5	48749268	48749882	614
cCREs355099	chr5	49157030	49157548	518
cCREs355413	chr5	50661380	50661885	505
cCREs355653	chr5	51847462	51847963	501
cCREs355658	chr5	51860373	51861241	868
cCREs355758	chr5	52188160	52188661	501
cCREs355796	chr5	52326273	52326776	503
cCREs355841	chr5	52447170	52447671	501
cCREs355990	chr5	53057377	53057911	534
cCREs356178	chr5	53642346	53642878	532
cCREs356236	chr5	53897387	53897900	513
cCREs356301	chr5	54063516	54064057	541
cCREs356307	chr5	54074222	54074744	522
cCREs356310	chr5	54079564	54080091	527
cCREs356456	chr5	54742303	54742840	537
cCREs356570	chr5	55557318	55557819	501
cCREs356781	chr5	57758542	57759056	514
cCREs356831	chr5	57918944	57919488	544
cCREs356844	chr5	57958367	57959250	883
cCREs357103	chr5	60327583	60328124	541
cCREs357357	chr5	62671676	62672499	823
cCREs357638	chr5	63925486	63926006	520
cCREs357642	chr5	63938421	63939093	672
cCREs357803	chr5	64395487	64395988	501
cCREs357908	chr5	64760556	64761062	506
cCREs357925	chr5	64818138	64819289	1151
cCREs357953	chr5	64953265	64953791	526
cCREs357960	chr5	64972761	64973377	616
cCREs357961	chr5	64974905	64975406	501
cCREs357998	chr5	65110875	65111376	501
cCREs358011	chr5	65160652	65161157	505
cCREs358025	chr5	65204679	65205672	993
cCREs358058	chr5	65316007	65316641	634
cCREs358061	chr5	65326062	65327034	972
cCREs358131	chr5	65675574	65676075	501
cCREs358207	chr5	66076557	66077083	526
cCREs358210	chr5	66082085	66082607	522
cCREs358256	chr5	66271029	66271593	564
cCREs358332	chr5	66462444	66463002	558
cCREs358333	chr5	66465185	66465719	534
cCREs358416	chr5	66707699	66708200	501
cCREs358555	chr5	67101697	67102225	528
cCREs358572	chr5	67241641	67242501	860
cCREs358668	chr5	67674547	67675048	501
cCREs358670	chr5	67679399	67680487	1088
cCREs358911	chr5	69001307	69001825	518
cCREs358917	chr5	69054986	69055516	530
cCREs359151	chr5	70752416	70752917	501
cCREs359394	chr5	71969015	71969554	539
cCREs359431	chr5	72129973	72130474	501
cCREs359499	chr5	72373087	72373597	510
cCREs359566	chr5	72701767	72702585	818
cCREs359683	chr5	73130858	73131369	511
cCREs359696	chr5	73171114	73171615	501
cCREs359699	chr5	73173932	73174433	501
cCREs359704	chr5	73187174	73187681	507
cCREs359711	chr5	73207574	73208075	501
cCREs359735	chr5	73263887	73264576	689
cCREs359789	chr5	73424381	73424916	535
cCREs359811	chr5	73528537	73529297	760
cCREs359896	chr5	73834474	73835044	570
cCREs360001	chr5	74186238	74186834	596
cCREs360030	chr5	74244630	74245150	520
cCREs360073	chr5	74353079	74353580	501
cCREs360117	chr5	74575130	74575638	508
cCREs360199	chr5	74891346	74891889	543
cCREs360254	chr5	75137738	75138589	851
cCREs360266	chr5	75162835	75163977	1142
cCREs360282	chr5	75223834	75224346	512
cCREs360317	chr5	75383329	75383846	517
cCREs360344	chr5	75478370	75478883	513
cCREs360488	chr5	75976607	75977380	773
cCREs360615	chr5	76612781	76613282	501
cCREs360657	chr5	76751197	76751760	563
cCREs360692	chr5	76872526	76873090	564
cCREs360779	chr5	77287452	77288373	921
cCREs360951	chr5	77985485	77985986	501
cCREs361381	chr5	81324219	81324749	530
cCREs361575	chr5	82102398	82102899	501
cCREs361890	chr5	84346665	84347166	501
cCREs362053	chr5	85695253	85695828	575
cCREs362058	chr5	85706528	85707057	529
cCREs362356	chr5	88465404	88465925	521
cCREs362374	chr5	88585197	88585725	528
cCREs362693	chr5	89784524	89785406	882
cCREs362761	chr5	90088978	90089479	501
cCREs362947	chr5	91008184	91008746	562
cCREs362952	chr5	91031787	91032716	929
cCREs362965	chr5	91114481	91115041	560
cCREs362999	chr5	91303804	91304323	519
cCREs363357	chr5	92711619	92712180	561
cCREs363539	chr5	95966508	95967088	580
cCREs363655	chr5	96520787	96521324	537
cCREs363697	chr5	96649327	96649833	506
cCREs363771	chr5	96956838	96957403	565
cCREs363961	chr5	97947808	97948350	542
cCREs364176	chr5	99156496	99157050	554
cCREs364203	chr5	99258173	99258704	531
cCREs364293	chr5	99496843	99498541	1698
cCREs364296	chr5	99505808	99506582	774
cCREs364299	chr5	99518282	99518801	519
cCREs364343	chr5	99657820	99658321	501
cCREs364391	chr5	99926829	99927330	501
cCREs364409	chr5	100026455	100027504	1049
cCREs364410	chr5	100028200	100028701	501
cCREs364414	chr5	100045057	100045558	501
cCREs364423	chr5	100065283	100065784	501
cCREs364425	chr5	100068250	100068996	746
cCREs364519	chr5	100369040	100369597	557
cCREs364570	chr5	100617661	100618180	519
cCREs364572	chr5	100623920	100624435	515
cCREs364579	chr5	100657414	100658176	762
cCREs364587	chr5	100669097	100669598	501
cCREs364701	chr5	101236199	101236750	551
cCREs364788	chr5	101828920	101829421	501
cCREs364951	chr5	102440259	102440769	510
cCREs364962	chr5	102497009	102497671	662
cCREs364981	chr5	102578384	102578904	520
cCREs364987	chr5	102631744	102632255	511
cCREs364994	chr5	102673087	102673640	553
cCREs365012	chr5	102750245	102751102	857
cCREs365217	chr5	103529144	103529682	538
cCREs365231	chr5	103566172	103566696	524
cCREs365372	chr5	104144671	104145348	677
cCREs365425	chr5	104402002	104403065	1063
cCREs365490	chr5	105292528	105293068	540
cCREs365521	chr5	105465327	105465874	547
cCREs365566	chr5	105592215	105592743	528
cCREs365598	chr5	105693942	105695032	1090
cCREs365620	chr5	105755678	105756202	524
cCREs365643	chr5	105813927	105814439	512
cCREs365652	chr5	105829137	105829696	559
cCREs365664	chr5	105873427	105874149	722
cCREs365675	chr5	105910566	105911096	530
cCREs365699	chr5	106012769	106013293	524
cCREs365798	chr5	106586053	106586576	523
cCREs365959	chr5	107374957	107375490	533
cCREs365960	chr5	107376340	107376841	501
cCREs366007	chr5	107518558	107519092	534
cCREs366024	chr5	107612126	107612654	528
cCREs366054	chr5	107852649	107853189	540
cCREs366147	chr5	108465841	108466369	528
cCREs366219	chr5	109844152	109845365	1213
cCREs366223	chr5	109924366	109924888	522
cCREs366229	chr5	110085820	110086628	808
cCREs366351	chr5	110692247	110692961	714
cCREs366356	chr5	110721472	110722020	548
cCREs366445	chr5	111136281	111137343	1062
cCREs366507	chr5	111308622	111309168	546
cCREs366511	chr5	111337449	111337964	515
cCREs366691	chr5	111971885	111972446	561
cCREs366787	chr5	112359297	112359798	501
cCREs366864	chr5	112571645	112572220	575
cCREs366935	chr5	112827923	112828424	501
cCREs366936	chr5	112831028	112831708	680
cCREs367004	chr5	113063252	113063792	540
cCREs367289	chr5	113977130	113977969	839
cCREs367339	chr5	114191535	114192428	893
cCREs367366	chr5	114403383	114403911	528
cCREs367394	chr5	114489079	114490036	957
cCREs367428	chr5	114602555	114603081	526
cCREs367434	chr5	114616303	114616809	506
cCREs367436	chr5	114621308	114621809	501
cCREs367445	chr5	114659858	114660383	525
cCREs367455	chr5	114688571	114689508	937
cCREs367474	chr5	114746452	114747326	874
cCREs367521	chr5	115015150	115015705	555
cCREs367627	chr5	115507606	115508151	545
cCREs368009	chr5	117100625	117101126	501
cCREs368028	chr5	117160467	117161133	666
cCREs368035	chr5	117217760	117218273	513
cCREs368053	chr5	117326266	117326781	515
cCREs368065	chr5	117365494	117365995	501
cCREs368368	chr5	118444994	118445535	541
cCREs368442	chr5	118726690	118727567	877
cCREs368572	chr5	119462821	119463369	548
cCREs368651	chr5	120125224	120125730	506
cCREs368679	chr5	120201318	120201854	536
cCREs368769	chr5	120601817	120602318	501
cCREs368899	chr5	121140048	121140729	681
cCREs368907	chr5	121158721	121159222	501
cCREs368932	chr5	121259810	121260336	526
cCREs369036	chr5	121696740	121697269	529
cCREs369068	chr5	121817502	121818027	525
cCREs369072	chr5	121822735	121823935	1200
cCREs369142	chr5	122047563	122048132	569
cCREs369185	chr5	122232227	122232769	542
cCREs369389	chr5	123029690	123030208	518
cCREs369396	chr5	123050802	123051445	643
cCREs369404	chr5	123104685	123105244	559
cCREs369433	chr5	123268798	123269525	727
cCREs369434	chr5	123270446	123271319	873
cCREs369451	chr5	123324276	123324803	527
cCREs369475	chr5	123415047	123415548	501
cCREs369481	chr5	123438282	123438842	560
cCREs369555	chr5	123807339	123807849	510
cCREs369617	chr5	124046920	124047483	563
cCREs369619	chr5	124058660	124059212	552
cCREs369712	chr5	124340208	124340729	521
cCREs369730	chr5	124418922	124419494	572
cCREs369783	chr5	124638615	124639575	960
cCREs369838	chr5	124979999	124980521	522
cCREs369956	chr5	125278939	125279580	641
cCREs369978	chr5	125348001	125348919	918
cCREs369980	chr5	125350796	125351445	649
cCREs369996	chr5	125415163	125415705	542
cCREs370321	chr5	126750655	126751156	501
cCREs370492	chr5	127528212	127528745	533
cCREs370500	chr5	127567297	127567809	512
cCREs370919	chr5	129259415	129259942	527
cCREs371119	chr5	130211187	130211808	621
cCREs371474	chr5	131578643	131579164	521
cCREs371662	chr5	132279541	132280066	525
cCREs371747	chr5	132579727	132580255	528
cCREs371909	chr5	133667318	133667852	534
cCREs372023	chr5	134235901	134236407	506
cCREs372050	chr5	134306969	134307470	501
cCREs372052	chr5	134309382	134309912	530
cCREs372124	chr5	134548113	134548705	592
cCREs372132	chr5	134597526	134598220	694
cCREs372150	chr5	134678706	134679276	570
cCREs372215	chr5	135053807	135054344	537
cCREs372254	chr5	135276121	135277080	959
cCREs372260	chr5	135297478	135298353	875
cCREs372262	chr5	135306664	135307513	849
cCREs372293	chr5	135504792	135505293	501
cCREs372295	chr5	135513198	135513730	532
cCREs372306	chr5	135549667	135550168	501
cCREs372445	chr5	136224260	136225099	839
cCREs372572	chr5	136727882	136728490	608
cCREs372575	chr5	136756923	136757424	501
cCREs372734	chr5	137654260	137654827	567
cCREs372784	chr5	137962888	137963523	635
cCREs372789	chr5	138016927	138017756	829
cCREs372836	chr5	138700305	138700806	501
cCREs372883	chr5	138864739	138865248	509
cCREs372933	chr5	139053469	139053992	523
cCREs372967	chr5	139159801	139160328	527
cCREs373043	chr5	139387743	139388287	544
cCREs373103	chr5	139619442	139619954	512
cCREs373105	chr5	139654414	139654944	530
cCREs373199	chr5	140064529	140065146	617
cCREs373260	chr5	140245215	140245735	520
cCREs373261	chr5	140247408	140247971	563
cCREs373283	chr5	140303606	140304121	515
cCREs373310	chr5	140458713	140459290	577
cCREs373388	chr5	140746493	140746994	501
cCREs373602	chr5	141747843	141748375	532
cCREs373617	chr5	141849819	141850420	601
cCREs373860	chr5	142805124	142805649	525
cCREs373897	chr5	142953545	142954053	508
cCREs373909	chr5	142984233	142984756	523
cCREs373921	chr5	143046612	143047158	546
cCREs374011	chr5	143526636	143527278	642
cCREs374184	chr5	144419931	144420470	539
cCREs374189	chr5	144449664	144450197	533
cCREs374226	chr5	144643919	144644487	568
cCREs374324	chr5	144983773	144984596	823
cCREs374349	chr5	145129095	145129648	553
cCREs374374	chr5	145285187	145285688	501
cCREs374379	chr5	146164263	146164964	701
cCREs374425	chr5	146368137	146368741	604
cCREs374443	chr5	146418809	146419480	671
cCREs374520	chr5	146755611	146756132	521
cCREs374529	chr5	146781080	146782093	1013
cCREs374611	chr5	147060897	147061398	501
cCREs374618	chr5	147078399	147078900	501
cCREs374663	chr5	147438109	147438772	663
cCREs374679	chr5	147502609	147503369	760
cCREs374685	chr5	147526200	147526713	513
cCREs374750	chr5	147872493	147873113	620
cCREs374825	chr5	148170420	148170945	525
cCREs374864	chr5	148344049	148344788	739
cCREs374898	chr5	148483214	148484313	1099
cCREs374910	chr5	148515448	148515999	551
cCREs374920	chr5	148564771	148565362	591
cCREs375045	chr5	149029043	149029544	501
cCREs375088	chr5	149255493	149256059	566
cCREs375092	chr5	149263013	149263566	553
cCREs375323	chr5	150055940	150056838	898
cCREs375536	chr5	150932666	150933302	636
cCREs375542	chr5	150954111	150954637	526
cCREs375580	chr5	151086340	151087613	1273
cCREs375601	chr5	151147932	151148433	501
cCREs375655	chr5	151364535	151365068	533
cCREs375673	chr5	151435197	151435716	519
cCREs375815	chr6	4155502	4156015	513
cCREs375841	chr6	4337908	4338903	995
cCREs375917	chr6	4619043	4619564	521
cCREs375938	chr6	4729791	4730628	837
cCREs376013	chr6	5083909	5084444	535
cCREs376251	chr6	6068420	6068939	519
cCREs376287	chr6	6191805	6192360	555
cCREs376362	chr6	6575458	6576270	812
cCREs376371	chr6	6605792	6606341	549
cCREs376415	chr6	6785843	6786479	636
cCREs376466	chr6	6930705	6931248	543
cCREs376521	chr6	7379583	7380105	522
cCREs376733	chr6	8416702	8417627	925
cCREs376744	chr6	8443229	8443759	530
cCREs376886	chr6	8952585	8953086	501
cCREs376895	chr6	8970445	8970980	535
cCREs376925	chr6	9075348	9075855	507
cCREs376979	chr6	9362717	9363226	509
cCREs377033	chr6	9886532	9887133	601
cCREs377356	chr6	12543390	12543905	515
cCREs377394	chr6	12726256	12726768	512
cCREs377436	chr6	12980112	12980613	501
cCREs377686	chr6	14492159	14492832	673
cCREs377865	chr6	15730108	15731145	1037
cCREs377885	chr6	15806417	15806949	532
cCREs378032	chr6	16867327	16867828	501
cCREs378065	chr6	17023393	17023913	520
cCREs378078	chr6	17079671	17080182	511
cCREs378101	chr6	17155352	17155853	501
cCREs378149	chr6	17342903	17343475	572
cCREs378307	chr6	17892825	17893377	552
cCREs378378	chr6	18279864	18280395	531
cCREs378457	chr6	18503603	18504142	539
cCREs378468	chr6	18543241	18543799	558
cCREs378762	chr6	21012969	21013488	519
cCREs378912	chr6	21691531	21692060	529
cCREs379019	chr6	22141335	22141870	535
cCREs379098	chr6	22420697	22421332	635
cCREs379456	chr6	24194855	24195407	552
cCREs379756	chr6	25802285	25802819	534
cCREs380114	chr6	28219135	28219928	793
cCREs380173	chr6	28490453	28491042	589
cCREs380237	chr6	28632009	28632510	501
cCREs380308	chr6	28808688	28809197	509
cCREs380348	chr6	28895667	28896646	979
cCREs380361	chr6	28930212	28930773	561
cCREs380376	chr6	28977300	28977836	536
cCREs380413	chr6	29066186	29066744	558
cCREs380451	chr6	29174482	29175006	524
cCREs380513	chr6	29461420	29461936	516
cCREs380739	chr6	30464297	30465166	869
cCREs380784	chr6	30636097	30636605	508
cCREs380790	chr6	30659702	30660238	536
cCREs380823	chr6	30751652	30752153	501
cCREs380887	chr6	31085884	31086422	538
cCREs380979	chr6	31321869	31322430	561
cCREs381353	chr6	32667932	32668457	525
cCREs381401	chr6	32835628	32836129	501
cCREs381418	chr6	32918776	32919390	614
cCREs381500	chr6	33265299	33265840	541
cCREs381597	chr6	33596633	33597203	570
cCREs381604	chr6	33635982	33636483	501
cCREs381793	chr6	34303550	34304051	501
cCREs381816	chr6	34451563	34452106	543
cCREs381846	chr6	34548283	34548784	501
cCREs381886	chr6	34688434	34688941	507
cCREs381927	chr6	34874033	34874962	929
cCREs382037	chr6	35334778	35335284	506
cCREs382292	chr6	36612054	36612641	587
cCREs382524	chr6	37294350	37294867	517
cCREs382551	chr6	37365169	37366516	1347
cCREs382554	chr6	37373813	37374314	501
cCREs382663	chr6	37948791	37949342	551
cCREs382672	chr6	38039640	38040307	667
cCREs382721	chr6	38184877	38185397	520
cCREs382724	chr6	38189603	38190104	501
cCREs382740	chr6	38230426	38230956	530
cCREs382873	chr6	38802895	38803414	519
cCREs382894	chr6	38863469	38863970	501
cCREs382903	chr6	38903499	38904042	543
cCREs382904	chr6	38908381	38908910	529
cCREs382944	chr6	39023741	39024242	501
cCREs382994	chr6	39254501	39255746	1245
cCREs383023	chr6	39342576	39343094	518
cCREs383053	chr6	39429307	39429855	548
cCREs383330	chr6	40283723	40284278	555
cCREs383361	chr6	40395456	40395960	504
cCREs383638	chr6	42311632	42312167	535
cCREs383647	chr6	42341218	42342040	822
cCREs383730	chr6	42781225	42781759	534
cCREs383826	chr6	43334251	43334918	667
cCREs383840	chr6	43375639	43376414	775
cCREs383841	chr6	43378472	43379005	533
cCREs384325	chr6	46246577	46247106	529
cCREs384664	chr6	48009682	48010197	515
cCREs384749	chr6	48478328	48478879	551
cCREs384759	chr6	48509827	48510882	1055
cCREs384810	chr6	48699466	48700652	1186
cCREs384857	chr6	48951000	48951531	531
cCREs384866	chr6	48994139	48994640	501
cCREs385282	chr6	50789328	50789854	526
cCREs385350	chr6	51022094	51022613	519
cCREs385456	chr6	51540526	51541027	501
cCREs385578	chr6	52072071	52072572	501
cCREs385608	chr6	52368594	52369180	586
cCREs385644	chr6	52539373	52540370	997
cCREs385717	chr6	52828637	52829430	793
cCREs385736	chr6	52873944	52874445	501
cCREs385772	chr6	52955999	52956609	610
cCREs385936	chr6	53650556	53651159	603
cCREs386098	chr6	54172807	54173308	501
cCREs386129	chr6	54265325	54265893	568
cCREs386131	chr6	54269992	54270725	733
cCREs386325	chr6	54933642	54934327	685
cCREs386328	chr6	54944973	54945490	517
cCREs386409	chr6	55216099	55216622	523
cCREs386503	chr6	55464609	55465116	507
cCREs386673	chr6	56283187	56283712	525
cCREs386706	chr6	56430789	56431679	890
cCREs386802	chr6	56840471	56841040	569
cCREs387527	chr6	61839312	61839813	501
cCREs387553	chr6	61947251	61947752	501
cCREs387649	chr6	62639968	62640572	604
cCREs387665	chr6	62801477	62802297	820
cCREs387675	chr6	62954941	62955877	936
cCREs387772	chr6	63727768	63728269	501
cCREs387780	chr6	63754236	63754737	501
cCREs387814	chr6	63894614	63895133	519
cCREs387864	chr6	64186428	64186933	505
cCREs387934	chr6	64538791	64539295	504
cCREs387972	chr6	64681840	64682358	518
cCREs387975	chr6	64696058	64696572	514
cCREs388170	chr6	65800493	65801014	521
cCREs388208	chr6	65934740	65935269	529
cCREs388269	chr6	66342514	66343048	534
cCREs388311	chr6	66807153	66807707	554
cCREs388373	chr6	67047539	67048048	509
cCREs388796	chr6	70903604	70904196	592
cCREs388881	chr6	71392746	71393272	526
cCREs388889	chr6	71402968	71403509	541
cCREs388954	chr6	71686474	71686987	513
cCREs388955	chr6	71695480	71696026	546
cCREs388959	chr6	71711094	71711642	548
cCREs389087	chr6	72186951	72187477	526
cCREs389090	chr6	72200562	72201633	1071
cCREs389091	chr6	72204816	72205347	531
cCREs389100	chr6	72226917	72227435	518
cCREs389101	chr6	72230809	72231330	521
cCREs389138	chr6	72383047	72383694	647
cCREs389187	chr6	72558624	72559205	581
cCREs389193	chr6	72587230	72587740	510
cCREs389218	chr6	72676946	72678067	1121
cCREs389232	chr6	72722057	72722558	501
cCREs389254	chr6	72813420	72814389	969
cCREs389278	chr6	72884621	72885190	569
cCREs389294	chr6	72969706	72970226	520
cCREs389306	chr6	73014424	73015309	885
cCREs389551	chr6	74485639	74486188	549
cCREs389589	chr6	74978528	74979029	501
cCREs389938	chr6	77195204	77195705	501
cCREs389957	chr6	77238367	77238868	501
cCREs390361	chr6	79303826	79304343	517
cCREs390523	chr6	80389511	80390013	502
cCREs390600	chr6	80772517	80773018	501
cCREs390730	chr6	81564097	81564647	550
cCREs390775	chr6	81763090	81763591	501
cCREs390816	chr6	81951324	81951851	527
cCREs390844	chr6	82047321	82048326	1005
cCREs390856	chr6	82094381	82095003	622
cCREs390861	chr6	82117338	82117839	501
cCREs391051	chr6	82999773	83000342	569
cCREs391117	chr6	83298989	83299508	519
cCREs391171	chr6	83451134	83451680	546
cCREs391253	chr6	83877640	83878174	534
cCREs391372	chr6	84427553	84428557	1004
cCREs391397	chr6	84569834	84570360	526
cCREs391441	chr6	84750628	84751168	540
cCREs391452	chr6	84792698	84793258	560
cCREs391503	chr6	85046484	85047025	541
cCREs391640	chr6	85585953	85586570	617
cCREs391679	chr6	85959956	85960457	501
cCREs391694	chr6	86011502	86012079	577
cCREs391786	chr6	86300494	86301222	728
cCREs391865	chr6	86655458	86656234	776
cCREs391925	chr6	86874598	86875428	830
cCREs392087	chr6	87401364	87401881	517
cCREs392102	chr6	87482498	87483044	546
cCREs392223	chr6	88040265	88040766	501
cCREs392278	chr6	88279857	88280434	577
cCREs392281	chr6	88297372	88297878	506
cCREs392283	chr6	88315195	88316087	892
cCREs392316	chr6	88476692	88477417	725
cCREs392378	chr6	88707536	88708156	620
cCREs392501	chr6	89029272	89029827	555
cCREs392550	chr6	89268088	89268712	624
cCREs392720	chr6	90328618	90329154	536
cCREs392730	chr6	90372248	90372780	532
cCREs392737	chr6	90394142	90394678	536
cCREs392771	chr6	90502189	90502714	525
cCREs392829	chr6	90699816	90700465	649
cCREs392881	chr6	90823230	90823807	577
cCREs393016	chr6	91221036	91221680	644
cCREs393025	chr6	91234347	91234905	558
cCREs393276	chr6	92130918	92131493	575
cCREs393374	chr6	92465622	92466156	534
cCREs393553	chr6	93152778	93153759	981
cCREs393566	chr6	93192897	93193431	534
cCREs393612	chr6	93383976	93384576	600
cCREs393673	chr6	93686066	93686567	501
cCREs393712	chr6	93813989	93814581	592
cCREs393743	chr6	93919908	93920431	523
cCREs393804	chr6	94120685	94121186	501
cCREs393999	chr6	94798492	94799896	1404
cCREs394032	chr6	94921622	94922145	523
cCREs394213	chr6	95712784	95713626	842
cCREs394229	chr6	95819348	95819897	549
cCREs394380	chr6	96477393	96478003	610
cCREs394539	chr6	97352455	97352982	527
cCREs394545	chr6	97364989	97365531	542
cCREs394670	chr6	97808547	97809078	531
cCREs394689	chr6	97866416	97867018	602
cCREs394701	chr6	97897853	97898512	659
cCREs394784	chr6	98183485	98184057	572
cCREs394843	chr6	98394538	98395067	529
cCREs394856	chr6	98453663	98454165	502
cCREs394901	chr6	98682499	98683086	587
cCREs395042	chr6	99173715	99174217	502
cCREs395220	chr6	99697896	99698397	501
cCREs395254	chr6	99822428	99823220	792
cCREs395356	chr6	100150740	100151269	529
cCREs395452	chr6	100442187	100442734	547
cCREs395464	chr6	100492781	100493341	560
cCREs395549	chr6	100837547	100838048	501
cCREs395566	chr6	100904408	100904949	541
cCREs395845	chr6	101925185	101925686	501
cCREs396150	chr6	103414689	103415198	509
cCREs396168	chr6	103496810	103497311	501
cCREs396183	chr6	103529079	103529606	527
cCREs396249	chr6	103774284	103774833	549
cCREs396368	chr6	104448100	104448636	536
cCREs396454	chr6	104872321	104872841	520
cCREs396531	chr6	105380942	105381465	523
cCREs396673	chr6	106136502	106137003	501
cCREs396790	chr6	106531787	106532302	515
cCREs396795	chr6	106549343	106549857	514
cCREs396872	chr6	106895004	106895505	501
cCREs397200	chr6	108293276	108293982	706
cCREs397285	chr6	108519285	108519831	546
cCREs397296	chr6	108539201	108539702	501
cCREs397649	chr6	110656100	110656644	544
cCREs397755	chr6	111135905	111137431	1526
cCREs397760	chr6	111161581	111162174	593
cCREs397775	chr6	111253626	111254134	508
cCREs398093	chr6	112544325	112544829	504
cCREs398180	chr6	112817199	112817790	591
cCREs398236	chr6	112976443	112977354	911
cCREs398263	chr6	113082177	113082706	529
cCREs398282	chr6	113242949	113243486	537
cCREs398380	chr6	113631076	113631577	501
cCREs398537	chr6	114092099	114092600	501
cCREs398578	chr6	114242222	114242867	645
cCREs398606	chr6	114305507	114306017	510
cCREs398723	chr6	114821608	114822503	895
cCREs398728	chr6	114836140	114836691	551
cCREs398732	chr6	114848809	114849720	911
cCREs398775	chr6	114959721	114960226	505
cCREs398776	chr6	114963547	114964081	534
cCREs398810	chr6	115061593	115062180	587
cCREs398982	chr6	115745269	115745792	523
cCREs399001	chr6	115860176	115860723	547
cCREs399032	chr6	115950030	115950561	531
cCREs399051	chr6	115998857	115999631	774
cCREs399061	chr6	116034729	116035230	501
cCREs399080	chr6	116096430	116096942	512
cCREs399118	chr6	116260792	116261329	537
cCREs399122	chr6	116283196	116283699	503
cCREs399135	chr6	116331343	116331910	567
cCREs399138	chr6	116347796	116348335	539
cCREs399164	chr6	116424895	116425471	576
cCREs399207	chr6	116670910	116671549	639
cCREs399216	chr6	116693940	116694793	853
cCREs399353	chr6	117249928	117251040	1112
cCREs399400	chr6	117476339	117476868	529
cCREs399474	chr6	117808813	117809361	548
cCREs399605	chr6	118384359	118384977	618
cCREs399728	chr6	118845076	118845577	501
cCREs399905	chr6	119407713	119408378	665
cCREs399914	chr6	119437912	119438832	920
cCREs399953	chr6	119588230	119588746	516
cCREs400013	chr6	119816820	119817373	553
cCREs400074	chr6	120173953	120175349	1396
cCREs400102	chr6	120309635	120310136	501
cCREs400122	chr6	120466510	120467447	937
cCREs400222	chr6	120928424	120928932	508
cCREs400391	chr6	121438329	121438847	518
cCREs400443	chr6	121671123	121671639	516
cCREs400573	chr6	122779285	122779838	553
cCREs400717	chr6	124584869	124585380	511
cCREs400842	chr6	125157089	125157743	654
cCREs400902	chr6	125356193	125356831	638
cCREs400925	chr6	125441660	125442170	510
cCREs400934	chr6	125473269	125473825	556
cCREs400952	chr6	125530147	125530671	524
cCREs400969	chr6	125582565	125583066	501
cCREs400983	chr6	125631114	125631615	501
cCREs400990	chr6	125650329	125650901	572
cCREs401009	chr6	125750751	125751298	547
cCREs401160	chr6	126559044	126559545	501
cCREs401200	chr6	126657942	126658456	514
cCREs401319	chr6	127177410	127177945	535
cCREs401323	chr6	127193529	127194030	501
cCREs401410	chr6	127573565	127574647	1082
cCREs401413	chr6	127585900	127586490	590
cCREs401624	chr6	128167084	128167607	523
cCREs401634	chr6	128188678	128189191	513
cCREs401718	chr6	128584002	128584559	557
cCREs401745	chr6	128768016	128768525	509
cCREs401808	chr6	129110680	129111195	515
cCREs402052	chr6	134063698	134064199	501
cCREs402082	chr6	134133674	134134205	531
cCREs402090	chr6	134149521	134150061	540
cCREs402092	chr6	134155945	134156749	804
cCREs402106	chr6	134192210	134192904	694
cCREs402125	chr6	134256275	134256981	706
cCREs402245	chr6	134706492	134707029	537
cCREs402269	chr6	134763351	134763895	544
cCREs402273	chr6	134777719	134778257	538
cCREs402293	chr6	134853862	134854412	550
cCREs402312	chr6	134967036	134967537	501
cCREs402366	chr6	135190067	135190579	512
cCREs402451	chr6	135466211	135466712	501
cCREs402547	chr6	135789734	135790256	522
cCREs402700	chr6	136175358	136176022	664
cCREs402817	chr6	136796491	136797282	791
cCREs402862	chr6	136924069	136924584	515
cCREs402962	chr6	137207653	137208169	516
cCREs402983	chr6	137276153	137276683	530
cCREs403006	chr6	137342059	137342561	502
cCREs403076	chr6	137553795	137554328	533
cCREs403142	chr6	137761962	137762807	845
cCREs403155	chr6	137792403	137793096	693
cCREs403190	chr6	137943052	137943739	687
cCREs403375	chr6	138792810	138793337	527
cCREs403485	chr6	139401398	139401916	518
cCREs403545	chr6	139743715	139744250	535
cCREs403574	chr6	139821804	139822403	599
cCREs403637	chr6	140058092	140059178	1086
cCREs403806	chr6	140553304	140553805	501
cCREs403818	chr6	140591248	140591763	515
cCREs403841	chr6	140658442	140658943	501
cCREs403927	chr6	141043079	141043923	844
cCREs403944	chr6	141134003	141134509	506
cCREs403968	chr6	141254873	141255822	949
cCREs404028	chr6	141472388	141472913	525
cCREs404279	chr6	142871520	142872021	501
cCREs404477	chr6	143577286	143577787	501
cCREs404605	chr6	144067565	144068066	501
cCREs404610	chr6	144081913	144083223	1310
cCREs404641	chr6	144169695	144170236	541
cCREs404675	chr6	144319907	144320717	810
cCREs404678	chr6	144330502	144331036	534
cCREs404685	chr6	144351802	144352491	689
cCREs404701	chr6	144447951	144448466	515
cCREs404705	chr6	144460847	144461395	548
cCREs404788	chr6	144757949	144758521	572
cCREs404810	chr6	144883755	144884735	980
cCREs404824	chr6	144938721	144939289	568
cCREs405093	chr6	145943055	145943580	525
cCREs405122	chr6	146120040	146121009	969
cCREs405205	chr6	146399914	146400448	534
cCREs405211	chr6	146412113	146412747	634
cCREs405212	chr6	146412793	146413886	1093
cCREs405214	chr6	146419499	146420000	501
cCREs405225	chr6	146457131	146457632	501
cCREs405228	chr6	146468819	146469568	749
cCREs405346	chr6	146934769	146935800	1031
cCREs405353	chr6	146950297	146950815	518
cCREs405374	chr6	147003787	147004288	501
cCREs405407	chr6	147111507	147112024	517
cCREs405421	chr6	147196295	147196900	605
cCREs405434	chr6	147261763	147262273	510
cCREs405553	chr6	147812880	147813406	526
cCREs405559	chr6	147870538	147871491	953
cCREs405734	chr6	148530989	148531741	752
cCREs405800	chr6	148764591	148765297	706
cCREs405810	chr6	148817581	148818160	579
cCREs405897	chr6	149455205	149455737	532
cCREs405922	chr7	3287077	3287654	577
cCREs405933	chr7	3314647	3315148	501
cCREs405941	chr7	3333488	3333997	509
cCREs406107	chr7	4693374	4693950	576
cCREs406142	chr7	4888021	4888566	545
cCREs406163	chr7	4998006	4998507	501
cCREs406188	chr7	6136409	6136945	536
cCREs406326	chr7	12416560	12417106	546
cCREs406378	chr7	13309466	13310102	636
cCREs406471	chr7	16212018	16212542	524
cCREs406506	chr7	16411933	16412574	641
cCREs406525	chr7	16494182	16494683	501
cCREs406532	chr7	16517197	16517698	501
cCREs406537	chr7	16527369	16528447	1078
cCREs406539	chr7	16544681	16545275	594
cCREs406550	chr7	16583550	16584180	630
cCREs406705	chr7	18881521	18882808	1287
cCREs406737	chr7	19027860	19028385	525
cCREs406860	chr7	19540600	19541305	705
cCREs406863	chr7	19546457	19546958	501
cCREs406864	chr7	19549940	19550441	501
cCREs406876	chr7	19579742	19580281	539
cCREs407017	chr7	24485392	24485909	517
cCREs407057	chr7	24746806	24747399	593
cCREs407134	chr7	25128765	25129409	644
cCREs407374	chr7	27564160	27564689	529
cCREs407416	chr7	27749409	27749981	572
cCREs407508	chr7	28557696	28558221	525
cCREs407510	chr7	28560847	28561416	569
cCREs407513	chr7	28566972	28567654	682
cCREs407529	chr7	28622442	28622989	547
cCREs407530	chr7	28634106	28634629	523
cCREs407547	chr7	28768808	28769509	701
cCREs407549	chr7	28775086	28775606	520
cCREs407564	chr7	28830474	28831274	800
cCREs407587	chr7	28926005	28926567	562
cCREs407826	chr7	30248174	30248789	615
cCREs407878	chr7	30532533	30533420	887
cCREs407927	chr7	30907812	30908330	518
cCREs407973	chr7	31120842	31121356	514
cCREs408068	chr7	34486559	34487146	587
cCREs408083	chr7	34585352	34585886	534
cCREs408087	chr7	34598469	34599555	1086
cCREs408092	chr7	34610386	34610926	540
cCREs408247	chr7	35248555	35249076	521
cCREs408265	chr7	35358955	35359487	532
cCREs408370	chr7	35862909	35863494	585
cCREs408408	chr7	36105505	36106037	532
cCREs408452	chr7	36446297	36446826	529
cCREs408491	chr7	36709791	36710350	559
cCREs408518	chr7	36790224	36790918	694
cCREs408519	chr7	36810808	36811345	537
cCREs408531	chr7	36895442	36895945	503
cCREs408557	chr7	37025752	37026253	501
cCREs408579	chr7	37179776	37180746	970
cCREs408636	chr7	37449944	37450445	501
cCREs408696	chr7	37671163	37672726	1563
cCREs408719	chr7	37754562	37755112	550
cCREs408755	chr7	37931687	37932188	501
cCREs408826	chr7	38282216	38282769	553
cCREs408854	chr7	39676008	39676725	717
cCREs408864	chr7	39745094	39745595	501
cCREs408865	chr7	39747416	39748214	798
cCREs408964	chr7	40390881	40391904	1023
cCREs408997	chr7	40564529	40565330	801
cCREs409097	chr7	43353776	43354335	559
cCREs409159	chr7	43792045	43792575	530
cCREs409291	chr7	44754788	44755309	521
cCREs409319	chr7	44900425	44900944	519
cCREs409335	chr7	44962678	44963179	501
cCREs409372	chr7	45141490	45141991	501
cCREs409601	chr7	46196622	46197132	510
cCREs409657	chr7	46481954	46482642	688
cCREs409706	chr7	46652752	46653299	547
cCREs409707	chr7	46653455	46653991	536
cCREs409738	chr7	46798840	46799764	924
cCREs409770	chr7	47001432	47001933	501
cCREs409783	chr7	47038223	47038783	560
cCREs409859	chr7	48879442	48879965	523
cCREs409909	chr7	49046273	49047085	812
cCREs409931	chr7	49106427	49106938	511
cCREs409942	chr7	49138397	49138898	501
cCREs409948	chr7	49161421	49162513	1092
cCREs409954	chr7	49175029	49175562	533
cCREs410032	chr7	49368934	49369458	524
cCREs410078	chr7	49480864	49481414	550
cCREs410113	chr7	49555063	49555575	512
cCREs410184	chr7	49901666	49902194	528
cCREs410195	chr7	49968655	49969189	534
cCREs410200	chr7	50000013	50001065	1052
cCREs410209	chr7	50027731	50028259	528
cCREs410470	chr7	51576571	51577072	501
cCREs410474	chr7	51606997	51607910	913
cCREs410494	chr7	51728575	51729076	501
cCREs410696	chr7	53487133	53487644	511
cCREs410769	chr7	54142420	54142925	505
cCREs410854	chr7	54771861	54772381	520
cCREs410882	chr7	54888877	54889414	537
cCREs410893	chr7	54946411	54946932	521
cCREs410894	chr7	54954006	54954507	501
cCREs411109	chr7	56279367	56279906	539
cCREs411128	chr7	56401300	56401959	659
cCREs411140	chr7	56464682	56465183	501
cCREs411305	chr7	57279257	57279769	512
cCREs411358	chr7	57489778	57490353	575
cCREs411496	chr7	58342724	58343585	861
cCREs411499	chr7	58357858	58358382	524
cCREs411502	chr7	58369447	58369977	530
cCREs411549	chr7	58640289	58640797	508
cCREs411642	chr7	59271710	59272225	515
cCREs411775	chr7	62946262	62947148	886
cCREs411841	chr7	63451724	63452225	501
cCREs411884	chr7	63615366	63616333	967
cCREs411925	chr7	63767196	63767733	537
cCREs411931	chr7	63781567	63782120	553
cCREs411937	chr7	63823922	63824498	576
cCREs411955	chr7	63899258	63899809	551
cCREs412021	chr7	64165996	64166497	501
cCREs412055	chr7	64321599	64322131	532
cCREs412064	chr7	64365779	64366334	555
cCREs412076	chr7	64438196	64439392	1196
cCREs412104	chr7	64568087	64568618	531
cCREs412127	chr7	64632482	64633028	546
cCREs412139	chr7	64659177	64659711	534
cCREs412143	chr7	64666495	64667034	539
cCREs412201	chr7	64858467	64859002	535
cCREs412202	chr7	64864245	64864756	511
cCREs412247	chr7	64998413	64999329	916
cCREs412289	chr7	65145750	65146258	508
cCREs412327	chr7	65362862	65363369	507
cCREs412328	chr7	65364206	65364707	501
cCREs412389	chr7	65525844	65526519	675
cCREs412397	chr7	65559649	65560352	703
cCREs412450	chr7	65869211	65869754	543
cCREs412514	chr7	66113514	66114015	501
cCREs412547	chr7	66212639	66213140	501
cCREs412558	chr7	66263703	66264512	809
cCREs412561	chr7	66282905	66283777	872
cCREs412569	chr7	66305561	66306221	660
cCREs412623	chr7	66503901	66504410	509
cCREs412679	chr7	66843811	66844312	501
cCREs412693	chr7	66889883	66890659	776
cCREs412835	chr7	67525864	67526602	738
cCREs412853	chr7	67597265	67597791	526
cCREs412945	chr7	67958633	67959246	613
cCREs412973	chr7	68036488	68036989	501
cCREs412998	chr7	68092553	68093089	536
cCREs413000	chr7	68095415	68096601	1186
cCREs413521	chr7	71315317	71315886	569
cCREs413582	chr7	71670808	71671340	532
cCREs413620	chr7	71865292	71866204	912
cCREs413660	chr7	72100619	72101141	522
cCREs413746	chr7	72505448	72505949	501
cCREs413919	chr7	73369900	73370467	567
cCREs413929	chr7	73402039	73402565	526
cCREs413976	chr7	73522388	73522983	595
cCREs414008	chr7	73625871	73626611	740
cCREs414048	chr7	73758787	73759390	603
cCREs414248	chr7	74488750	74489270	520
cCREs414268	chr7	74528418	74528992	574
cCREs414341	chr7	74881669	74882213	544
cCREs414366	chr7	75010334	75010880	546
cCREs414375	chr7	75063747	75064298	551
cCREs414490	chr7	75423310	75423882	572
cCREs414581	chr7	75767923	75768445	522
cCREs414597	chr7	75837514	75838039	525
cCREs414603	chr7	75857601	75858111	510
cCREs414690	chr7	76401236	76401752	516
cCREs414945	chr7	78120990	78121668	678
cCREs415038	chr7	78441649	78442543	894
cCREs415079	chr7	78526943	78527444	501
cCREs415196	chr7	78945574	78946091	517
cCREs415197	chr7	78946239	78946753	514
cCREs415202	chr7	78969048	78969834	786
cCREs415203	chr7	78970875	78971633	758
cCREs415206	chr7	78986289	78986821	532
cCREs415218	chr7	79056679	79057180	501
cCREs415238	chr7	79171719	79172277	558
cCREs415245	chr7	79211050	79212091	1041
cCREs415248	chr7	79226125	79226647	522
cCREs415288	chr7	79311519	79312033	514
cCREs415290	chr7	79314417	79314932	515
cCREs415295	chr7	79321935	79322442	507
cCREs415364	chr7	79528692	79529193	501
cCREs415374	chr7	79568184	79568692	508
cCREs415386	chr7	79604859	79605360	501
cCREs415470	chr7	80045303	80045834	531
cCREs415523	chr7	80225257	80225941	684
cCREs415670	chr7	80782503	80783017	514
cCREs415704	chr7	80910504	80911317	813
cCREs415754	chr7	81267489	81268005	516
cCREs415766	chr7	81320995	81321533	538
cCREs415768	chr7	81323878	81324391	513
cCREs415815	chr7	81548286	81548787	501
cCREs415905	chr7	81870199	81870736	537
cCREs415911	chr7	81881500	81882018	518
cCREs415960	chr7	82197561	82198217	656
cCREs415991	chr7	82290372	82290929	557
cCREs416018	chr7	82443398	82443986	588
cCREs416029	chr7	82502449	82502950	501
cCREs416073	chr7	82728053	82728554	501
cCREs416079	chr7	82748648	82749240	592
cCREs416105	chr7	82873817	82874343	526
cCREs416249	chr7	83685665	83686196	531
cCREs416250	chr7	83699024	83699875	851
cCREs416483	chr7	84575462	84575984	522
cCREs416513	chr7	84680856	84681389	533
cCREs416613	chr7	87671459	87671975	516
cCREs416625	chr7	87741515	87742167	652
cCREs416750	chr7	88483493	88483994	501
cCREs416849	chr7	89088166	89088669	503
cCREs416873	chr7	89203121	89203637	516
cCREs416950	chr7	89501661	89502166	505
cCREs416955	chr7	89515249	89515826	577
cCREs416965	chr7	89555145	89555678	533
cCREs417015	chr7	89745139	89746039	900
cCREs417090	chr7	90084455	90085485	1030
cCREs417107	chr7	90172253	90172763	510
cCREs417132	chr7	90303931	90304594	663
cCREs417197	chr7	90689219	90689778	559
cCREs417217	chr7	90801736	90802251	515
cCREs417257	chr7	91031656	91032239	583
cCREs417559	chr7	92149374	92149875	501
cCREs417593	chr7	92273001	92274361	1360
cCREs417694	chr7	92656134	92656915	781
cCREs417766	chr7	92991672	92992178	506
cCREs417767	chr7	92992197	92992726	529
cCREs417936	chr7	94588859	94589453	594
cCREs417941	chr7	94618994	94619506	512
cCREs418100	chr7	95747833	95748419	586
cCREs418332	chr7	96586509	96587032	523
cCREs418454	chr7	96909626	96910175	549
cCREs418583	chr7	97527117	97527621	504
cCREs418585	chr7	97529702	97530509	807
cCREs418595	chr7	97590383	97591048	665
cCREs418611	chr7	97668138	97668650	512
cCREs418642	chr7	97834061	97834562	501
cCREs418667	chr7	98049545	98050165	620
cCREs418678	chr7	98110399	98110900	501
cCREs418731	chr7	98350546	98351047	501
cCREs418757	chr7	98494971	98495480	509
cCREs418811	chr7	98698209	98698710	501
cCREs418856	chr7	98863918	98864844	926
cCREs418884	chr7	98925595	98926398	803
cCREs418921	chr7	99045064	99045740	676
cCREs418935	chr7	99090842	99091569	727
cCREs418941	chr7	99104009	99104589	580
cCREs418975	chr7	99225373	99225912	539
cCREs418978	chr7	99243912	99244448	536
cCREs418984	chr7	99268839	99269694	855
cCREs419002	chr7	99322481	99323009	528
cCREs419155	chr7	99907924	99908448	524
cCREs419203	chr7	100087655	100088174	519
cCREs419293	chr7	100485345	100485894	549
cCREs419456	chr7	101173259	101173874	615
cCREs419465	chr7	101216090	101216829	739
cCREs419492	chr7	101332382	101332896	514
cCREs419501	chr7	101368161	101368662	501
cCREs419505	chr7	101382120	101383031	911
cCREs419590	chr7	101643770	101644408	638
cCREs419642	chr7	101839663	101840207	544
cCREs419643	chr7	101840902	101841592	690
cCREs419686	chr7	102031658	102032466	808
cCREs419700	chr7	102104064	102104594	530
cCREs419713	chr7	102164794	102165329	535
cCREs419774	chr7	102463082	102463604	522
cCREs419776	chr7	102477210	102477907	697
cCREs419921	chr7	105213396	105214379	983
cCREs419999	chr7	105618821	105619392	571
cCREs420021	chr7	105740167	105740717	550
cCREs420093	chr7	107328972	107329480	508
cCREs420139	chr7	107563848	107564349	501
cCREs420168	chr7	107697037	107697573	536
cCREs420169	chr7	107699785	107700555	770
cCREs420172	chr7	107705015	107705516	501
cCREs420181	chr7	107724657	107725158	501
cCREs420189	chr7	107756509	107757193	684
cCREs420391	chr7	109646459	109647031	572
cCREs420511	chr7	110282693	110283249	556
cCREs420586	chr7	110653889	110654842	953
cCREs420626	chr7	110787200	110788092	892
cCREs420727	chr7	111212345	111212846	501
cCREs420893	chr7	111746098	111746599	501
cCREs420967	chr7	112110111	112110754	643
cCREs421085	chr7	112399347	112399898	551
cCREs421116	chr7	112509431	112510110	679
cCREs421186	chr7	112781893	112782445	552
cCREs421191	chr7	112793638	112794248	610
cCREs421237	chr7	112961044	112961545	501
cCREs421265	chr7	113113257	113113774	517
cCREs421375	chr7	113589996	113590506	510
cCREs421398	chr7	113688119	113689148	1029
cCREs421438	chr7	113817006	113817571	565
cCREs421478	chr7	113980014	113980515	501
cCREs421524	chr7	114161869	114162563	694
cCREs421526	chr7	114174749	114175276	527
cCREs421581	chr7	114615786	114616306	520
cCREs421737	chr7	115431595	115432098	503
cCREs421749	chr7	115489551	115490076	525
cCREs421822	chr7	115789821	115790322	501
cCREs421840	chr7	115914099	115914600	501
cCREs421865	chr7	116095074	116095575	501
cCREs421962	chr7	116427663	116428195	532
cCREs422164	chr7	117391089	117391673	584
cCREs422173	chr7	117416193	117416721	528
cCREs422178	chr7	117429896	117430397	501
cCREs422194	chr7	117474229	117474843	614
cCREs422198	chr7	117484989	117485497	508
cCREs422210	chr7	117514218	117514720	502
cCREs422224	chr7	117555628	117556269	641
cCREs422321	chr7	117926386	117926894	508
cCREs422356	chr7	118078498	118079049	551
cCREs422358	chr7	118096541	118097042	501
cCREs422471	chr7	118548259	118548837	578
cCREs422495	chr7	118626137	118626681	544
cCREs422538	chr7	118793104	118793605	501
cCREs422610	chr7	118989246	118989757	511
cCREs422731	chr7	119737936	119738496	560
cCREs422763	chr7	119914126	119914656	530
cCREs422803	chr7	120126142	120126643	501
cCREs422850	chr7	120520234	120520759	525
cCREs422929	chr7	120893150	120893651	501
cCREs422942	chr7	120939275	120939802	527
cCREs423301	chr7	122442645	122443278	633
cCREs423310	chr7	122483877	122484378	501
cCREs423323	chr7	122518857	122519358	501
cCREs423460	chr7	123043980	123044541	561
cCREs423582	chr7	123559793	123560321	528
cCREs423753	chr7	124398360	124398944	584
cCREs423902	chr7	125197052	125197594	542
cCREs423905	chr7	125217796	125218323	527
cCREs423914	chr7	125277509	125278062	553
cCREs423946	chr7	125470704	125471222	518
cCREs423975	chr7	125574757	125575600	843
cCREs424013	chr7	125715292	125715819	527
cCREs424086	chr7	125988154	125988655	501
cCREs424143	chr7	126193147	126193648	501
cCREs424164	chr7	126277398	126277929	531
cCREs424264	chr7	126806909	126807545	636
cCREs424433	chr7	127812347	127812848	501
cCREs424522	chr7	128391145	128391836	691
cCREs424607	chr7	128748639	128749217	578
cCREs424760	chr7	129630224	129630730	506
cCREs424781	chr7	129729651	129730153	502
cCREs424784	chr7	129744132	129744645	513
cCREs424809	chr7	129865103	129865628	525
cCREs424870	chr7	130163754	130164267	513
cCREs424905	chr7	130258664	130259169	505
cCREs424971	chr7	130599121	130599655	534
cCREs425095	chr7	131000152	131000687	535
cCREs425106	chr7	131154251	131154752	501
cCREs425108	chr7	131161431	131162132	701
cCREs425200	chr7	131783369	131783889	520
cCREs425420	chr7	132527431	132528081	650
cCREs425421	chr7	132529090	132529602	512
cCREs425425	chr7	132547020	132547537	517
cCREs425440	chr7	132595026	132595545	519
cCREs425627	chr7	133236242	133236743	501
cCREs425643	chr7	133305110	133305831	721
cCREs425689	chr7	133550483	133551362	879
cCREs425716	chr7	133695605	133696178	573
cCREs425791	chr7	134014071	134014603	532
cCREs425800	chr7	134034830	134035331	501
cCREs425803	chr7	134052420	134052958	538
cCREs425889	chr7	134418978	134419517	539
cCREs425932	chr7	134609668	134610372	704
cCREs425954	chr7	134717182	134717756	574
cCREs425988	chr7	134836914	134837459	545
cCREs426003	chr7	134916098	134917124	1026
cCREs426022	chr7	134997381	134997882	501
cCREs426087	chr7	135282213	135283032	819
cCREs426138	chr7	135543003	135543564	561
cCREs426160	chr7	135593636	135594410	774
cCREs426163	chr7	135597627	135598318	691
cCREs426263	chr7	136025488	136026021	533
cCREs426275	chr7	136069166	136069706	540
cCREs426283	chr7	136115916	136116736	820
cCREs426385	chr7	136842944	136843445	501
cCREs426405	chr7	136953197	136953711	514
cCREs426409	chr7	136992333	136992976	643
cCREs426416	chr7	137046809	137047353	544
cCREs426422	chr7	137085662	137086745	1083
cCREs426499	chr7	137527847	137528348	501
cCREs426788	chr7	138852262	138852763	501
cCREs426820	chr7	138980772	138981627	855
cCREs426950	chr7	139413943	139414546	603
cCREs426979	chr7	139497559	139498060	501
cCREs427007	chr7	139609298	139610056	758
cCREs427085	chr7	139883525	139884085	560
cCREs427101	chr7	139940363	139941148	785
cCREs427106	chr7	139961056	139961566	510
cCREs427223	chr7	140838774	140839323	549
cCREs427307	chr7	141302955	141303534	579
cCREs427313	chr7	141322854	141323468	614
cCREs427326	chr7	141383373	141384010	637
cCREs427357	chr7	141505857	141507229	1372
cCREs427358	chr7	141508350	141509026	676
cCREs427448	chr7	141992152	141992684	532
cCREs427464	chr7	142042064	142042597	533
cCREs427513	chr7	142358600	142359953	1353
cCREs427624	chr7	143020500	143021184	684
cCREs427697	chr7	143380312	143381210	898
cCREs427721	chr7	143482411	143483126	715
cCREs427736	chr7	143540904	143541434	530
cCREs427742	chr7	143574518	143575253	735
cCREs427958	chr7	144472867	144473370	503
cCREs427965	chr7	144487330	144487923	593
cCREs427973	chr7	144516598	144517099	501
cCREs427982	chr7	144541297	144541827	530
cCREs428076	chr7	144997519	144998052	533
cCREs428120	chr7	145224591	145225155	564
cCREs428135	chr7	145301359	145301987	628
cCREs428142	chr7	145329817	145330357	540
cCREs428228	chr8	3549918	3550451	533
cCREs428275	chr8	4179125	4179649	524
cCREs428341	chr8	4569145	4569668	523
cCREs428344	chr8	4606681	4607182	501
cCREs428553	chr8	6711687	6712261	574
cCREs428577	chr8	6916296	6917023	727
cCREs428673	chr8	7721069	7721588	519
cCREs428706	chr8	7917683	7918256	573
cCREs428905	chr8	8682607	8683108	501
cCREs429042	chr8	9229740	9230241	501
cCREs429123	chr8	9466275	9466789	514
cCREs429260	chr8	10059096	10059604	508
cCREs429415	chr8	10571101	10571613	512
cCREs429456	chr8	10686245	10686835	590
cCREs429475	chr8	10774281	10774783	502
cCREs429532	chr8	10972744	10973274	530
cCREs429539	chr8	10997388	10997889	501
cCREs429563	chr8	11094245	11094866	621
cCREs429746	chr8	11743544	11744307	763
cCREs429749	chr8	11751830	11752331	501
cCREs429765	chr8	11781986	11782643	657
cCREs429767	chr8	11784069	11784570	501
cCREs429827	chr8	12003142	12003711	569
cCREs429959	chr8	12522489	12523016	527
cCREs429980	chr8	12617172	12617853	681
cCREs430091	chr8	12956654	12957263	609
cCREs430113	chr8	13010259	13010772	513
cCREs430124	chr8	13078423	13079360	937
cCREs430159	chr8	13263299	13263909	610
cCREs430162	chr8	13292220	13292842	622
cCREs430212	chr8	13479385	13480042	657
cCREs430312	chr8	13898121	13898646	525
cCREs430514	chr8	14582548	14583049	501
cCREs430612	chr8	14880008	14880583	575
cCREs430625	chr8	14920070	14920852	782
cCREs430641	chr8	14959221	14959722	501
cCREs430658	chr8	14992074	14992614	540
cCREs430665	chr8	15013987	15014488	501
cCREs430778	chr8	15501600	15502108	508
cCREs430806	chr8	15662755	15663288	533
cCREs430908	chr8	16228140	16228668	528
cCREs430932	chr8	16302020	16302783	763
cCREs431032	chr8	16761111	16761647	536
cCREs431122	chr8	17121201	17121755	554
cCREs431165	chr8	17313614	17314115	501
cCREs431166	chr8	17318840	17319383	543
cCREs431189	chr8	17417611	17418130	519
cCREs431211	chr8	17509336	17509930	594
cCREs431221	chr8	17529316	17529829	513
cCREs431426	chr8	18725448	18725970	522
cCREs431564	chr8	22018708	22019209	501
cCREs431585	chr8	22178277	22178778	501
cCREs431589	chr8	22203422	22203923	501
cCREs431610	chr8	22370217	22370731	514
cCREs431634	chr8	22496893	22497452	559
cCREs431770	chr8	23046655	23047191	536
cCREs431788	chr8	23112764	23113300	536
cCREs431791	chr8	23130257	23130758	501
cCREs431822	chr8	23245989	23246770	781
cCREs431872	chr8	23510495	23511116	621
cCREs431874	chr8	23529390	23529978	588
cCREs432058	chr8	24169252	24169768	516
cCREs432159	chr8	24553055	24553595	540
cCREs432233	chr8	25041397	25042160	763
cCREs432287	chr8	25196847	25197395	548
cCREs432293	chr8	25213755	25214550	795
cCREs432359	chr8	25464299	25464800	501
cCREs432395	chr8	25615735	25616280	545
cCREs432428	chr8	25732719	25733364	645
cCREs432441	chr8	25772077	25772613	536
cCREs432474	chr8	25992582	25993085	503
cCREs432480	chr8	26010641	26011289	648
cCREs432577	chr8	26459255	26459828	573
cCREs432668	chr8	26815083	26815621	538
cCREs432734	chr8	27038035	27038636	601
cCREs432752	chr8	27102393	27102929	536
cCREs432836	chr8	27576201	27576722	521
cCREs433264	chr8	29780901	29781470	569
cCREs433292	chr8	30015561	30016121	560
cCREs433298	chr8	30120985	30121517	532
cCREs433417	chr8	30814801	30815419	618
cCREs433530	chr8	31369575	31370133	558
cCREs433564	chr8	31576216	31576731	515
cCREs433676	chr8	32072234	32072735	501
cCREs433719	chr8	32294132	32294633	501
cCREs433733	chr8	32355621	32356191	570
cCREs433956	chr8	33433547	33434048	501
cCREs434208	chr8	34506555	34507092	537
cCREs434238	chr8	34601519	34602070	551
cCREs434432	chr8	35267124	35267682	558
cCREs434521	chr8	35591666	35592167	501
cCREs434544	chr8	35652304	35652831	527
cCREs434551	chr8	35665784	35666945	1161
cCREs434606	chr8	35862793	35863332	539
cCREs434722	chr8	36226734	36227239	505
cCREs434754	chr8	36311650	36312191	541
cCREs434862	chr8	36646128	36646671	543
cCREs434917	chr8	36857896	36858413	517
cCREs435135	chr8	38150809	38151310	501
cCREs435176	chr8	38404118	38404631	513
cCREs435212	chr8	38587528	38588044	516
cCREs435307	chr8	39126181	39126717	536
cCREs435504	chr8	40436813	40437346	533
cCREs435508	chr8	40444849	40445350	501
cCREs435529	chr8	40522334	40522851	517
cCREs435554	chr8	40600510	40601500	990
cCREs435662	chr8	41083483	41083996	513
cCREs435682	chr8	41197276	41198588	1312
cCREs435713	chr8	41333364	41333895	531
cCREs435716	chr8	41346116	41346846	730
cCREs435721	chr8	41361223	41361783	560
cCREs435734	chr8	41409198	41409716	518
cCREs436107	chr8	44080965	44081506	541
cCREs436275	chr8	44994641	44995143	502
cCREs436357	chr8	45341587	45342088	501
cCREs436358	chr8	45344213	45344724	511
cCREs436399	chr8	45552626	45553215	589
cCREs436481	chr8	45758770	45759348	578
cCREs436523	chr8	45905256	45906089	833
cCREs436560	chr8	46066528	46067062	534
cCREs436598	chr8	46208253	46209037	784
cCREs436677	chr8	46514275	46514841	566
cCREs436696	chr8	46583621	46584123	502
cCREs436705	chr8	46625118	46625619	501
cCREs436708	chr8	46633765	46634284	519
cCREs436717	chr8	46693668	46694186	518
cCREs436806	chr8	46943559	46944060	501
cCREs436817	chr8	46986668	46987195	527
cCREs436956	chr8	47586923	47587424	501
cCREs437018	chr8	47825497	47826029	532
cCREs437180	chr8	48405320	48405870	550
cCREs437331	chr8	49043231	49044099	868
cCREs437383	chr8	49267671	49268326	655
cCREs437384	chr8	49268511	49269083	572
cCREs437424	chr8	49447655	49448393	738
cCREs437559	chr8	50209180	50209713	533
cCREs437654	chr8	50678490	50679009	519
cCREs437731	chr8	51434518	51435037	519
cCREs438205	chr8	54964628	54965357	729
cCREs438389	chr8	56460212	56460713	501
cCREs438461	chr8	56939734	56940501	767
cCREs438470	chr8	57000979	57001505	526
cCREs438511	chr8	57440324	57440872	548
cCREs438551	chr8	57586639	57587140	501
cCREs438583	chr8	57657411	57657992	581
cCREs438801	chr8	58659935	58660465	530
cCREs439176	chr8	61064972	61065570	598
cCREs439208	chr8	61241136	61241659	523
cCREs439241	chr8	61308508	61309027	519
cCREs439255	chr8	61343278	61343833	555
cCREs439690	chr8	64214767	64215268	501
cCREs439750	chr8	64486574	64487096	522
cCREs439870	chr8	64847171	64847748	577
cCREs439947	chr8	65269655	65270192	537
cCREs439963	chr8	65374991	65375497	506
cCREs440103	chr8	66153081	66153644	563
cCREs440113	chr8	66186867	66187796	929
cCREs440498	chr8	67900682	67901190	508
cCREs440508	chr8	67927813	67928346	533
cCREs440602	chr8	68330722	68331223	501
cCREs440608	chr8	68355917	68356418	501
cCREs440676	chr8	68591072	68591608	536
cCREs440682	chr8	68610148	68610664	516
cCREs440709	chr8	68705521	68706225	704
cCREs440851	chr8	69404603	69405130	527
cCREs440877	chr8	69760940	69761472	532
cCREs440924	chr8	69985093	69985681	588
cCREs440932	chr8	70036303	70036815	512
cCREs440933	chr8	70040749	70041250	501
cCREs440984	chr8	70224457	70225015	558
cCREs441013	chr8	70344350	70344851	501
cCREs441014	chr8	70348738	70349282	544
cCREs441100	chr8	70638127	70638652	525
cCREs441139	chr8	70775201	70775702	501
cCREs441248	chr8	71493878	71494541	663
cCREs441279	chr8	71616448	71616964	516
cCREs441336	chr8	71974233	71974761	528
cCREs441361	chr8	72184946	72185503	557
cCREs441417	chr8	72400391	72401223	832
cCREs441419	chr8	72407540	72408377	837
cCREs441425	chr8	72422792	72423317	525
cCREs441444	chr8	72533289	72533812	523
cCREs441928	chr8	75222823	75223324	501
cCREs442208	chr8	77038744	77039645	901
cCREs442346	chr8	77452353	77452854	501
cCREs442350	chr8	77473258	77474210	952
cCREs442386	chr8	77650647	77651410	763
cCREs442387	chr8	77653793	77654305	512
cCREs442572	chr8	78588244	78588786	542
cCREs442594	chr8	78656553	78657102	549
cCREs442622	chr8	78746244	78746916	672
cCREs442659	chr8	79017116	79017643	527
cCREs442673	chr8	79061722	79062223	501
cCREs442738	chr8	79223465	79224032	567
cCREs442829	chr8	79556392	79556941	549
cCREs442899	chr8	79993431	79994733	1302
cCREs442912	chr8	80037553	80038248	695
cCREs442919	chr8	80055601	80056250	649
cCREs442961	chr8	80311107	80311648	541
cCREs443059	chr8	80851605	80852131	526
cCREs443102	chr8	81009709	81010216	507
cCREs443160	chr8	81380947	81381453	506
cCREs443212	chr8	81572376	81572899	523
cCREs443371	chr8	82342504	82343005	501
cCREs443469	chr8	82902536	82903399	863
cCREs443600	chr8	83329243	83330035	792
cCREs443727	chr8	84056727	84057338	611
cCREs443849	chr8	84495913	84496462	549
cCREs444100	chr8	85704161	85704662	501
cCREs444127	chr8	85882170	85882671	501
cCREs444307	chr8	86615008	86615812	804
cCREs444369	chr8	86834643	86835323	680
cCREs444391	chr8	86905377	86905878	501
cCREs444504	chr8	87463520	87464090	570
cCREs444524	chr8	87564950	87565453	503
cCREs444750	chr8	88542772	88543279	507
cCREs444756	chr8	88560020	88560580	560
cCREs444889	chr8	89082859	89083717	858
cCREs444906	chr8	89200886	89201409	523
cCREs444989	chr8	89631832	89632784	952
cCREs445030	chr8	89827188	89827707	519
cCREs445131	chr8	90299527	90300048	521
cCREs445168	chr8	90484317	90485059	742
cCREs445234	chr8	90820987	90821545	558
cCREs445258	chr8	90918947	90919822	875
cCREs445278	chr8	91010804	91011352	548
cCREs445304	chr8	91128327	91129062	735
cCREs445352	chr8	91342096	91342650	554
cCREs445354	chr8	91349831	91350399	568
cCREs445432	chr8	91581749	91582318	569
cCREs445452	chr8	91657672	91658182	510
cCREs445462	chr8	91713919	91714425	506
cCREs445478	chr8	91835872	91836373	501
cCREs445484	chr8	91853708	91854224	516
cCREs445513	chr8	91997138	91997852	714
cCREs445556	chr8	92245297	92245857	560
cCREs445590	chr8	92455669	92456241	572
cCREs445600	chr8	92501168	92501931	763
cCREs445660	chr8	92881185	92881799	614
cCREs445719	chr8	93203278	93203779	501
cCREs445726	chr8	93244871	93245372	501
cCREs445859	chr8	93885420	93885921	501
cCREs445868	chr8	93900730	93901231	501
cCREs446031	chr8	94417967	94418632	665
cCREs446042	chr8	94487939	94488440	501
cCREs446043	chr8	94490062	94490563	501
cCREs446077	chr8	94587681	94588182	501
cCREs446101	chr8	94687346	94687927	581
cCREs446114	chr8	94739518	94740148	630
cCREs446144	chr8	94824309	94824965	656
cCREs446173	chr8	94935867	94936620	753
cCREs446180	chr8	94967527	94968064	537
cCREs446182	chr8	94980967	94981479	512
cCREs446281	chr8	95375331	95375855	524
cCREs446298	chr8	95461533	95462034	501
cCREs446418	chr8	95949283	95949784	501
cCREs446482	chr8	96298381	96298892	511
cCREs446610	chr8	97029919	97030459	540
cCREs446831	chr8	98610294	98610795	501
cCREs446914	chr8	99171009	99171525	516
cCREs447432	chr8	102187854	102188385	531
cCREs447513	chr8	102636780	102637552	772
cCREs447839	chr8	103835196	103835748	552
cCREs447845	chr8	103849308	103849889	581
cCREs447950	chr8	104214763	104215277	514
cCREs447996	chr8	104403345	104404000	655
cCREs448130	chr8	105307912	105308567	655
cCREs448140	chr8	105337926	105338471	545
cCREs448154	chr8	105379326	105380096	770
cCREs448205	chr8	105563553	105564054	501
cCREs448286	chr8	105935891	105936392	501
cCREs448430	chr8	106511470	106512099	629
cCREs448459	chr8	106635225	106635726	501
cCREs448483	chr8	106741474	106742094	620
cCREs448506	chr8	106809519	106810091	572
cCREs448661	chr8	107468967	107469496	529
cCREs448911	chr8	108773319	108773834	515
cCREs449177	chr8	110034222	110034790	568
cCREs449311	chr8	110649203	110649719	516
cCREs449318	chr8	110661010	110661840	830
cCREs449374	chr8	110794544	110795119	575
cCREs449377	chr8	110806568	110807082	514
cCREs449399	chr8	110913081	110913709	628
cCREs449439	chr8	111114832	111115393	561
cCREs449494	chr8	111364770	111365439	669
cCREs449500	chr8	111390781	111391773	992
cCREs449520	chr8	111474828	111475580	752
cCREs449568	chr8	111611174	111611779	605
cCREs449608	chr8	111729129	111729668	539
cCREs449622	chr8	111766147	111766804	657
cCREs449936	chr8	113067805	113068351	546
cCREs450059	chr8	113614966	113615480	514
cCREs450184	chr8	114208052	114208553	501
cCREs450190	chr8	114227870	114228538	668
cCREs450276	chr8	114536238	114536780	542
cCREs450293	chr8	114608066	114608625	559
cCREs450366	chr8	114919382	114920162	780
cCREs450411	chr8	115150741	115151313	572
cCREs450529	chr8	115642525	115643087	562
cCREs450601	chr8	116053315	116054122	807
cCREs450730	chr8	116687843	116688359	516
cCREs450784	chr8	116962235	116963106	871
cCREs450825	chr8	117183673	117184247	574
cCREs450842	chr8	117257935	117258522	587
cCREs450887	chr8	117370068	117370569	501
cCREs450892	chr8	117383922	117384621	699
cCREs450897	chr8	117391469	117391971	502
cCREs450918	chr8	117438260	117438923	663
cCREs450947	chr8	117523329	117523989	660
cCREs450957	chr8	117570383	117570895	512
cCREs451029	chr8	117954805	117955321	516
cCREs451057	chr8	118098635	118099200	565
cCREs451137	chr8	118378888	118379411	523
cCREs451193	chr8	118565653	118566253	600
cCREs451219	chr8	118643636	118644169	533
cCREs451279	chr8	118817216	118818110	894
cCREs451327	chr8	118986471	118987119	648
cCREs451339	chr8	119015141	119015642	501
cCREs451407	chr8	119220506	119221007	501
cCREs451497	chr8	119514797	119515503	706
cCREs451560	chr8	119700612	119701113	501
cCREs451564	chr8	119716433	119716978	545
cCREs451591	chr8	119812987	119813572	585
cCREs451641	chr8	119995512	119996568	1056
cCREs451643	chr8	120003227	120003741	514
cCREs451647	chr8	120019277	120019813	536
cCREs451684	chr8	120124204	120124722	518
cCREs451770	chr8	120349359	120349873	514
cCREs451775	chr8	120359739	120360240	501
cCREs451777	chr8	120363569	120364596	1027
cCREs451779	chr8	120369933	120370488	555
cCREs451794	chr8	120410945	120411569	624
cCREs451812	chr8	120456206	120456733	527
cCREs451885	chr8	120670470	120670971	501
cCREs451919	chr8	120794498	120794999	501
cCREs451937	chr8	120958861	120960058	1197
cCREs451956	chr8	121063541	121064065	524
cCREs451978	chr8	121202933	121203437	504
cCREs452010	chr8	121335874	121336387	513
cCREs452033	chr8	121420983	121421498	515
cCREs452048	chr8	121467936	121468519	583
cCREs452061	chr8	121528722	121529320	598
cCREs452074	chr8	121574450	121574975	525
cCREs452168	chr8	121894818	121895319	501
cCREs452256	chr8	122192096	122192615	519
cCREs452300	chr8	122353163	122353977	814
cCREs452439	chr8	122900065	122900566	501
cCREs452481	chr8	123036776	123037289	513
cCREs452487	chr8	123071120	123071759	639
cCREs452516	chr8	123209787	123210288	501
cCREs452535	chr8	123333736	123334268	532
cCREs452541	chr8	123355390	123356280	890
cCREs452559	chr8	123425953	123426848	895
cCREs452632	chr8	123806830	123807413	583
cCREs452670	chr8	123922405	123922915	510
cCREs452875	chr8	124623529	124624030	501
cCREs452879	chr8	124631792	124632644	852
cCREs452907	chr8	124731086	124731587	501
cCREs452937	chr8	124875473	124876024	551
cCREs452975	chr8	125037084	125037864	780
cCREs453005	chr8	125136689	125137194	505
cCREs453028	chr8	125214404	125214907	503
cCREs453095	chr8	125425461	125425962	501
cCREs453104	chr8	125444878	125445666	788
cCREs453115	chr8	125479927	125480428	501
cCREs453139	chr8	125545769	125546412	643
cCREs453141	chr8	125552587	125553135	548
cCREs453433	chr8	126558303	126558828	525
cCREs453562	chr8	127028414	127028964	550
cCREs453574	chr8	127078674	127079175	501
cCREs453663	chr8	127381277	127381801	524
cCREs453688	chr8	127465816	127466340	524
cCREs453967	chr8	128483058	128483791	733
cCREs454014	chr8	128694661	128695203	542
cCREs454017	chr8	128702974	128703583	609
cCREs454126	chr9	4315106	4315670	564
cCREs454127	chr9	4318439	4318940	501
cCREs454182	chr9	4689698	4690231	533
cCREs454419	chr9	7247743	7248524	781
cCREs454696	chr9	9060231	9060755	524
cCREs454719	chr9	9145405	9145917	512
cCREs454720	chr9	9146728	9147235	507
cCREs454845	chr9	9920492	9921015	523
cCREs454875	chr9	10055142	10055945	803
cCREs455178	chr9	12875009	12875534	525
cCREs455184	chr9	12937307	12938230	923
cCREs455249	chr9	13433447	13433967	520
cCREs455270	chr9	13483386	13483887	501
cCREs455308	chr9	13582231	13582778	547
cCREs455326	chr9	13630905	13631415	510
cCREs455336	chr9	13663095	13664378	1283
cCREs455337	chr9	13665143	13665727	584
cCREs455415	chr9	13975698	13976231	533
cCREs455427	chr9	14012286	14012799	513
cCREs455497	chr9	14300748	14301357	609
cCREs455505	chr9	14324461	14324968	507
cCREs455508	chr9	14333699	14334206	507
cCREs455531	chr9	14488764	14489335	571
cCREs455545	chr9	14551935	14552761	826
cCREs455612	chr9	14768549	14769075	526
cCREs455675	chr9	15016442	15016977	535
cCREs455715	chr9	15270747	15271248	501
cCREs455728	chr9	15336370	15336904	534
cCREs455784	chr9	15537822	15538380	558
cCREs455883	chr9	15967853	15968415	562
cCREs455924	chr9	16118851	16119860	1009
cCREs455938	chr9	16152674	16153177	503
cCREs456117	chr9	17184124	17184663	539
cCREs456267	chr9	20486475	20487003	528
cCREs456553	chr9	21862835	21863532	697
cCREs456620	chr9	22229733	22230234	501
cCREs456751	chr9	22824822	22825354	532
cCREs456759	chr9	22850660	22851177	517
cCREs456817	chr9	23097350	23097851	501
cCREs456826	chr9	23142631	23143132	501
cCREs456934	chr9	23543533	23544080	547
cCREs457269	chr9	25253934	25254454	520
cCREs457318	chr9	25484446	25484947	501
cCREs457484	chr9	26474961	26475462	501
cCREs457517	chr9	26568568	26569069	501
cCREs457664	chr9	27153828	27154603	775
cCREs457702	chr9	27278625	27279539	914
cCREs457735	chr9	27355021	27355552	531
cCREs457843	chr9	27808383	27809081	698
cCREs458027	chr9	28330704	28331227	523
cCREs458194	chr9	28885991	28886505	514
cCREs458205	chr9	28918943	28919485	542
cCREs458327	chr9	29254059	29254581	522
cCREs458366	chr9	29360732	29361479	747
cCREs458474	chr9	29730534	29731035	501
cCREs458539	chr9	29896010	29896619	609
cCREs458552	chr9	29926488	29927010	522
cCREs458736	chr9	30740818	30741475	657
cCREs458893	chr9	31379820	31380355	535
cCREs458954	chr9	31837984	31838505	521
cCREs458992	chr9	32005223	32005794	571
cCREs459048	chr9	32182079	32182580	501
cCREs459156	chr9	32546399	32546947	548
cCREs459384	chr9	33860608	33861151	543
cCREs459399	chr9	33935352	33935858	506
cCREs459446	chr9	34259603	34260158	555
cCREs459459	chr9	34330157	34330763	606
cCREs459544	chr9	34589742	34590272	530
cCREs459685	chr9	34934063	34934564	501
cCREs459700	chr9	34968582	34969153	571
cCREs459766	chr9	35187604	35188118	514
cCREs459771	chr9	35202209	35202710	501
cCREs459773	chr9	35227365	35227883	518
cCREs459992	chr9	37008137	37008659	522
cCREs460030	chr9	37099571	37100460	889
cCREs460049	chr9	37161250	37162131	881
cCREs460116	chr9	37415626	37416155	529
cCREs460132	chr9	37495659	37496160	501
cCREs460364	chr9	40154985	40155498	513
cCREs460411	chr9	40326482	40326983	501
cCREs460430	chr9	40369252	40369819	567
cCREs460584	chr9	40831039	40831560	521
cCREs460595	chr9	40930068	40930813	745
cCREs460751	chr9	41501716	41502337	621
cCREs461021	chr9	42426644	42427174	530
cCREs461023	chr9	42429220	42429726	506
cCREs461118	chr9	42691032	42691541	509
cCREs461214	chr9	42978968	42979523	555
cCREs461226	chr9	43023510	43024053	543
cCREs461230	chr9	43037868	43038518	650
cCREs461237	chr9	43068978	43069489	511
cCREs461249	chr9	43101937	43102474	537
cCREs461276	chr9	43263789	43264587	798
cCREs461509	chr9	44095404	44095905	501
cCREs461566	chr9	44341305	44341806	501
cCREs461611	chr9	44533758	44534293	535
cCREs461626	chr9	44607218	44607719	501
cCREs461638	chr9	44702352	44702889	537
cCREs461656	chr9	44789465	44789966	501
cCREs461729	chr9	45105526	45106165	639
cCREs461773	chr9	45292510	45293126	616
cCREs461873	chr9	45585632	45586156	524
cCREs461907	chr9	45687321	45687822	501
cCREs461955	chr9	45875236	45875846	610
cCREs461978	chr9	45963078	45963633	555
cCREs462005	chr9	46066681	46067220	539
cCREs462010	chr9	46075514	46076029	515
cCREs462140	chr9	46589503	46590047	544
cCREs462261	chr9	47103926	47104430	504
cCREs462326	chr9	47435072	47435639	567
cCREs462333	chr9	47465561	47466100	539
cCREs462346	chr9	47533390	47533941	551
cCREs462364	chr9	47580905	47581406	501
cCREs462388	chr9	47640934	47641506	572
cCREs462567	chr9	48242397	48243028	631
cCREs462594	chr9	48390925	48391426	501
cCREs462773	chr9	49089032	49089561	529
cCREs462778	chr9	49110424	49111221	797
cCREs462971	chr9	49729407	49729966	559
cCREs463071	chr9	50110074	50110575	501
cCREs463083	chr9	50147255	50147766	511
cCREs463174	chr9	50567854	50568355	501
cCREs463188	chr9	50651692	50652226	534
cCREs463199	chr9	50683197	50683862	665
cCREs463215	chr9	50729525	50730129	604
cCREs463231	chr9	50784151	50784706	555
cCREs463298	chr9	50976276	50977006	730
cCREs463476	chr9	51810711	51811212	501
cCREs463501	chr9	51905188	51905918	730
cCREs463543	chr9	52119784	52120292	508
cCREs463609	chr9	52356534	52357372	838
cCREs463749	chr9	52944903	52945413	510
cCREs463751	chr9	52957212	52957723	511
cCREs463922	chr9	53943422	53943941	519
cCREs464068	chr9	54643697	54644198	501
cCREs464083	chr9	54702196	54702735	539
cCREs464141	chr9	55020015	55020600	585
cCREs464258	chr9	55597866	55598437	571
cCREs464271	chr9	55704891	55705392	501
cCREs464295	chr9	55942744	55943291	547
cCREs464314	chr9	56091769	56092324	555
cCREs464334	chr9	56154898	56155418	520
cCREs464401	chr9	56421130	56421631	501
cCREs464402	chr9	56425328	56425829	501
cCREs464540	chr9	56849959	56850639	680
cCREs464552	chr9	56881462	56881986	524
cCREs464563	chr9	56914001	56914885	884
cCREs464655	chr9	57547178	57547847	669
cCREs464737	chr9	57896620	57897165	545
cCREs464840	chr9	58195779	58196298	519
cCREs464876	chr9	58310102	58310603	501
cCREs465019	chr9	58841011	58841991	980
cCREs465134	chr9	59537645	59538176	531
cCREs465163	chr9	59663045	59663578	533
cCREs465234	chr9	60059539	60060076	537
cCREs465333	chr9	60407271	60407806	535
cCREs465355	chr9	60510578	60511370	792
cCREs465377	chr9	60609096	60609748	652
cCREs465415	chr9	60738032	60738752	720
cCREs465434	chr9	60811509	60812088	579
cCREs465456	chr9	60898988	60899573	585
cCREs465499	chr9	61075783	61076504	721
cCREs465513	chr9	61135251	61136007	756
cCREs465524	chr9	61166905	61167969	1064
cCREs465556	chr9	61314381	61314882	501
cCREs465565	chr9	61343329	61343920	591
cCREs465603	chr9	61486639	61487521	882
cCREs465623	chr9	61553359	61554136	777
cCREs465654	chr9	61673599	61674121	522
cCREs465677	chr9	61808168	61809059	891
cCREs465702	chr9	61903508	61904009	501
cCREs465911	chr9	62612989	62613500	511
cCREs466014	chr9	63079694	63080836	1142
cCREs466030	chr9	63167638	63168244	606
cCREs466049	chr9	63275468	63275972	504
cCREs466069	chr9	63351302	63351828	526
cCREs466135	chr9	63653567	63654151	584
cCREs466150	chr9	63695820	63696412	592
cCREs466161	chr9	63717457	63717958	501
cCREs466180	chr9	63750145	63750647	502
cCREs466252	chr9	64044946	64045529	583
cCREs466265	chr9	64111596	64112194	598
cCREs466307	chr9	64393018	64393542	524
cCREs466343	chr9	64521176	64521692	516
cCREs466346	chr9	64531717	64532298	581
cCREs466547	chr9	65411192	65411776	584
cCREs466735	chr9	66410842	66411362	520
cCREs466749	chr9	66508960	66509461	501
cCREs466754	chr9	66516524	66517025	501
cCREs466773	chr9	66625924	66626450	526
cCREs466794	chr9	66710606	66711153	547
cCREs466819	chr9	66817225	66817759	534
cCREs466952	chr9	67304983	67305506	523
cCREs466954	chr9	67318325	67318876	551
cCREs467011	chr9	67534048	67535392	1344
cCREs467022	chr9	67579410	67579989	579
cCREs467151	chr9	68206725	68207275	550
cCREs467200	chr9	68589094	68589621	527
cCREs467209	chr9	68646586	68647092	506
cCREs467341	chr9	69065853	69066467	614
cCREs467409	chr9	69313823	69314447	624
cCREs467500	chr9	69772123	69772628	505
cCREs467540	chr9	70095213	70095763	550
cCREs467819	chr9	71270173	71270868	695
cCREs467888	chr9	71596657	71597163	506
cCREs467973	chr9	71881583	71882084	501
cCREs468183	chr9	72867375	72867901	526
cCREs468252	chr9	73118411	73118912	501
cCREs468466	chr9	74190526	74191027	501
cCREs468491	chr9	74323633	74324194	561
cCREs468580	chr9	74921908	74922436	528
cCREs468617	chr9	75048866	75049542	676
cCREs468706	chr9	75346554	75347055	501
cCREs468720	chr9	75403437	75404062	625
cCREs468774	chr9	75553729	75554339	610
cCREs468785	chr9	75587157	75587658	501
cCREs469119	chr9	77370654	77371194	540
cCREs469138	chr9	77430394	77430895	501
cCREs469142	chr9	77442840	77443369	529
cCREs469246	chr9	77836948	77837464	516
cCREs469338	chr9	78159128	78159650	522
cCREs469364	chr9	78354795	78355296	501
cCREs469606	chr9	79726686	79727212	526
cCREs469617	chr9	79784296	79784840	544
cCREs469625	chr9	79823426	79823974	548
cCREs469730	chr9	80194364	80194872	508
cCREs469885	chr9	81088347	81088848	501
cCREs470061	chr9	82219670	82220257	587
cCREs470212	chr9	83123404	83123941	537
cCREs470307	chr9	83531345	83531868	523
cCREs470352	chr9	83633816	83634317	501
cCREs470397	chr9	83786179	83786743	564
cCREs470412	chr9	83839945	83840454	509
cCREs470429	chr9	83958999	83959500	501
cCREs470478	chr9	84131906	84132431	525
cCREs470590	chr9	84801103	84801636	533
cCREs470591	chr9	84828905	84829620	715
cCREs470672	chr9	85380754	85381504	750
cCREs470733	chr9	85676994	85677563	569
cCREs470782	chr9	85864338	85864903	565
cCREs470923	chr9	86463578	86464079	501
cCREs470931	chr9	86502532	86503052	520
cCREs470968	chr9	86618424	86618942	518
cCREs470987	chr9	86683634	86684169	535
cCREs471045	chr9	86848600	86849348	748
cCREs471086	chr9	87033000	87033501	501
cCREs471088	chr9	87045983	87046521	538
cCREs471143	chr9	87320737	87321244	507
cCREs471165	chr9	87439041	87439695	654
cCREs471181	chr9	87612977	87613504	527
cCREs471239	chr9	87978355	87978904	549
cCREs471244	chr9	88016489	88017121	632
cCREs471323	chr9	88377179	88377938	759
cCREs471368	chr9	88778625	88779156	531
cCREs471370	chr9	88909089	88909596	507
cCREs471395	chr9	89272513	89273019	506
cCREs471591	chr9	90194931	90195484	553
cCREs471630	chr9	90274982	90275501	519
cCREs471721	chr9	91036661	91037483	822
cCREs471753	chr9	91168000	91168513	513
cCREs471962	chr9	92512807	92513324	517
cCREs471971	chr9	92547037	92547538	501
cCREs472038	chr9	92774520	92775021	501
cCREs472331	chr9	94474117	94474635	518
cCREs472335	chr9	94490093	94490621	528
cCREs472342	chr9	94509222	94509731	509
cCREs472399	chr9	94716641	94717634	993
cCREs472400	chr9	94718105	94718619	514
cCREs472646	chr9	95458654	95459273	619
cCREs472697	chr9	95655077	95655882	805
cCREs472733	chr9	95809503	95810039	536
cCREs472788	chr9	96220315	96220861	546
cCREs472955	chr9	96836866	96837400	534
cCREs472981	chr9	96922904	96923421	517
cCREs473217	chr9	97780257	97780758	501
cCREs473276	chr9	98004749	98005250	501
cCREs473490	chr9	98993195	98994201	1006
cCREs473504	chr9	99032336	99032837	501
cCREs473541	chr9	99161822	99162387	565
cCREs473607	chr9	99433035	99433536	501
cCREs473626	chr9	99487709	99488255	546
cCREs473659	chr9	99694704	99695225	521
cCREs473717	chr9	100061234	100061735	501
cCREs473760	chr9	100366779	100367520	741
cCREs473798	chr9	100573195	100573710	515
cCREs473879	chr9	101076193	101076694	501
cCREs474122	chr9	102149953	102150520	567
cCREs474148	chr9	102228934	102229469	535
cCREs474178	chr9	102304763	102305292	529
cCREs474273	chr9	102706612	102707183	571
cCREs474289	chr9	102769103	102769617	514
cCREs474295	chr9	102807842	102808625	783
cCREs474380	chr9	103139324	103139925	601
cCREs474417	chr9	103315105	103315906	801
cCREs474425	chr9	103341572	103342385	813
cCREs474456	chr9	103460780	103461305	525
cCREs474489	chr9	103557282	103557829	547
cCREs474542	chr9	103713173	103713674	501
cCREs474548	chr9	103728835	103729352	517
cCREs474579	chr9	103847898	103848399	501
cCREs474975	chr9	105439615	105440201	586
cCREs474989	chr9	105488315	105489291	976
cCREs474994	chr9	105506784	105507299	515
cCREs475000	chr9	105521902	105522420	518
cCREs475036	chr9	105672668	105673248	580
cCREs475158	chr9	106208091	106208628	537
cCREs475205	chr9	106329038	106329603	565
cCREs475211	chr9	106341240	106341773	533
cCREs475259	chr9	106506373	106506874	501
cCREs475268	chr9	106567743	106568422	679
cCREs475316	chr9	106738958	106739923	965
cCREs475324	chr9	106848745	106849278	533
cCREs475345	chr9	106936974	106937492	518
cCREs475599	chr9	107992016	107992517	501
cCREs475623	chr9	108117119	108117724	605
cCREs475639	chr9	108150280	108150802	522
cCREs475737	chr9	108624102	108624603	501
cCREs475746	chr9	108666176	108666749	573
cCREs475853	chr9	109167246	109167765	519
cCREs475900	chr9	109886322	109886823	501
cCREs475913	chr9	109940100	109940636	536
cCREs476020	chr9	110429109	110429640	531
cCREs476057	chr9	110660261	110660762	501
cCREs476077	chr9	110702955	110703485	530
cCREs476304	chr9	111628807	111629341	534
cCREs476658	chr9	113071232	113071788	556
cCREs476922	chr9	114058176	114058687	511
cCREs476940	chr9	114371688	114372254	566
cCREs476984	chr9	114626675	114627195	520
cCREs477002	chr9	114690040	114690607	567
cCREs477096	chr9	115046224	115046843	619
cCREs477451	chr9	116259586	116260097	511
cCREs477499	chr9	116428344	116428853	509
cCREs477596	chr9	116903110	116903657	547
cCREs477637	chr9	117088154	117088878	724
cCREs477722	chr9	117447529	117448030	501
cCREs477730	chr9	117478882	117479425	543
cCREs477792	chr9	117714261	117714820	559
cCREs477812	chr9	117773477	117774195	718
cCREs477834	chr9	117841778	117842322	544
cCREs477963	chr9	118540776	118541305	529
cCREs477983	chr9	118607719	118608220	501
cCREs478004	chr9	118681389	118681914	525
cCREs478030	chr9	118753049	118753550	501
cCREs478035	chr9	118767179	118767720	541
cCREs478039	chr9	118784446	118784980	534
cCREs478047	chr9	118814735	118815320	585
cCREs478063	chr9	118875147	118875648	501
cCREs478112	chr9	119002176	119002830	654
cCREs478124	chr9	119025703	119026204	501
cCREs478207	chr9	119422386	119422887	501
cCREs478216	chr9	119447295	119447825	530
cCREs478354	chr9	120016816	120017353	537
cCREs478378	chr9	120144377	120144905	528
cCREs478381	chr9	120154861	120155488	627
cCREs478449	chr9	120368330	120369090	760
cCREs478491	chr9	120489806	120490307	501
cCREs478627	chr9	120995258	120995759	501
cCREs478768	chr9	121462764	121463265	501
cCREs478808	chr9	121615666	121617247	1581
cCREs478828	chr9	121681211	121681746	535
cCREs478864	chr9	121823888	121824478	590
cCREs478896	chr9	121956550	121957069	519
cCREs478956	chr9	122139161	122140349	1188
cCREs478980	chr9	122196326	122196872	546
cCREs479043	chr9	122426628	122427418	790
cCREs479065	chr9	122492099	122492642	543
cCREs479085	chr9	122566965	122567725	760
cCREs479112	chr9	122619223	122619803	580
cCREs479113	chr9	122620998	122621877	879
cCREs479171	chr9	122829939	122830501	562
cCREs479190	chr9	122985675	122986176	501
cCREs479243	chr9	123256372	123256878	506
cCREs479311	chr9	123501873	123502764	891
cCREs479320	chr9	123516581	123517492	911
cCREs479325	chr9	123541088	123541639	551
cCREs479373	chr9	123799764	123800345	581
cCREs479442	chr9	124480303	124480832	529
cCREs479472	chrX	6192507	6193084	577
cCREs479562	chrX	7288698	7289586	888
cCREs479666	chrX	8020299	8020821	522
cCREs479777	chrX	9679631	9680246	615
cCREs479778	chrX	9686808	9687342	534
cCREs479793	chrX	9772910	9773411	501
cCREs479818	chrX	10013484	10014216	732
cCREs479881	chrX	10474711	10475247	536
cCREs480030	chrX	11504946	11505540	594
cCREs480050	chrX	11594938	11595485	547
cCREs480068	chrX	11707510	11708084	574
cCREs480072	chrX	11721684	11722192	508
cCREs480076	chrX	11739453	11740106	653
cCREs480120	chrX	11952003	11953190	1187
cCREs480180	chrX	12309610	12310111	501
cCREs480196	chrX	12409045	12409576	531
cCREs480335	chrX	13534679	13535225	546
cCREs480444	chrX	14507931	14508457	526
cCREs480490	chrX	15159617	15160342	725
cCREs480501	chrX	15339274	15339813	539
cCREs480551	chrX	16449392	16450421	1029
cCREs480956	chrX	20874021	20874522	501
cCREs481085	chrX	22869810	22870328	518
cCREs481102	chrX	23080013	23080567	554
cCREs481179	chrX	35966428	35966929	501
cCREs481361	chrX	37957208	37958068	860
cCREs481371	chrX	38062758	38063260	502
cCREs481379	chrX	38203505	38204006	501
cCREs481425	chrX	38594728	38595336	608
cCREs481436	chrX	38696746	38697282	536
cCREs481635	chrX	41330561	41331074	513
cCREs481694	chrX	41590526	41591258	732
cCREs481756	chrX	42051544	42052045	501
cCREs481772	chrX	42233062	42233611	549
cCREs481850	chrX	42738688	42739252	564
cCREs481955	chrX	44967827	44968363	536
cCREs481987	chrX	45786071	45786614	543
cCREs482243	chrX	48287114	48287636	522
cCREs482269	chrX	48495412	48496354	942
cCREs482275	chrX	48524467	48524968	501
cCREs482438	chrX	50595472	50596119	647
cCREs482458	chrX	50820375	50820944	569
cCREs482600	chrX	51875248	51875749	501
cCREs482792	chrX	53100765	53101287	522
cCREs482952	chrX	56925954	56926455	501
cCREs482966	chrX	57083537	57084046	509
cCREs483305	chrX	60542874	60543402	528
cCREs483632	chrX	66384210	66384711	501
cCREs483865	chrX	69738919	69739420	501
cCREs483907	chrX	69924480	69925056	576
cCREs484009	chrX	70969146	70969691	545
cCREs484131	chrX	71661700	71662214	514
cCREs484168	chrX	72208654	72209190	536
cCREs484306	chrX	73642795	73643524	729
cCREs484334	chrX	73859612	73860191	579
cCREs484340	chrX	73875370	73875882	512
cCREs484383	chrX	74329788	74330298	510
cCREs484422	chrX	75161345	75161846	501
cCREs484428	chrX	75441846	75442457	611
cCREs484431	chrX	75489798	75490328	530
cCREs484446	chrX	75771863	75772413	550
cCREs484812	chrX	82176671	82177289	618
cCREs484925	chrX	84029836	84030340	504
cCREs484935	chrX	84255604	84256228	624
cCREs484937	chrX	84286963	84287485	522
cCREs484953	chrX	84436454	84437072	618
cCREs485150	chrX	86247624	86248130	506
cCREs485314	chrX	88159091	88159604	513
cCREs485616	chrX	93918941	93919470	529
cCREs485646	chrX	94110553	94111054	501
cCREs485737	chrX	95192536	95193078	542
cCREs485777	chrX	95795978	95796488	510
cCREs485836	chrX	96503658	96504233	575
cCREs485840	chrX	96597219	96597742	523
cCREs486072	chrX	99358163	99359205	1042
cCREs486102	chrX	99456129	99456822	693
cCREs486104	chrX	99458751	99459319	568
cCREs486187	chrX	99867690	99868292	602
cCREs486233	chrX	100466166	100466671	505
cCREs486433	chrX	101974024	101974574	550
cCREs486453	chrX	102033514	102034063	549
cCREs486481	chrX	102173499	102174038	539
cCREs486485	chrX	102230389	102230890	501
cCREs486549	chrX	102950095	102950962	867
cCREs486575	chrX	103373465	103373997	532
cCREs486638	chrX	103790329	103790865	536
cCREs486689	chrX	104375426	104376168	742
cCREs486760	chrX	105106979	105107581	602
cCREs486779	chrX	105328075	105328897	822
cCREs486834	chrX	105983514	105984111	597
cCREs486900	chrX	106938980	106939753	773
cCREs486937	chrX	107405798	107406330	532
cCREs487033	chrX	109206447	109206953	506
cCREs487192	chrX	112977370	112977934	564
cCREs487202	chrX	113076776	113077443	667
cCREs487204	chrX	113087863	113088699	836
cCREs487211	chrX	113165677	113166267	590
cCREs487227	chrX	113434289	113434889	600
cCREs487645	chrX	129497404	129497934	530
cCREs487680	chrX	129918144	129918647	503
cCREs487738	chrX	130404580	130405081	501
cCREs487942	chrX	133601159	133601660	501
cCREs487971	chrX	133715900	133716423	523
cCREs487998	chrX	133933325	133933861	536
cCREs488008	chrX	133994058	133994677	619
cCREs488192	chrX	135745370	135745871	501
cCREs488204	chrX	135800797	135801842	1045
cCREs488318	chrX	136822457	136822992	535
cCREs488404	chrX	137701950	137702452	502
cCREs488555	chrX	139418479	139418980	501
cCREs488735	chrX	140569939	140570773	834
cCREs488746	chrX	140669208	140669729	521
cCREs488764	chrX	140725253	140725793	540
cCREs488864	chrX	141931194	141931727	533
cCREs488990	chrX	142828153	142828654	501
cCREs489002	chrX	142895102	142895780	678
cCREs489492	chrX	147528702	147529212	510
cCREs489496	chrX	147568226	147568727	501
cCREs489513	chrX	150431383	150431884	501
cCREs489537	chrX	150826405	150827031	626
cCREs489565	chrX	151088325	151088901	576
cCREs489647	chrX	152245637	152246172	535
cCREs489670	chrX	152619182	152619741	559
cCREs489718	chrX	153183163	153183692	529
cCREs489749	chrX	153486515	153487373	858
cCREs489787	chrX	155167581	155168107	526
cCREs489994	chrX	157489705	157490207	502
cCREs490025	chrX	157717382	157717926	544
cCREs490249	chrX	159611245	159611772	527
cCREs490259	chrX	159672407	159672977	570
cCREs490285	chrX	159765786	159766309	523
cCREs490291	chrX	159797762	159798263	501
cCREs490304	chrX	159852666	159853209	543
cCREs490327	chrX	159923473	159924067	594
cCREs490491	chrX	161020868	161021997	1129
cCREs490625	chrX	161991804	161992333	529
cCREs490906	chrX	164067063	164067784	721
cCREs490919	chrX	164175718	164176258	540
cCREs490926	chrX	164246671	164247217	546
cCREs490997	chrX	164648669	164649324	655
cCREs491017	chrX	164856099	164856661	562
cCREs491048	chrX	165009160	165009664	504
cCREs491055	chrX	165082543	165083549	1006
cCREs491069	chrX	165216224	165216748	524
cCREs491245	chrX	166626409	166626964	555
cCREs491310	chrX	166895262	166895763	501
cCREs491317	chrX	166933644	166934211	567
cCREs491543	chrX	168120479	168120980	501
cCREs491656	chrX	169053839	169054828	989
cCREs491752	chrX	169792981	169793490	509
cCREs491803	chrY	10028197	10028722	525
cCREs31	chr1	3249132	3249633	501
cCREs37	chr1	3266845	3267360	515
cCREs126	chr1	3626075	3626576	501
cCREs166	chr1	3978910	3979416	506
cCREs208	chr1	4422104	4422612	508
cCREs288	chr1	4938542	4939043	501
cCREs320	chr1	5115506	5116007	501
cCREs465	chr1	6312386	6312887	501
cCREs489	chr1	6477859	6478384	525
cCREs499	chr1	6525268	6526027	759
cCREs541	chr1	6809341	6809842	501
cCREs567	chr1	6973552	6974335	783
cCREs620	chr1	7384987	7385488	501
cCREs724	chr1	8497877	8498378	501
cCREs848	chr1	9309324	9309825	501
cCREs878	chr1	9586696	9587239	543
cCREs886	chr1	9607795	9608400	605
cCREs928	chr1	9796737	9797238	501
cCREs1142	chr1	10938379	10938880	501
cCREs1159	chr1	11019273	11019774	501
cCREs1385	chr1	12066631	12067132	501
cCREs1396	chr1	12167540	12168041	501
cCREs1464	chr1	12544967	12545468	501
cCREs1475	chr1	12577913	12578414	501
cCREs1532	chr1	12820995	12821496	501
cCREs1536	chr1	12837639	12838140	501
cCREs1538	chr1	12847710	12848211	501
cCREs1733	chr1	13662331	13662832	501
cCREs1864	chr1	14289938	14290439	501
cCREs1880	chr1	14374775	14375276	501
cCREs1889	chr1	14435145	14435646	501
cCREs2042	chr1	15369845	15370346	501
cCREs2096	chr1	15597888	15598389	501
cCREs2112	chr1	15639459	15639960	501
cCREs2141	chr1	15752619	15753120	501
cCREs2224	chr1	16213506	16214007	501
cCREs2275	chr1	16399820	16400321	501
cCREs2331	chr1	16684666	16685167	501
cCREs2573	chr1	18354564	18355065	501
cCREs2802	chr1	20061501	20062002	501
cCREs2941	chr1	20885739	20886396	657
cCREs2950	chr1	20910352	20910871	519
cCREs2969	chr1	20996534	20997056	522
cCREs3001	chr1	21093332	21093843	511
cCREs3049	chr1	21343378	21343908	530
cCREs3467	chr1	22974867	22975390	523
cCREs3666	chr1	23915598	23916649	1051
cCREs3687	chr1	24010140	24010641	501
cCREs3773	chr1	24347993	24348556	563
cCREs3789	chr1	24404392	24405054	662
cCREs3792	chr1	24443797	24444436	639
cCREs3824	chr1	24567558	24568059	501
cCREs3930	chr1	25044876	25045377	501
cCREs4166	chr1	25845974	25846514	540
cCREs4229	chr1	26307610	26308111	501
cCREs4493	chr1	28836125	28836713	588
cCREs4497	chr1	28856702	28857203	501
cCREs4530	chr1	29029397	29029900	503
cCREs4749	chr1	30809816	30810317	501
cCREs4768	chr1	30936421	30936945	524
cCREs4827	chr1	31255957	31256458	501
cCREs4986	chr1	32433689	32434190	501
cCREs5015	chr1	32539309	32539810	501
cCREs5171	chr1	33457048	33457830	782
cCREs5176	chr1	33474628	33475129	501
cCREs5191	chr1	33515952	33516453	501
cCREs5286	chr1	33861300	33861801	501
cCREs5412	chr1	34173657	34174360	703
cCREs5417	chr1	34184229	34184732	503
cCREs5498	chr1	34469748	34470302	554
cCREs5525	chr1	34630009	34630510	501
cCREs5586	chr1	34841288	34841789	501
cCREs5636	chr1	35112859	35113360	501
cCREs5775	chr1	35770167	35770668	501
cCREs5793	chr1	35838609	35839110	501
cCREs5873	chr1	36161811	36162534	723
cCREs5889	chr1	36200252	36200774	522
cCREs5902	chr1	36240052	36240553	501
cCREs5909	chr1	36263743	36264562	819
cCREs5935	chr1	36360381	36360904	523
cCREs5958	chr1	36480501	36481017	516
cCREs6017	chr1	36652313	36652861	548
cCREs6034	chr1	36722433	36722934	501
cCREs6093	chr1	36911221	36911722	501
cCREs6200	chr1	37339671	37340172	501
cCREs6263	chr1	37515967	37516468	501
cCREs6332	chr1	37757318	37757819	501
cCREs6357	chr1	37954680	37955218	538
cCREs6397	chr1	38158467	38158968	501
cCREs6569	chr1	38680773	38681274	501
cCREs6774	chr1	39378898	39379399	501
cCREs6918	chr1	39888518	39889019	501
cCREs6969	chr1	40006080	40006581	501
cCREs6990	chr1	40058380	40058896	516
cCREs6994	chr1	40073243	40073744	501
cCREs7017	chr1	40161088	40161756	668
cCREs7076	chr1	40372769	40373270	501
cCREs7272	chr1	41328336	41328837	501
cCREs7311	chr1	41578398	41578921	523
cCREs7610	chr1	42868989	42869504	515
cCREs7625	chr1	42916156	42916657	501
cCREs7650	chr1	43029769	43030290	521
cCREs7656	chr1	43049215	43049742	527
cCREs7846	chr1	43607641	43608165	524
cCREs7876	chr1	43757285	43757800	515
cCREs7888	chr1	43789738	43790239	501
cCREs7942	chr1	44043541	44044042	501
cCREs8219	chr1	46019448	46019955	507
cCREs8236	chr1	46166213	46166714	501
cCREs8440	chr1	47312568	47313069	501
cCREs8540	chr1	48017798	48018299	501
cCREs8794	chr1	50765491	50766252	761
cCREs8799	chr1	50822975	50823489	514
cCREs8845	chr1	50995077	50995578	501
cCREs8856	chr1	51047257	51047758	501
cCREs8910	chr1	51173537	51174038	501
cCREs8951	chr1	51306064	51306565	501
cCREs8958	chr1	51343332	51343833	501
cCREs9290	chr1	52480110	52480611	501
cCREs9315	chr1	52586204	52586705	501
cCREs9323	chr1	52632577	52633078	501
cCREs9437	chr1	53055879	53056380	501
cCREs9439	chr1	53060386	53060947	561
cCREs9469	chr1	53281709	53282246	537
cCREs9559	chr1	53819907	53820532	625
cCREs9581	chr1	53881692	53882193	501
cCREs9690	chr1	54288180	54288681	501
cCREs9691	chr1	54299281	54299782	501
cCREs9753	chr1	54660858	54661849	991
cCREs9820	chr1	54850176	54850677	501
cCREs9843	chr1	54920042	54920645	603
cCREs9926	chr1	55446811	55447353	542
cCREs10041	chr1	55883145	55883686	541
cCREs10284	chr1	57100610	57101123	513
cCREs10292	chr1	57126318	57126819	501
cCREs10293	chr1	57133333	57134498	1165
cCREs10312	chr1	57238469	57238976	507
cCREs10445	chr1	57814812	57815313	501
cCREs10598	chr1	58368691	58369192	501
cCREs10766	chr1	59284273	59284774	501
cCREs10810	chr1	59463883	59464548	665
cCREs10858	chr1	59662834	59663335	501
cCREs11599	chr1	62938266	62938781	515
cCREs11691	chr1	63423885	63424386	501
cCREs11774	chr1	63708730	63709231	501
cCREs11867	chr1	64063253	64063754	501
cCREs12018	chr1	64645546	64646057	511
cCREs12118	chr1	65008229	65008730	501
cCREs12151	chr1	65175351	65175852	501
cCREs12175	chr1	65287216	65287717	501
cCREs12194	chr1	65372928	65373429	501
cCREs12246	chr1	65757680	65758256	576
cCREs12258	chr1	65826290	65826791	501
cCREs12271	chr1	65919326	65919827	501
cCREs12356	chr1	66263269	66263785	516
cCREs12368	chr1	66300026	66300527	501
cCREs12420	chr1	66434005	66434508	503
cCREs12462	chr1	66626512	66627013	501
cCREs12524	chr1	66932523	66933030	507
cCREs12554	chr1	67019677	67020178	501
cCREs12558	chr1	67028999	67029918	919
cCREs12618	chr1	67269987	67270488	501
cCREs12621	chr1	67284697	67285198	501
cCREs12675	chr1	67605088	67605822	734
cCREs12729	chr1	67942971	67943472	501
cCREs12765	chr1	68115380	68115902	522
cCREs12826	chr1	68433982	68434483	501
cCREs12837	chr1	68526418	68526919	501
cCREs12912	chr1	68893659	68894163	504
cCREs12929	chr1	68957159	68957665	506
cCREs13000	chr1	69294603	69295104	501
cCREs13013	chr1	69361106	69361795	689
cCREs13034	chr1	69479161	69479662	501
cCREs13155	chr1	70290464	70290965	501
cCREs13186	chr1	70507347	70507848	501
cCREs13415	chr1	71587918	71588694	776
cCREs13496	chr1	71885783	71886285	502
cCREs13501	chr1	71904270	71904776	506
cCREs13508	chr1	71936677	71937535	858
cCREs13539	chr1	72033489	72033990	501
cCREs13589	chr1	72198785	72199286	501
cCREs13927	chr1	73437661	73438162	501
cCREs13930	chr1	73451407	73451908	501
cCREs13979	chr1	73680140	73680641	501
cCREs14096	chr1	74053926	74054777	851
cCREs14137	chr1	74200762	74201417	655
cCREs14341	chr1	75185047	75185548	501
cCREs14355	chr1	75246714	75247215	501
cCREs14455	chr1	75615917	75616418	501
cCREs14459	chr1	75625396	75625897	501
cCREs14581	chr1	76128437	76128938	501
cCREs14618	chr1	76323961	76324462	501
cCREs14739	chr1	76975625	76976126	501
cCREs14813	chr1	77339693	77340194	501
cCREs14986	chr1	78155557	78156058	501
cCREs15190	chr1	79038024	79038673	649
cCREs15250	chr1	79379611	79380437	826
cCREs15326	chr1	79702343	79702844	501
cCREs15402	chr1	79957899	79958400	501
cCREs15532	chr1	80536515	80537016	501
cCREs15548	chr1	80576204	80576705	501
cCREs15582	chr1	80683327	80683911	584
cCREs15680	chr1	81069363	81069871	508
cCREs15808	chr1	81694914	81695415	501
cCREs15810	chr1	81702295	81702800	505
cCREs15835	chr1	81855740	81856241	501
cCREs15868	chr1	82024904	82025405	501
cCREs15871	chr1	82043383	82043884	501
cCREs16274	chr1	83787115	83787881	766
cCREs16279	chr1	83811653	83812154	501
cCREs16294	chr1	83865978	83866479	501
cCREs16351	chr1	84095689	84096190	501
cCREs16544	chr1	84720648	84721163	515
cCREs16686	chr1	86029525	86030026	501
cCREs16769	chr1	86375780	86376281	501
cCREs16873	chr1	86782360	86782861	501
cCREs16900	chr1	86957101	86958282	1181
cCREs16975	chr1	87290452	87290953	501
cCREs16990	chr1	87389033	87389565	532
cCREs16996	chr1	87400762	87401263	501
cCREs17160	chr1	88081078	88081579	501
cCREs17462	chr1	89284784	89285593	809
cCREs17466	chr1	89299676	89300188	512
cCREs17517	chr1	89498093	89498594	501
cCREs17530	chr1	89535832	89536389	557
cCREs17563	chr1	89624931	89625447	516
cCREs17569	chr1	89639041	89639617	576
cCREs17570	chr1	89639668	89640178	510
cCREs17595	chr1	89703248	89703749	501
cCREs17625	chr1	89786294	89786847	553
cCREs17635	chr1	89817602	89818103	501
cCREs17691	chr1	90078034	90078802	768
cCREs17845	chr1	90612452	90612953	501
cCREs18047	chr1	91299585	91300111	526
cCREs18099	chr1	91507035	91507536	501
cCREs18123	chr1	91586231	91586732	501
cCREs18280	chr1	92124474	92125256	782
cCREs18291	chr1	92145737	92146238	501
cCREs18297	chr1	92161712	92162213	501
cCREs18330	chr1	92256695	92257196	501
cCREs18410	chr1	92596846	92597368	522
cCREs18411	chr1	92605965	92606466	501
cCREs18412	chr1	92608170	92608760	590
cCREs18414	chr1	92613165	92613686	521
cCREs18465	chr1	92763463	92764089	626
cCREs18477	chr1	92804055	92804577	522
cCREs18479	chr1	92823030	92823531	501
cCREs18487	chr1	92845303	92845804	501
cCREs18499	chr1	92904689	92905190	501
cCREs18551	chr1	93114104	93114605	501
cCREs18575	chr1	93214541	93215086	545
cCREs18590	chr1	93269500	93270024	524
cCREs18599	chr1	93296987	93297488	501
cCREs18602	chr1	93303178	93303679	501
cCREs18604	chr1	93307929	93308474	545
cCREs18625	chr1	93457008	93457537	529
cCREs18819	chr1	94932161	94932928	767
cCREs18843	chr1	95117375	95117876	501
cCREs18865	chr1	95299556	95300261	705
cCREs19097	chr1	97033945	97034446	501
cCREs19277	chr1	98058808	98059327	519
cCREs19381	chr1	98713038	98714086	1048
cCREs19426	chr1	99156601	99157102	501
cCREs19885	chr1	102472148	102472649	501
cCREs20015	chr1	103539835	103540336	501
cCREs20018	chr1	103573449	103573950	501
cCREs20042	chr1	103825466	103825967	501
cCREs20047	chr1	103870707	103871208	501
cCREs20073	chr1	104113894	104114395	501
cCREs20089	chr1	104288155	104288656	501
cCREs20123	chr1	104529025	104529526	501
cCREs20229	chr1	104987878	104988537	659
cCREs20279	chr1	105168291	105168792	501
cCREs20355	chr1	105493144	105493645	501
cCREs20370	chr1	105562016	105562517	501
cCREs20481	chr1	106066755	106067256	501
cCREs20526	chr1	106235658	106236159	501
cCREs20531	chr1	106259998	106260729	731
cCREs20592	chr1	106498355	106498856	501
cCREs20694	chr1	106863967	106864468	501
cCREs20700	chr1	106872232	106872733	501
cCREs20778	chr1	107432200	107432701	501
cCREs20793	chr1	107521900	107522401	501
cCREs20830	chr1	107691633	107692134	501
cCREs21156	chr1	111019028	111019546	518
cCREs21201	chr1	111689671	111690186	515
cCREs21638	chr1	115512654	115513155	501
cCREs21643	chr1	115550727	115551228	501
cCREs21802	chr1	116283941	116284442	501
cCREs21806	chr1	116301480	116301981	501
cCREs22018	chr1	118514872	118515700	828
cCREs22019	chr1	118519674	118520200	526
cCREs22156	chr1	119129889	119130390	501
cCREs22159	chr1	119152034	119152849	815
cCREs22256	chr1	119555359	119555860	501
cCREs22309	chr1	119875554	119876055	501
cCREs22325	chr1	119909688	119910189	501
cCREs22354	chr1	120035517	120036018	501
cCREs22419	chr1	120287742	120288243	501
cCREs22460	chr1	120483759	120484460	701
cCREs22624	chr1	121371372	121371873	501
cCREs22657	chr1	121504391	121504892	501
cCREs22703	chr1	121720798	121721305	507
cCREs22898	chr1	123025248	123025749	501
cCREs23084	chr1	124021301	124021802	501
cCREs23141	chr1	124403471	124403972	501
cCREs23187	chr1	124635306	124635853	547
cCREs23227	chr1	124791478	124791979	501
cCREs23333	chr1	125397496	125397997	501
cCREs23380	chr1	125577967	125578568	601
cCREs23434	chr1	125841284	125841785	501
cCREs23500	chr1	126045219	126045744	525
cCREs23506	chr1	126056869	126057575	706
cCREs23582	chr1	126350625	126351128	503
cCREs23594	chr1	126383137	126383638	501
cCREs23674	chr1	126708999	126709500	501
cCREs23677	chr1	126721048	126721549	501
cCREs23703	chr1	126848267	126848768	501
cCREs23734	chr1	126969672	126970173	501
cCREs23753	chr1	127037908	127038415	507
cCREs23767	chr1	127106613	127107114	501
cCREs23771	chr1	127134759	127135318	559
cCREs23811	chr1	127267624	127268125	501
cCREs23909	chr1	127510327	127510828	501
cCREs23920	chr1	127551300	127551815	515
cCREs23951	chr1	127646717	127647218	501
cCREs24074	chr1	128130833	128131334	501
cCREs24176	chr1	128646010	128646511	501
cCREs24283	chr1	129110173	129110674	501
cCREs24617	chr1	130764589	130765090	501
cCREs24816	chr1	131478665	131479205	540
cCREs25022	chr1	132297290	132297791	501
cCREs25072	chr1	132454943	132455444	501
cCREs25085	chr1	132507106	132507616	510
cCREs25368	chr1	133369722	133370250	528
cCREs25382	chr1	133404844	133405568	724
cCREs25384	chr1	133411378	133412105	727
cCREs25392	chr1	133437964	133438501	537
cCREs25636	chr1	134462570	134463076	506
cCREs25718	chr1	134835326	134835827	501
cCREs25784	chr1	135083209	135083710	501
cCREs25840	chr1	135310682	135311676	994
cCREs25841	chr1	135312167	135312668	501
cCREs26049	chr1	135928424	135928925	501
cCREs26134	chr1	136200031	136200588	557
cCREs26189	chr1	136370921	136371422	501
cCREs26203	chr1	136431626	136432127	501
cCREs26232	chr1	136547950	136548451	501
cCREs26377	chr1	137253326	137253896	570
cCREs26459	chr1	137604595	137605096	501
cCREs26462	chr1	137619093	137619624	531
cCREs26464	chr1	137631450	137631951	501
cCREs26482	chr1	137693381	137693882	501
cCREs26519	chr1	137854369	137854870	501
cCREs26532	chr1	137909033	137909596	563
cCREs26718	chr1	138760470	138761025	555
cCREs26765	chr1	138987210	138987711	501
cCREs26777	chr1	139015066	139015740	674
cCREs26812	chr1	139152333	139152834	501
cCREs26828	chr1	139198206	139198707	501
cCREs26885	chr1	139484443	139484944	501
cCREs26889	chr1	139621855	139622356	501
cCREs26906	chr1	139993219	139993720	501
cCREs27040	chr1	140751808	140752336	528
cCREs27478	chr1	143706921	143707422	501
cCREs27598	chr1	144178631	144179132	501
cCREs27617	chr1	144259194	144259695	501
cCREs27813	chr1	145632893	145633394	501
cCREs27935	chr1	146751001	146751502	501
cCREs27945	chr1	146810955	146811456	501
cCREs28028	chr1	147558850	147559369	519
cCREs28056	chr1	147779621	147780122	501
cCREs28097	chr1	148311970	148312471	501
cCREs28117	chr1	148588455	148588956	501
cCREs28242	chr1	149332794	149333295	501
cCREs28293	chr1	149648358	149648859	501
cCREs28324	chr1	149776545	149777046	501
cCREs28326	chr1	149790907	149791408	501
cCREs28347	chr1	149863568	149864069	501
cCREs28352	chr1	149875343	149875846	503
cCREs28362	chr1	149919146	149919725	579
cCREs28363	chr1	149929844	149930357	513
cCREs28428	chr1	150369106	150369940	834
cCREs28571	chr1	150999548	151000049	501
cCREs28592	chr1	151058747	151059248	501
cCREs28618	chr1	151134888	151135389	501
cCREs28750	chr1	151726287	151726788	501
cCREs29085	chr1	152813364	152813865	501
cCREs29146	chr1	153031170	153031899	729
cCREs29177	chr1	153104766	153105267	501
cCREs29278	chr1	153452037	153452538	501
cCREs29281	chr1	153485307	153485808	501
cCREs29396	chr1	153903000	153903501	501
cCREs29412	chr1	153957776	153958675	899
cCREs29682	chr1	154890193	154890861	668
cCREs29735	chr1	155064085	155065009	924
cCREs29818	chr1	155322105	155322653	548
cCREs29827	chr1	155366606	155367107	501
cCREs29889	chr1	155595421	155595956	535
cCREs29971	chr1	156051526	156052492	966
cCREs29974	chr1	156063079	156063580	501
cCREs29978	chr1	156074463	156075345	882
cCREs30053	chr1	156496081	156496582	501
cCREs30069	chr1	156583057	156583558	501
cCREs30275	chr1	157377445	157377981	536
cCREs30352	chr1	157668425	157668940	515
cCREs30459	chr1	158123833	158124349	516
cCREs30508	chr1	158286281	158286782	501
cCREs30670	chr1	158773083	158773608	525
cCREs30844	chr1	159650193	159650854	661
cCREs30921	chr1	159833902	159834403	501
cCREs31174	chr1	160847282	160847816	534
cCREs31241	chr1	161115822	161116323	501
cCREs31267	chr1	161255587	161256088	501
cCREs31269	chr1	161263514	161264023	509
cCREs31333	chr1	161598195	161598696	501
cCREs31397	chr1	161941063	161941755	692
cCREs31424	chr1	162042923	162043424	501
cCREs31452	chr1	162141085	162141586	501
cCREs31471	chr1	162201060	162201561	501
cCREs31489	chr1	162279354	162279882	528
cCREs31568	chr1	162532181	162532682	501
cCREs31585	chr1	162605475	162605976	501
cCREs31635	chr1	162862262	162862906	644
cCREs31760	chr1	163398185	163398692	507
cCREs31769	chr1	163439493	163440267	774
cCREs31785	chr1	163525067	163525633	566
cCREs31829	chr1	163761882	163762383	501
cCREs31964	chr1	164361066	164361567	501
cCREs32036	chr1	164565181	164565682	501
cCREs32228	chr1	165237918	165238419	501
cCREs32614	chr1	166935682	166936183	501
cCREs32663	chr1	167092685	167093186	501
cCREs32795	chr1	167584936	167585437	501
cCREs32916	chr1	168070297	168070798	501
cCREs33022	chr1	168370316	168370817	501
cCREs33055	chr1	168496904	168497405	501
cCREs33103	chr1	168831932	168832433	501
cCREs33110	chr1	168849390	168849891	501
cCREs33134	chr1	168993810	168994311	501
cCREs33253	chr1	169489782	169490283	501
cCREs33288	chr1	169628573	169629074	501
cCREs33396	chr1	169971968	169972772	804
cCREs33459	chr1	170207164	170207665	501
cCREs33552	chr1	170498766	170499267	501
cCREs33639	chr1	170758605	170759109	504
cCREs33699	chr1	170978632	170979133	501
cCREs33771	chr1	171256019	171256540	521
cCREs33823	chr1	171479826	171480327	501
cCREs33837	chr1	171570683	171571184	501
cCREs33936	chr1	172113707	172114208	501
cCREs34302	chr1	174120197	174120698	501
cCREs34380	chr1	174628018	174628519	501
cCREs34424	chr1	174778201	174779107	906
cCREs34480	chr1	175029979	175030480	501
cCREs34625	chr1	175477513	175478014	501
cCREs34775	chr1	176047976	176048477	501
cCREs34939	chr1	176702805	176703306	501
cCREs34974	chr1	176820204	176820705	501
cCREs35047	chr1	177039891	177040392	501
cCREs35143	chr1	177464266	177464767	501
cCREs35186	chr1	177612483	177613013	530
cCREs35230	chr1	177860401	177861189	788
cCREs35260	chr1	178252523	178253024	501
cCREs35348	chr1	178656455	178656956	501
cCREs35419	chr1	178897174	178897826	652
cCREs35453	chr1	179014651	179015152	501
cCREs35454	chr1	179023551	179024065	514
cCREs35473	chr1	179104053	179104554	501
cCREs35576	chr1	179515330	179515831	501
cCREs35623	chr1	179666908	179667418	510
cCREs35690	chr1	179994815	179995316	501
cCREs35875	chr1	180601706	180602621	915
cCREs35947	chr1	181002071	181002842	771
cCREs36235	chr1	182251367	182251868	501
cCREs36278	chr1	182413623	182414124	501
cCREs36287	chr1	182443006	182443507	501
cCREs36315	chr1	182526884	182527385	501
cCREs36329	chr1	182575672	182576498	826
cCREs36545	chr1	183361714	183362215	501
cCREs36926	chr1	185060817	185061322	505
cCREs36987	chr1	185274889	185275390	501
cCREs37002	chr1	185326432	185326933	501
cCREs37021	chr1	185408215	185408716	501
cCREs37203	chr1	186243879	186244380	501
cCREs37225	chr1	186315644	186316145	501
cCREs37237	chr1	186363167	186363668	501
cCREs37305	chr1	186641013	186641592	579
cCREs37319	chr1	186679955	186680487	532
cCREs37408	chr1	187111539	187112324	785
cCREs37475	chr1	187426979	187427480	501
cCREs37566	chr1	187813285	187813786	501
cCREs37633	chr1	188110791	188111292	501
cCREs37887	chr1	189317411	189317912	501
cCREs37985	chr1	189640927	189641441	514
cCREs38098	chr1	190036456	190037033	577
cCREs38139	chr1	190197715	190198216	501
cCREs38147	chr1	190242363	190242883	520
cCREs38160	chr1	190354012	190354513	501
cCREs38226	chr1	190708355	190708856	501
cCREs38307	chr1	191011424	191011933	509
cCREs38451	chr1	191601366	191601867	501
cCREs38456	chr1	191614014	191614537	523
cCREs38677	chr1	192409568	192410069	501
cCREs38681	chr1	192422870	192423371	501
cCREs38874	chr1	193099699	193100200	501
cCREs39213	chr1	194259882	194260383	501
cCREs39214	chr1	194260587	194261088	501
cCREs39253	chr1	194394707	194395606	899
cCREs39403	chr1	194878361	194878892	531
cCREs39447	chr1	195035876	195036377	501
cCREs39448	chr1	195036681	195037192	511
cCREs39469	chr1	195220549	195221050	501
cCREs39487	chr10	3339889	3340390	501
cCREs39516	chr10	3424116	3424617	501
cCREs39551	chr10	3552581	3553082	501
cCREs39573	chr10	3677445	3677980	535
cCREs39638	chr10	3913120	3913621	501
cCREs39649	chr10	3946336	3946837	501
cCREs39652	chr10	3970250	3970801	551
cCREs39699	chr10	4145785	4146299	514
cCREs39701	chr10	4154073	4154871	798
cCREs39732	chr10	4327699	4328581	882
cCREs39851	chr10	4948030	4948531	501
cCREs39902	chr10	5152438	5152939	501
cCREs39916	chr10	5183312	5183813	501
cCREs39947	chr10	5287499	5288013	514
cCREs40314	chr10	7148731	7149703	972
cCREs40318	chr10	7162962	7163513	551
cCREs40320	chr10	7173322	7173823	501
cCREs40321	chr10	7173840	7174341	501
cCREs40342	chr10	7239351	7239861	510
cCREs40359	chr10	7332222	7332723	501
cCREs40400	chr10	7718710	7719211	501
cCREs40413	chr10	7791421	7791922	501
cCREs40447	chr10	7946413	7946914	501
cCREs40448	chr10	7953897	7954398	501
cCREs40506	chr10	8201577	8202530	953
cCREs40511	chr10	8223286	8223787	501
cCREs40527	chr10	8247006	8247507	501
cCREs40624	chr10	8690091	8690616	525
cCREs40805	chr10	9243965	9244490	525
cCREs40986	chr10	9857756	9858257	501
cCREs40991	chr10	9871393	9871895	502
cCREs41024	chr10	9998640	9999330	690
cCREs41112	chr10	10412232	10412733	501
cCREs41175	chr10	10730070	10730600	530
cCREs41206	chr10	10825062	10825563	501
cCREs41271	chr10	11028990	11029788	798
cCREs41281	chr10	11059090	11059591	501
cCREs41690	chr10	12806911	12807412	501
cCREs41733	chr10	12919186	12919732	546
cCREs41747	chr10	12994470	12994971	501
cCREs41772	chr10	13114469	13115499	1030
cCREs41810	chr10	13273236	13274196	960
cCREs41830	chr10	13325726	13326227	501
cCREs41832	chr10	13329751	13330252	501
cCREs41839	chr10	13343755	13344256	501
cCREs41881	chr10	13499268	13500034	766
cCREs41974	chr10	13801643	13802144	501
cCREs41992	chr10	13858043	13858574	531
cCREs42240	chr10	14732770	14733278	508
cCREs42287	chr10	14982057	14982558	501
cCREs42357	chr10	15590741	15591242	501
cCREs42531	chr10	16983056	16983557	501
cCREs42590	chr10	17218567	17219068	501
cCREs42614	chr10	17333401	17334079	678
cCREs42789	chr10	18073306	18073807	501
cCREs42962	chr10	18694682	18695183	501
cCREs43009	chr10	18870230	18870905	675
cCREs43028	chr10	18925298	18925799	501
cCREs43085	chr10	19200205	19200706	501
cCREs43086	chr10	19208027	19208784	757
cCREs43179	chr10	19792324	19792825	501
cCREs43209	chr10	19900362	19900876	514
cCREs43343	chr10	20364231	20364732	501
cCREs43678	chr10	21609533	21610066	533
cCREs43761	chr10	21887266	21887767	501
cCREs43812	chr10	22054034	22054535	501
cCREs43930	chr10	23034117	23034618	501
cCREs43973	chr10	23180788	23181289	501
cCREs44182	chr10	24267481	24267982	501
cCREs44291	chr10	24664597	24665112	515
cCREs44314	chr10	24768478	24768979	501
cCREs44443	chr10	25266525	25267026	501
cCREs44603	chr10	25833653	25834154	501
cCREs44756	chr10	26355944	26356445	501
cCREs44872	chr10	26920261	26920887	626
cCREs44977	chr10	27425884	27426385	501
cCREs45000	chr10	27524147	27524778	631
cCREs45001	chr10	27531289	27531790	501
cCREs45094	chr10	28115508	28116009	501
cCREs45096	chr10	28121697	28122259	562
cCREs45152	chr10	28350949	28351689	740
cCREs45295	chr10	28987411	28988187	776
cCREs45350	chr10	29299714	29300215	501
cCREs45353	chr10	29309414	29309915	501
cCREs45393	chr10	29506246	29506770	524
cCREs45476	chr10	30090230	30090731	501
cCREs45484	chr10	30142573	30143530	957
cCREs45556	chr10	30645135	30645636	501
cCREs45650	chr10	31139462	31139963	501
cCREs45661	chr10	31180245	31180899	654
cCREs45797	chr10	31963340	31963841	501
cCREs45803	chr10	32017695	32018211	516
cCREs45836	chr10	32183857	32184375	518
cCREs45933	chr10	32759579	32760080	501
cCREs45947	chr10	32831324	32831825	501
cCREs45954	chr10	32865323	32865840	517
cCREs45962	chr10	32887340	32887841	501
cCREs46036	chr10	33474005	33474506	501
cCREs46180	chr10	34319511	34320012	501
cCREs46184	chr10	34337842	34338343	501
cCREs46482	chr10	36895025	36895526	501
cCREs46610	chr10	37443054	37443812	758
cCREs46635	chr10	37586262	37587028	766
cCREs46641	chr10	37620593	37621094	501
cCREs46663	chr10	37699267	37699768	501
cCREs46670	chr10	37729185	37729686	501
cCREs46711	chr10	38000561	38001062	501
cCREs46800	chr10	38852436	38852937	501
cCREs46920	chr10	39373441	39373942	501
cCREs46979	chr10	39503736	39504237	501
cCREs46990	chr10	39526018	39526519	501
cCREs47081	chr10	39897762	39898263	501
cCREs47222	chr10	40464492	40464993	501
cCREs47446	chr10	41250022	41250523	501
cCREs47465	chr10	41367485	41367986	501
cCREs47516	chr10	41611960	41612515	555
cCREs47527	chr10	41672135	41672646	511
cCREs47578	chr10	41906726	41907227	501
cCREs47610	chr10	42033667	42034168	501
cCREs47764	chr10	42587767	42588268	501
cCREs47770	chr10	42617607	42618133	526
cCREs47771	chr10	42626125	42626626	501
cCREs47779	chr10	42681987	42682488	501
cCREs47852	chr10	42984815	42985316	501
cCREs47911	chr10	43116420	43116944	524
cCREs48187	chr10	44338133	44338924	791
cCREs48294	chr10	44821344	44821845	501
cCREs48505	chr10	45879762	45880288	526
cCREs48563	chr10	46152061	46152562	501
cCREs48655	chr10	46597198	46597699	501
cCREs48669	chr10	46688040	46688638	598
cCREs48682	chr10	46769362	46769863	501
cCREs48693	chr10	46853531	46854032	501
cCREs48720	chr10	47114904	47115405	501
cCREs48809	chr10	48367242	48367743	501
cCREs48924	chr10	49527230	49527731	501
cCREs48942	chr10	49618897	49619398	501
cCREs49054	chr10	50321451	50322295	844
cCREs49097	chr10	50731824	50732729	905
cCREs49182	chr10	51488313	51488814	501
cCREs49245	chr10	52032430	52032931	501
cCREs49268	chr10	52187824	52188325	501
cCREs49354	chr10	52720665	52721166	501
cCREs49497	chr10	53277851	53278403	552
cCREs49563	chr10	53505481	53506233	752
cCREs49619	chr10	53733568	53734069	501
cCREs49656	chr10	53913042	53913543	501
cCREs49717	chr10	54102596	54103108	512
cCREs50006	chr10	56024523	56025024	501
cCREs50029	chr10	56151684	56152185	501
cCREs50126	chr10	56761273	56761774	501
cCREs50239	chr10	57384460	57384961	501
cCREs50258	chr10	57522866	57523378	512
cCREs50289	chr10	57665842	57666343	501
cCREs50570	chr10	59160198	59160699	501
cCREs50607	chr10	59315959	59316464	505
cCREs50722	chr10	59731144	59731672	528
cCREs50759	chr10	59828553	59829080	527
cCREs50775	chr10	59884689	59885592	903
cCREs50843	chr10	60075283	60075784	501
cCREs50844	chr10	60075917	60076418	501
cCREs50854	chr10	60104675	60105176	501
cCREs50914	chr10	60294628	60295129	501
cCREs51023	chr10	60819166	60819686	520
cCREs51243	chr10	61746624	61747125	501
cCREs51251	chr10	61766903	61767404	501
cCREs51307	chr10	62023888	62024648	760
cCREs51351	chr10	62195385	62195899	514
cCREs51425	chr10	62514171	62514672	501
cCREs51440	chr10	62569212	62569713	501
cCREs51478	chr10	62876396	62876915	519
cCREs51484	chr10	62918711	62919212	501
cCREs51680	chr10	63935267	63935768	501
cCREs51793	chr10	64396560	64397485	925
cCREs51865	chr10	64865998	64866499	501
cCREs52011	chr10	65889835	65890336	501
cCREs52136	chr10	66541786	66542287	501
cCREs52168	chr10	66649289	66649790	501
cCREs52252	chr10	66970284	66971118	834
cCREs52273	chr10	67042097	67042598	501
cCREs52288	chr10	67071335	67072325	990
cCREs52306	chr10	67121495	67121996	501
cCREs52325	chr10	67188986	67189510	524
cCREs52369	chr10	67339377	67339878	501
cCREs52673	chr10	68536844	68537373	529
cCREs52801	chr10	69181884	69182385	501
cCREs53062	chr10	69949832	69950333	501
cCREs53273	chr10	70570185	70570686	501
cCREs53305	chr10	70704086	70704695	609
cCREs53313	chr10	70736346	70736867	521
cCREs53412	chr10	71072908	71073409	501
cCREs53457	chr10	71245652	71246153	501
cCREs53473	chr10	71277348	71277849	501
cCREs53910	chr10	73568824	73569325	501
cCREs54016	chr10	74122668	74123196	528
cCREs54028	chr10	74192666	74193167	501
cCREs54064	chr10	74342161	74342686	525
cCREs54096	chr10	74518908	74519409	501
cCREs54145	chr10	74856256	74856757	501
cCREs54200	chr10	75040859	75041625	766
cCREs54341	chr10	75457779	75458344	565
cCREs54413	chr10	75728185	75728992	807
cCREs54453	chr10	75912265	75912766	501
cCREs54477	chr10	76039644	76040145	501
cCREs54556	chr10	76373656	76374157	501
cCREs54581	chr10	76474824	76475325	501
cCREs54751	chr10	77228203	77228718	515
cCREs54765	chr10	77275007	77275508	501
cCREs54774	chr10	77298205	77298706	501
cCREs54922	chr10	77946613	77947114	501
cCREs54962	chr10	78124024	78124912	888
cCREs55086	chr10	78570357	78571384	1027
cCREs55126	chr10	79229993	79230494	501
cCREs55135	chr10	79545374	79545875	501
cCREs55149	chr10	79609159	79609692	533
cCREs55308	chr10	80174676	80175177	501
cCREs55324	chr10	80241972	80242473	501
cCREs55329	chr10	80254138	80254658	520
cCREs55333	chr10	80263011	80263512	501
cCREs55336	chr10	80273746	80274490	744
cCREs55397	chr10	80554501	80555002	501
cCREs55467	chr10	80795126	80795627	501
cCREs55579	chr10	81265639	81266140	501
cCREs55926	chr10	83635255	83635756	501
cCREs56033	chr10	84104520	84105034	514
cCREs56057	chr10	84221014	84221515	501
cCREs56111	chr10	84399127	84399646	519
cCREs56180	chr10	84636806	84637479	673
cCREs56257	chr10	84928856	84929357	501
cCREs56300	chr10	85098117	85098618	501
cCREs56360	chr10	85366788	85367348	560
cCREs56449	chr10	85657589	85658090	501
cCREs56463	chr10	85834839	85835340	501
cCREs56484	chr10	85964476	85964977	501
cCREs56490	chr10	86006541	86007072	531
cCREs56521	chr10	86103115	86103616	501
cCREs56618	chr10	86377972	86378473	501
cCREs56621	chr10	86385223	86385724	501
cCREs56665	chr10	86658826	86659327	501
cCREs56742	chr10	86929892	86930393	501
cCREs56812	chr10	87240789	87241290	501
cCREs56841	chr10	87417687	87418188	501
cCREs56850	chr10	87475005	87475507	502
cCREs57011	chr10	88287961	88288491	530
cCREs57106	chr10	88753995	88754496	501
cCREs57161	chr10	89053594	89054095	501
cCREs57194	chr10	89163029	89163530	501
cCREs57291	chr10	89545630	89546131	501
cCREs57303	chr10	89588176	89588677	501
cCREs57471	chr10	90353196	90353697	501
cCREs57636	chr10	90853632	90854133	501
cCREs57645	chr10	90875039	90875540	501
cCREs57816	chr10	91533346	91533863	517
cCREs57897	chr10	91899945	91900458	513
cCREs58004	chr10	92342297	92342798	501
cCREs58023	chr10	92437578	92438079	501
cCREs58061	chr10	92649723	92650244	521
cCREs58096	chr10	92854384	92854885	501
cCREs58100	chr10	92869948	92870657	709
cCREs58135	chr10	93044218	93044721	503
cCREs58306	chr10	93692888	93693389	501
cCREs58343	chr10	93879721	93880222	501
cCREs58387	chr10	94044102	94044622	520
cCREs58423	chr10	94182130	94182667	537
cCREs58456	chr10	94302074	94302598	524
cCREs58760	chr10	95244466	95245230	764
cCREs58787	chr10	95301323	95301824	501
cCREs58925	chr10	95772685	95773186	501
cCREs59000	chr10	96110924	96111425	501
cCREs59158	chr10	96719533	96720034	501
cCREs59414	chr10	97887447	97887948	501
cCREs59500	chr10	98372518	98373019	501
cCREs59507	chr10	98411812	98412313	501
cCREs59778	chr10	99292115	99292616	501
cCREs59928	chr10	99769964	99770777	813
cCREs60056	chr10	100299963	100300464	501
cCREs60076	chr10	100529696	100530197	501
cCREs60174	chr10	100998935	100999436	501
cCREs60412	chr10	102301913	102302414	501
cCREs60469	chr10	102617568	102618069	501
cCREs60515	chr10	102862753	102863254	501
cCREs60598	chr10	103503608	103504153	545
cCREs60602	chr10	103543490	103543991	501
cCREs60604	chr10	103545621	103546122	501
cCREs60616	chr10	103675165	103675666	501
cCREs60668	chr10	104280565	104281066	501
cCREs60729	chr10	104713271	104713772	501
cCREs60790	chr10	105166729	105167230	501
cCREs60849	chr10	105390987	105391701	714
cCREs60888	chr10	105494004	105494536	532
cCREs60984	chr10	105849390	105849891	501
cCREs61056	chr10	106283671	106284172	501
cCREs61214	chr10	107058631	107059132	501
cCREs61291	chr10	107343314	107343815	501
cCREs61348	chr10	107606347	107606852	505
cCREs61412	chr10	107903132	107903633	501
cCREs61422	chr10	107933516	107934017	501
cCREs61464	chr10	108086039	108086561	522
cCREs61485	chr10	108193965	108194466	501
cCREs61501	chr10	108248882	108249413	531
cCREs61838	chr10	109361010	109361511	501
cCREs61864	chr10	109487310	109487811	501
cCREs61925	chr10	109691557	109692058	501
cCREs62361	chr10	111282341	111282842	501
cCREs62364	chr10	111293245	111293746	501
cCREs62471	chr10	111676136	111676791	655
cCREs62579	chr10	112040874	112041375	501
cCREs62680	chr10	112566556	112567057	501
cCREs62842	chr10	113489478	113489979	501
cCREs62901	chr10	113922047	113922548	501
cCREs62931	chr10	114106813	114107314	501
cCREs62968	chr10	114388609	114389110	501
cCREs63015	chr10	114573135	114573636	501
cCREs63255	chr10	115457400	115457901	501
cCREs63448	chr10	116310425	116310962	537
cCREs63463	chr10	116367186	116367687	501
cCREs63532	chr10	116593932	116594658	726
cCREs63685	chr10	117190194	117190985	791
cCREs63709	chr10	117292368	117292893	525
cCREs63765	chr10	117563275	117563787	512
cCREs63783	chr10	117650767	117651326	559
cCREs63800	chr10	117706792	117707295	503
cCREs63877	chr10	118013786	118014287	501
cCREs63911	chr10	118146849	118147350	501
cCREs64020	chr10	118753133	118753634	501
cCREs64086	chr10	118978924	118979826	902
cCREs64397	chr10	120029246	120029747	501
cCREs64443	chr10	120228591	120229092	501
cCREs64462	chr10	120341902	120342656	754
cCREs64625	chr10	121306950	121307458	508
cCREs64749	chr10	121737217	121737718	501
cCREs64797	chr10	121907476	121907977	501
cCREs64855	chr10	122070147	122070927	780
cCREs64877	chr10	122206719	122207220	501
cCREs64878	chr10	122207980	122208481	501
cCREs64915	chr10	122474806	122475307	501
cCREs64988	chr10	122765427	122765979	552
cCREs65114	chr10	123122466	123122967	501
cCREs65122	chr10	123145433	123145934	501
cCREs65315	chr10	124104900	124105401	501
cCREs65418	chr10	124866978	124867479	501
cCREs65470	chr10	125129306	125129884	578
cCREs65511	chr10	125283254	125283755	501
cCREs65519	chr10	125311755	125312256	501
cCREs65520	chr10	125312268	125312809	541
cCREs65539	chr10	125349618	125350119	501
cCREs65618	chr10	125800422	125801057	635
cCREs65780	chr10	126575038	126575539	501
cCREs65784	chr10	126598014	126598538	524
cCREs65786	chr10	126607058	126607559	501
cCREs65875	chr10	126987887	126988388	501
cCREs65949	chr10	127269836	127270716	880
cCREs66162	chr10	128203391	128203922	531
cCREs66178	chr10	128292270	128293028	758
cCREs66251	chr10	128666482	128666983	501
cCREs66266	chr10	128770459	128770960	501
cCREs66272	chr10	128808839	128809340	501
cCREs66274	chr10	128812469	128812970	501
cCREs66315	chr10	128980418	128981439	1021
cCREs66450	chr11	3295247	3295748	501
cCREs66456	chr11	3319361	3319880	519
cCREs66473	chr11	3381487	3381988	501
cCREs66502	chr11	3482958	3483488	530
cCREs66588	chr11	3825564	3826065	501
cCREs66609	chr11	3882260	3882761	501
cCREs66627	chr11	3987199	3987700	501
cCREs66741	chr11	4496641	4497221	580
cCREs66818	chr11	4816951	4817456	505
cCREs66886	chr11	5078554	5079055	501
cCREs66945	chr11	5276909	5277410	501
cCREs66952	chr11	5307954	5308671	717
cCREs66973	chr11	5398289	5398808	519
cCREs67030	chr11	5745209	5746124	915
cCREs67400	chr11	7260727	7261228	501
cCREs67512	chr11	7936002	7936503	501
cCREs67516	chr11	7946086	7946587	501
cCREs67535	chr11	8066543	8067044	501
cCREs67592	chr11	8431908	8432615	707
cCREs67612	chr11	8471103	8471604	501
cCREs67616	chr11	8482545	8483711	1166
cCREs67658	chr11	8598734	8599235	501
cCREs67664	chr11	8612132	8612633	501
cCREs67669	chr11	8625382	8625883	501
cCREs67693	chr11	8685978	8686479	501
cCREs67729	chr11	8828280	8828781	501
cCREs67750	chr11	8962411	8962927	516
cCREs67936	chr11	9966932	9967851	919
cCREs68003	chr11	10522620	10523121	501
cCREs68206	chr11	11897580	11898124	544
cCREs68274	chr11	12256895	12257396	501
cCREs68310	chr11	12363222	12363723	501
cCREs68602	chr11	14151487	14151999	512
cCREs68715	chr11	14945821	14946322	501
cCREs68801	chr11	15711873	15712377	504
cCREs69144	chr11	17616296	17616797	501
cCREs69186	chr11	17864705	17865254	549
cCREs69289	chr11	18621151	18621652	501
cCREs69320	chr11	18860672	18861185	513
cCREs69351	chr11	18975053	18975567	514
cCREs69424	chr11	19397995	19398496	501
cCREs69437	chr11	19458999	19459500	501
cCREs69452	chr11	19537938	19538439	501
cCREs69489	chr11	19738822	19739323	501
cCREs69618	chr11	20238300	20238842	542
cCREs69700	chr11	20643565	20644066	501
cCREs69777	chr11	20985689	20986254	565
cCREs69785	chr11	21012935	21013436	501
cCREs69813	chr11	21106026	21106542	516
cCREs69905	chr11	21550129	21550630	501
cCREs69943	chr11	21869058	21869592	534
cCREs70014	chr11	22226890	22227461	571
cCREs70181	chr11	22949133	22949655	522
cCREs70182	chr11	22950167	22950668	501
cCREs70183	chr11	22954412	22954913	501
cCREs70208	chr11	23079938	23081223	1285
cCREs70215	chr11	23132458	23132959	501
cCREs70245	chr11	23328049	23328550	501
cCREs70246	chr11	23328701	23329202	501
cCREs70250	chr11	23349028	23349791	763
cCREs70299	chr11	23591235	23591736	501
cCREs70339	chr11	23793061	23793562	501
cCREs70541	chr11	24614781	24615282	501
cCREs70564	chr11	24676338	24676839	501
cCREs70570	chr11	24687265	24687766	501
cCREs70645	chr11	25045260	25045761	501
cCREs70719	chr11	25456586	25457100	514
cCREs70814	chr11	25829874	25830375	501
cCREs70832	chr11	25889660	25890161	501
cCREs70936	chr11	26289138	26289917	779
cCREs70939	chr11	26315067	26315723	656
cCREs70952	chr11	26400261	26400762	501
cCREs71052	chr11	27036686	27037187	501
cCREs71053	chr11	27047324	27047825	501
cCREs71072	chr11	27229511	27230012	501
cCREs71075	chr11	27256075	27256576	501
cCREs71131	chr11	28000447	28001215	768
cCREs71323	chr11	29222312	29222840	528
cCREs71368	chr11	29535421	29535974	553
cCREs71373	chr11	29572568	29573085	517
cCREs71381	chr11	29628455	29628956	501
cCREs71426	chr11	29768492	29769011	519
cCREs71545	chr11	30214863	30215364	501
cCREs71587	chr11	30403496	30403997	501
cCREs71611	chr11	30554011	30554565	554
cCREs71622	chr11	30603752	30604264	512
cCREs71636	chr11	30676944	30677445	501
cCREs71653	chr11	30765557	30766058	501
cCREs71655	chr11	30777731	30778238	507
cCREs71737	chr11	31395405	31395906	501
cCREs71953	chr11	32116541	32117051	510
cCREs71961	chr11	32132860	32133553	693
cCREs72281	chr11	33427048	33427549	501
cCREs72308	chr11	33611397	33611898	501
cCREs72504	chr11	34189338	34189859	521
cCREs72830	chr11	35484720	35485232	512
cCREs72838	chr11	35523705	35524266	561
cCREs73230	chr11	36662164	36662665	501
cCREs73247	chr11	36704088	36704589	501
cCREs73512	chr11	37879396	37879919	523
cCREs73550	chr11	38092120	38092634	514
cCREs73572	chr11	38265657	38266185	528
cCREs73589	chr11	38396078	38396579	501
cCREs73673	chr11	39052969	39053470	501
cCREs73684	chr11	39098598	39099099	501
cCREs73692	chr11	39169566	39170067	501
cCREs74243	chr11	42235689	42236190	501
cCREs74396	chr11	42834862	42835363	501
cCREs74468	chr11	43137767	43138268	501
cCREs74475	chr11	43156873	43157703	830
cCREs74527	chr11	43354158	43354659	501
cCREs74556	chr11	43441078	43441629	551
cCREs74576	chr11	43516603	43517126	523
cCREs74579	chr11	43524412	43524913	501
cCREs74601	chr11	43598611	43599112	501
cCREs74645	chr11	43782779	43783280	501
cCREs74800	chr11	44367511	44368186	675
cCREs74824	chr11	44475605	44476106	501
cCREs74849	chr11	44545105	44545710	605
cCREs74904	chr11	44729884	44730385	501
cCREs74947	chr11	44926942	44927792	850
cCREs74949	chr11	44932132	44932633	501
cCREs74956	chr11	44970046	44970547	501
cCREs74958	chr11	44975123	44975859	736
cCREs75062	chr11	45537022	45537551	529
cCREs75206	chr11	46147785	46148286	501
cCREs75312	chr11	46477989	46478515	526
cCREs75345	chr11	46643895	46644396	501
cCREs75405	chr11	46965917	46966981	1064
cCREs75486	chr11	47263463	47263964	501
cCREs75515	chr11	47351574	47352083	509
cCREs75661	chr11	48046327	48046828	501
cCREs75669	chr11	48064591	48065092	501
cCREs75798	chr11	48650970	48651471	501
cCREs75907	chr11	49267124	49268051	927
cCREs75980	chr11	49722135	49722636	501
cCREs76029	chr11	49899291	49899792	501
cCREs76032	chr11	49911894	49912395	501
cCREs76068	chr11	50028331	50028855	524
cCREs76074	chr11	50056328	50056829	501
cCREs76092	chr11	50111912	50112416	504
cCREs76093	chr11	50112526	50113041	515
cCREs76139	chr11	50252046	50252690	644
cCREs76248	chr11	50694735	50695407	672
cCREs76315	chr11	51086922	51087423	501
cCREs76383	chr11	51448524	51449062	538
cCREs76394	chr11	51484882	51486274	1392
cCREs76424	chr11	51614415	51614916	501
cCREs76508	chr11	51978011	51978512	501
cCREs76526	chr11	52058227	52058741	514
cCREs76528	chr11	52063268	52063769	501
cCREs76599	chr11	52402474	52403393	919
cCREs76602	chr11	52415655	52416200	545
cCREs76717	chr11	52895095	52895596	501
cCREs76799	chr11	53184603	53185355	752
cCREs76827	chr11	53366122	53366623	501
cCREs76888	chr11	53626033	53626534	501
cCREs76909	chr11	53715766	53716267	501
cCREs76957	chr11	53899956	53900457	501
cCREs76959	chr11	53905293	53905794	501
cCREs76966	chr11	53966148	53966649	501
cCREs76967	chr11	53968395	53968896	501
cCREs77065	chr11	54453667	54454168	501
cCREs77117	chr11	54728493	54729012	519
cCREs77126	chr11	54765827	54766328	501
cCREs77315	chr11	55682378	55682879	501
cCREs77329	chr11	55793678	55794179	501
cCREs77373	chr11	56009523	56010050	527
cCREs77489	chr11	56528720	56529221	501
cCREs77738	chr11	57365267	57365768	501
cCREs77771	chr11	57485657	57486158	501
cCREs77772	chr11	57488310	57488811	501
cCREs78039	chr11	58831735	58832471	736
cCREs78103	chr11	59179227	59179728	501
cCREs78111	chr11	59209629	59210130	501
cCREs78134	chr11	59318256	59318757	501
cCREs78231	chr11	59754661	59755162	501
cCREs78248	chr11	59788314	59788815	501
cCREs78251	chr11	59795099	59795681	582
cCREs78332	chr11	60141779	60142286	507
cCREs78361	chr11	60211374	60212142	768
cCREs78407	chr11	60330368	60330893	525
cCREs78512	chr11	61006487	61006988	501
cCREs78557	chr11	61169567	61170096	529
cCREs78562	chr11	61183843	61184511	668
cCREs78599	chr11	61319466	61320391	925
cCREs78617	chr11	61419204	61419725	521
cCREs78742	chr11	61945733	61946234	501
cCREs78770	chr11	62053773	62054527	754
cCREs78889	chr11	62741826	62742327	501
cCREs78978	chr11	63153866	63154367	501
cCREs78987	chr11	63189140	63189641	501
cCREs78993	chr11	63230710	63231616	906
cCREs79054	chr11	63537503	63538040	537
cCREs79191	chr11	64210900	64211401	501
cCREs79252	chr11	64531722	64532223	501
cCREs79259	chr11	64578170	64578671	501
cCREs79443	chr11	65335773	65336274	501
cCREs79472	chr11	65433441	65433942	501
cCREs79542	chr11	65744638	65745139	501
cCREs80160	chr11	68121623	68122126	503
cCREs80392	chr11	69030928	69031901	973
cCREs80494	chr11	69479732	69480233	501
cCREs80525	chr11	69617866	69618651	785
cCREs80558	chr11	69799073	69799574	501
cCREs80591	chr11	70005432	70005942	510
cCREs80620	chr11	70089392	70089893	501
cCREs80669	chr11	70325608	70326109	501
cCREs80812	chr11	71106629	71107130	501
cCREs80851	chr11	71428094	71428616	522
cCREs80885	chr11	71583358	71583859	501
cCREs80941	chr11	71778446	71778947	501
cCREs80973	chr11	71906594	71907095	501
cCREs81116	chr11	72401610	72402125	515
cCREs81293	chr11	73212951	73213452	501
cCREs81315	chr11	73314526	73315027	501
cCREs81368	chr11	74500798	74501793	995
cCREs81520	chr11	75203560	75204061	501
cCREs81775	chr11	76189325	76189826	501
cCREs81785	chr11	76235014	76235537	523
cCREs81841	chr11	76407676	76408177	501
cCREs82012	chr11	77218418	77218927	509
cCREs82014	chr11	77249876	77250395	519
cCREs82275	chr11	78541553	78542054	501
cCREs82278	chr11	78557430	78558247	817
cCREs82288	chr11	78578868	78579613	745
cCREs82318	chr11	78700330	78700831	501
cCREs82333	chr11	78760984	78761517	533
cCREs82355	chr11	78829252	78829943	691
cCREs82472	chr11	79362164	79362665	501
cCREs82539	chr11	79636061	79637028	967
cCREs82567	chr11	79702005	79702506	501
cCREs82615	chr11	79932204	79932705	501
cCREs82768	chr11	80706178	80706679	501
cCREs83074	chr11	81830201	81830702	501
cCREs83155	chr11	82086837	82087338	501
cCREs83164	chr11	82168227	82168728	501
cCREs83251	chr11	82499033	82499534	501
cCREs83296	chr11	82647039	82647540	501
cCREs83332	chr11	82820023	82821163	1140
cCREs83345	chr11	82857256	82857765	509
cCREs83391	chr11	83194398	83194912	514
cCREs83461	chr11	83524244	83524745	501
cCREs83494	chr11	83651141	83651699	558
cCREs83529	chr11	83886833	83887334	501
cCREs83581	chr11	84132107	84132631	524
cCREs83740	chr11	85078632	85079133	501
cCREs83760	chr11	85253017	85253535	518
cCREs83761	chr11	85253613	85254119	506
cCREs83795	chr11	85461468	85461988	520
cCREs83828	chr11	85614929	85615887	958
cCREs84020	chr11	86674371	86675160	789
cCREs84181	chr11	87408305	87408806	501
cCREs84203	chr11	87580667	87581194	527
cCREs84367	chr11	88322288	88322825	537
cCREs84375	chr11	88362320	88363115	795
cCREs84385	chr11	88390258	88390759	501
cCREs84452	chr11	88546956	88547457	501
cCREs84499	chr11	88656652	88657541	889
cCREs84614	chr11	89152875	89154130	1255
cCREs84840	chr11	90137148	90137649	501
cCREs85085	chr11	91170844	91171345	501
cCREs85201	chr11	92041658	92042159	501
cCREs85255	chr11	92518094	92518595	501
cCREs85303	chr11	92952388	92953054	666
cCREs85502	chr11	93734624	93735125	501
cCREs85515	chr11	93786521	93787022	501
cCREs85774	chr11	94981442	94982134	692
cCREs85888	chr11	95415954	95416473	519
cCREs86156	chr11	96975456	96976463	1007
cCREs86247	chr11	97402745	97403246	501
cCREs86272	chr11	97471000	97471862	862
cCREs86351	chr11	97775026	97775527	501
cCREs86423	chr11	98023352	98023853	501
cCREs86615	chr11	98894104	98894632	528
cCREs86759	chr11	99535662	99536163	501
cCREs86793	chr11	99937798	99938299	501
cCREs86891	chr11	100389789	100390464	675
cCREs86901	chr11	100411771	100412306	535
cCREs86931	chr11	100582743	100583541	798
cCREs87030	chr11	101024869	101025370	501
cCREs87100	chr11	101261906	101262671	765
cCREs87314	chr11	102215167	102215668	501
cCREs87348	chr11	102365605	102366106	501
cCREs87402	chr11	102632449	102633158	709
cCREs87552	chr11	103243800	103244308	508
cCREs87902	chr11	104896887	104897388	501
cCREs88355	chr11	107035455	107035956	501
cCREs88862	chr11	108803106	108803607	501
cCREs88884	chr11	108889069	108889779	710
cCREs89130	chr11	109744588	109745109	521
cCREs89160	chr11	109852885	109853636	751
cCREs89298	chr11	110528000	110528501	501
cCREs89483	chr11	111533119	111533620	501
cCREs89514	chr11	111748187	111748712	525
cCREs89565	chr11	112037221	112037722	501
cCREs89627	chr11	112392825	112393326	501
cCREs89673	chr11	112613065	112613566	501
cCREs89840	chr11	113226286	113226811	525
cCREs90017	chr11	113745192	113745693	501
cCREs90218	chr11	114442052	114442553	501
cCREs90222	chr11	114452507	114453008	501
cCREs90286	chr11	114680135	114680684	549
cCREs90313	chr11	114766208	114766709	501
cCREs90371	chr11	115002833	115003334	501
cCREs90442	chr11	115310200	115310713	513
cCREs90460	chr11	115378082	115378583	501
cCREs90518	chr11	115615082	115615614	532
cCREs90547	chr11	115696315	115696847	532
cCREs90714	chr11	116477102	116477620	518
cCREs90778	chr11	116695125	116695939	814
cCREs91059	chr11	117644714	117645223	509
cCREs91202	chr11	118123536	118124051	515
cCREs91225	chr11	118199046	118199547	501
cCREs91250	chr11	118287894	118288395	501
cCREs91279	chr11	118366001	118366733	732
cCREs91287	chr11	118417746	118418247	501
cCREs91658	chr11	119724604	119725164	560
cCREs91764	chr11	120002928	120004140	1212
cCREs91778	chr11	120032754	120033260	506
cCREs91792	chr11	120077908	120078455	547
cCREs91888	chr11	120416488	120417188	700
cCREs91964	chr11	120821023	120821537	514
cCREs92014	chr11	121100904	121101405	501
cCREs92115	chr11	121599275	121599776	501
cCREs92191	chr12	3300946	3301447	501
cCREs92280	chr12	3703433	3704164	731
cCREs92335	chr12	3864998	3865499	501
cCREs92340	chr12	3872490	3873321	831
cCREs92466	chr12	4319391	4319916	525
cCREs92482	chr12	4393380	4393881	501
cCREs92549	chr12	4682584	4683285	701
cCREs92756	chr12	5389819	5390365	546
cCREs92772	chr12	5440466	5441336	870
cCREs92788	chr12	5501426	5501927	501
cCREs92829	chr12	5707187	5707688	501
cCREs93204	chr12	7737342	7737843	501
cCREs93235	chr12	7856413	7856914	501
cCREs93272	chr12	8086905	8087406	501
cCREs93403	chr12	8561359	8561876	517
cCREs93433	chr12	8766405	8766906	501
cCREs93436	chr12	8779758	8780289	531
cCREs93543	chr12	9201728	9202246	518
cCREs93650	chr12	9878215	9878716	501
cCREs93651	chr12	9880814	9881328	514
cCREs93674	chr12	9986437	9986963	526
cCREs93743	chr12	10426114	10426647	533
cCREs93745	chr12	10435768	10436297	529
cCREs93773	chr12	10553020	10553521	501
cCREs93806	chr12	10681989	10682490	501
cCREs93871	chr12	11041156	11041657	501
cCREs94171	chr12	12259188	12259722	534
cCREs94285	chr12	12592723	12593263	540
cCREs94320	chr12	12724924	12725619	695
cCREs94328	chr12	12768554	12769094	540
cCREs94339	chr12	12812490	12812996	506
cCREs94490	chr12	13402016	13402517	501
cCREs94494	chr12	13410034	13410535	501
cCREs94496	chr12	13416891	13417392	501
cCREs94500	chr12	13439234	13440217	983
cCREs94576	chr12	13692013	13692699	686
cCREs94782	chr12	14867013	14867514	501
cCREs94860	chr12	15413461	15413962	501
cCREs94960	chr12	15814062	15814563	501
cCREs94979	chr12	15899483	15899984	501
cCREs95036	chr12	16146746	16147247	501
cCREs95063	chr12	16219106	16219607	501
cCREs95232	chr12	16878499	16879000	501
cCREs95312	chr12	17171219	17171720	501
cCREs95345	chr12	17268923	17269590	667
cCREs95358	chr12	17333947	17334448	501
cCREs95507	chr12	21059670	21060177	507
cCREs95591	chr12	21350139	21350650	511
cCREs95603	chr12	21408144	21408882	738
cCREs95614	chr12	21456994	21457510	516
cCREs95636	chr12	21610139	21610642	503
cCREs95686	chr12	24632075	24632576	501
cCREs95696	chr12	24684418	24684919	501
cCREs95734	chr12	24840854	24841355	501
cCREs95746	chr12	24868757	24869262	505
cCREs95865	chr12	25250775	25251286	511
cCREs96196	chr12	26671247	26671748	501
cCREs96438	chr12	27968326	27969039	713
cCREs96514	chr12	28351325	28351826	501
cCREs96572	chr12	28592684	28593204	520
cCREs97140	chr12	30404233	30404734	501
cCREs97196	chr12	30634037	30634538	501
cCREs97202	chr12	30676388	30676908	520
cCREs97662	chr12	32670124	32670625	501
cCREs97726	chr12	32943930	32944457	527
cCREs97746	chr12	32999204	32999709	505
cCREs97951	chr12	33860771	33861480	709
cCREs97963	chr12	33976708	33977209	501
cCREs98005	chr12	34198289	34199043	754
cCREs98082	chr12	34530024	34530532	508
cCREs98183	chr12	34896455	34896956	501
cCREs98203	chr12	34993226	34993727	501
cCREs98225	chr12	35077824	35078325	501
cCREs98247	chr12	35176808	35177309	501
cCREs98273	chr12	35243456	35243967	511
cCREs98298	chr12	35326833	35327334	501
cCREs98467	chr12	36114283	36114784	501
cCREs98474	chr12	36138270	36138771	501
cCREs98508	chr12	36291188	36291781	593
cCREs98520	chr12	36344085	36344594	509
cCREs98546	chr12	36495386	36495887	501
cCREs98562	chr12	36570890	36571521	631
cCREs98677	chr12	37264197	37264844	647
cCREs98757	chr12	37695212	37695713	501
cCREs98921	chr12	38469956	38470457	501
cCREs99106	chr12	39384153	39384654	501
cCREs99146	chr12	39689062	39689951	889
cCREs99409	chr12	40591362	40591863	501
cCREs99414	chr12	40599932	40600433	501
cCREs99419	chr12	40609168	40609969	801
cCREs99421	chr12	40617424	40617925	501
cCREs99429	chr12	40647472	40648011	539
cCREs99507	chr12	40849689	40850190	501
cCREs99597	chr12	41261759	41262260	501
cCREs99612	chr12	41331214	41331715	501
cCREs99779	chr12	42062007	42062543	536
cCREs99823	chr12	42404028	42404529	501
cCREs99924	chr12	43268835	43269336	501
cCREs99984	chr12	43758740	43759263	523
cCREs100006	chr12	43833687	43834500	813
cCREs100127	chr12	44382743	44383244	501
cCREs100231	chr12	44895048	44895724	676
cCREs100240	chr12	44919466	44920097	631
cCREs100384	chr12	45580742	45581243	501
cCREs100453	chr12	45986200	45986701	501
cCREs100681	chr12	47481923	47482426	503
cCREs100794	chr12	48800292	48800793	501
cCREs100812	chr12	48971653	48972164	511
cCREs100872	chr12	49479129	49479630	501
cCREs100882	chr12	49519423	49519924	501
cCREs100889	chr12	49596998	49597499	501
cCREs100896	chr12	49670482	49670983	501
cCREs101138	chr12	50845935	50846436	501
cCREs101205	chr12	51092706	51093207	501
cCREs101261	chr12	51385043	51385549	506
cCREs101388	chr12	51986642	51987143	501
cCREs101411	chr12	52090471	52090972	501
cCREs101450	chr12	52301041	52301547	506
cCREs101537	chr12	52705309	52705810	501
cCREs101543	chr12	52728247	52728748	501
cCREs101629	chr12	52945487	52945988	501
cCREs101676	chr12	53096522	53097034	512
cCREs101713	chr12	53296739	53297240	501
cCREs101718	chr12	53307164	53307665	501
cCREs101839	chr12	53799694	53800195	501
cCREs101840	chr12	53800247	53800748	501
cCREs101887	chr12	53984051	53984552	501
cCREs102111	chr12	55341017	55341909	892
cCREs102188	chr12	55611441	55611989	548
cCREs102362	chr12	56557293	56557813	520
cCREs102368	chr12	56610043	56610574	531
cCREs102489	chr12	57572747	57573248	501
cCREs102494	chr12	57658443	57658944	501
cCREs102497	chr12	57688740	57689241	501
cCREs102579	chr12	58204869	58205370	501
cCREs102662	chr12	58624911	58625412	501
cCREs102725	chr12	58900050	58900551	501
cCREs102778	chr12	59145238	59145739	501
cCREs102940	chr12	59964348	59964849	501
cCREs102975	chr12	60250587	60251267	680
cCREs103075	chr12	61332155	61332656	501
cCREs103156	chr12	61847722	61848234	512
cCREs103225	chr12	62639634	62640135	501
cCREs103503	chr12	64949190	64949691	501
cCREs103504	chr12	64958230	64958731	501
cCREs103512	chr12	65001767	65002268	501
cCREs103651	chr12	65943301	65943803	502
cCREs103686	chr12	66288483	66289231	748
cCREs103736	chr12	66596156	66596657	501
cCREs103871	chr12	67176996	67177497	501
cCREs103888	chr12	67267317	67267818	501
cCREs103949	chr12	67904445	67905141	696
cCREs104004	chr12	68341481	68341982	501
cCREs104073	chr12	68731816	68732317	501
cCREs104102	chr12	68875277	68875778	501
cCREs104218	chr12	69510893	69511394	501
cCREs104234	chr12	69599803	69600304	501
cCREs104543	chr12	70637224	70637729	505
cCREs104573	chr12	70721841	70722342	501
cCREs104579	chr12	70734344	70735095	751
cCREs104649	chr12	70975981	70976741	760
cCREs104704	chr12	71273975	71274476	501
cCREs104769	chr12	71453115	71453616	501
cCREs104789	chr12	71525489	71526006	517
cCREs104812	chr12	71575117	71575728	611
cCREs104817	chr12	71582765	71583266	501
cCREs104880	chr12	71820187	71820688	501
cCREs105101	chr12	72681401	72681902	501
cCREs105116	chr12	72756942	72757443	501
cCREs105130	chr12	72835161	72835698	537
cCREs105184	chr12	73294152	73294660	508
cCREs105195	chr12	73328960	73329461	501
cCREs105355	chr12	73884071	73884577	506
cCREs105447	chr12	74289184	74289709	525
cCREs105451	chr12	74297285	74297825	540
cCREs105989	chr12	76549528	76550034	506
cCREs105999	chr12	76576116	76576617	501
cCREs106188	chr12	77372177	77372678	501
cCREs106355	chr12	78043738	78044239	501
cCREs106361	chr12	78069498	78070038	540
cCREs106412	chr12	78312767	78313555	788
cCREs106475	chr12	78820345	78820846	501
cCREs106566	chr12	79235606	79236123	517
cCREs106569	chr12	79251570	79252098	528
cCREs106650	chr12	79641454	79642492	1038
cCREs106759	chr12	79964137	79964638	501
cCREs106877	chr12	80338590	80339119	529
cCREs106942	chr12	80594124	80594981	857
cCREs107123	chr12	81276772	81277321	549
cCREs107231	chr12	81863553	81864054	501
cCREs107506	chr12	82938607	82939108	501
cCREs107699	chr12	83703926	83704435	509
cCREs107772	chr12	84012731	84013232	501
cCREs107842	chr12	84376088	84376605	517
cCREs107847	chr12	84404446	84404951	505
cCREs107902	chr12	84716297	84716842	545
cCREs107982	chr12	85083491	85083992	501
cCREs108020	chr12	85206721	85207236	515
cCREs108067	chr12	85379938	85380621	683
cCREs108082	chr12	85480759	85481260	501
cCREs108090	chr12	85518793	85519357	564
cCREs108169	chr12	85789911	85790412	501
cCREs108194	chr12	85904412	85904913	501
cCREs108227	chr12	85991315	85991816	501
cCREs108290	chr12	86155174	86155684	510
cCREs108311	chr12	86243757	86244258	501
cCREs108581	chr12	87348027	87348552	525
cCREs108687	chr12	88553300	88553801	501
cCREs108710	chr12	88706798	88707299	501
cCREs109196	chr12	90410654	90411478	824
cCREs109225	chr12	90632689	90633190	501
cCREs109230	chr12	90647099	90647600	501
cCREs109236	chr12	90708174	90708679	505
cCREs109241	chr12	90735239	90735740	501
cCREs109333	chr12	91226518	91227038	520
cCREs109362	chr12	91376579	91377080	501
cCREs109381	chr12	91525144	91525807	663
cCREs109419	chr12	91695655	91696194	539
cCREs109436	chr12	91751440	91751941	501
cCREs109449	chr12	91805325	91805972	647
cCREs109657	chr12	92879575	92880076	501
cCREs109787	chr12	93745154	93745683	529
cCREs109841	chr12	94180395	94180896	501
cCREs109908	chr12	94623919	94624420	501
cCREs109934	chr12	94829615	94830116	501
cCREs110212	chr12	96589724	96590423	699
cCREs110281	chr12	97119346	97119912	566
cCREs110347	chr12	97429460	97429961	501
cCREs110415	chr12	97787153	97787654	501
cCREs110422	chr12	97807188	97808064	876
cCREs110447	chr12	97920055	97920556	501
cCREs110569	chr12	98353709	98354210	501
cCREs110605	chr12	98532760	98533261	501
cCREs110636	chr12	98673063	98673564	501
cCREs110716	chr12	98940855	98941356	501
cCREs110794	chr12	99209721	99210222	501
cCREs110823	chr12	99274521	99275022	501
cCREs110828	chr12	99294488	99295235	747
cCREs110851	chr12	99348929	99349430	501
cCREs110868	chr12	99380075	99380649	574
cCREs110883	chr12	99427026	99427536	510
cCREs110957	chr12	99739315	99739853	538
cCREs111027	chr12	99981530	99982036	506
cCREs111068	chr12	100099124	100099625	501
cCREs111183	chr12	100411319	100411820	501
cCREs111229	chr12	100541140	100541641	501
cCREs111340	chr12	100956666	100957177	511
cCREs111601	chr12	102432077	102432787	710
cCREs111694	chr12	102702352	102702853	501
cCREs111835	chr12	103249436	103249937	501
cCREs111838	chr12	103254614	103255369	755
cCREs112110	chr12	104754137	104754656	519
cCREs112121	chr12	104809418	104809944	526
cCREs112142	chr12	104867303	104868276	973
cCREs112168	chr12	104933192	104933963	771
cCREs112234	chr12	105261347	105261848	501
cCREs112266	chr12	105378343	105378844	501
cCREs112269	chr12	105394508	105395164	656
cCREs112370	chr12	105730702	105731466	764
cCREs112562	chr12	106414793	106415385	592
cCREs112709	chr12	107084261	107084762	501
cCREs112768	chr12	107444601	107445142	541
cCREs112792	chr12	107596400	107596901	501
cCREs112806	chr12	107678928	107679429	501
cCREs112823	chr12	107736755	107737256	501
cCREs112881	chr12	107932353	107932866	513
cCREs113057	chr12	108455604	108456105	501
cCREs113159	chr12	108854503	108855004	501
cCREs113160	chr12	108856086	108856633	547
cCREs113540	chr12	110790554	110791598	1044
cCREs113543	chr12	110800120	110800621	501
cCREs113552	chr12	110822216	110822732	516
cCREs113572	chr12	110902882	110903416	534
cCREs113574	chr12	110909055	110909574	519
cCREs113644	chr12	111248228	111248729	501
cCREs113759	chr12	111660219	111661095	876
cCREs113812	chr12	111808699	111809222	523
cCREs113901	chr12	112147248	112147777	529
cCREs114021	chr12	112581647	112582154	507
cCREs114142	chr12	112994873	112995374	501
cCREs114150	chr12	113019244	113019745	501
cCREs114212	chr12	113226445	113226946	501
cCREs114279	chr12	116299356	116299857	501
cCREs114323	chr12	116482559	116483060	501
cCREs114389	chr12	116713327	116713828	501
cCREs114397	chr12	116742667	116743168	501
cCREs114400	chr12	116747615	116748116	501
cCREs114506	chr12	117104873	117105488	615
cCREs114551	chr12	117218636	117219137	501
cCREs114749	chr12	117808520	117809039	519
cCREs114773	chr12	117935283	117935784	501
cCREs114783	chr12	118018955	118019467	512
cCREs114785	chr12	118024962	118025463	501
cCREs114859	chr12	118533287	118533924	637
cCREs114906	chr12	118829825	118830326	501
cCREs114934	chr12	119022030	119022592	562
cCREs114964	chr12	119168497	119168998	501
cCREs115043	chr12	119646914	119647431	517
cCREs115056	chr12	119863847	119864348	501
cCREs115127	chr13	3658184	3658685	501
cCREs115191	chr13	3932615	3933116	501
cCREs115308	chr13	5061241	5061751	510
cCREs115444	chr13	5782410	5782911	501
cCREs115596	chr13	6317137	6317638	501
cCREs115696	chr13	6644816	6645317	501
cCREs115804	chr13	7512954	7513455	501
cCREs115861	chr13	7995514	7996015	501
cCREs115892	chr13	8225282	8225795	513
cCREs115978	chr13	8565568	8566069	501
cCREs116029	chr13	8805209	8805721	512
cCREs116033	chr13	8819923	8820424	501
cCREs116050	chr13	8860785	8861425	640
cCREs116068	chr13	9031939	9032727	788
cCREs116131	chr13	9254553	9255069	516
cCREs116257	chr13	9679471	9679972	501
cCREs116294	chr13	9842298	9842799	501
cCREs116629	chr13	11490260	11491211	951
cCREs116690	chr13	11768863	11769364	501
cCREs116705	chr13	11820620	11821121	501
cCREs116735	chr13	11911850	11912638	788
cCREs116927	chr13	12606102	12606603	501
cCREs116958	chr13	13458391	13458892	501
cCREs116970	chr13	13484130	13484894	764
cCREs117069	chr13	13878293	13878794	501
cCREs117111	chr13	14147994	14148495	501
cCREs117181	chr13	14582477	14582978	501
cCREs117309	chr13	15541984	15542622	638
cCREs117366	chr13	15764164	15764665	501
cCREs117367	chr13	15773350	15773851	501
cCREs117405	chr13	15969222	15969723	501
cCREs117422	chr13	16051340	16051876	536
cCREs117538	chr13	16748480	16748981	501
cCREs117544	chr13	16761275	16761883	608
cCREs117610	chr13	17115302	17115803	501
cCREs117660	chr13	17534881	17535382	501
cCREs117676	chr13	17702799	17703300	501
cCREs117689	chr13	17752271	17752772	501
cCREs117698	chr13	17843954	17844461	507
cCREs117738	chr13	18029636	18030152	516
cCREs118003	chr13	19109313	19109814	501
cCREs118126	chr13	19689860	19690361	501
cCREs118150	chr13	19840134	19840805	671
cCREs118170	chr13	19952200	19952701	501
cCREs118199	chr13	20087711	20088219	508
cCREs118221	chr13	20132731	20133232	501
cCREs118233	chr13	20157376	20158048	672
cCREs118234	chr13	20163012	20163992	980
cCREs118248	chr13	20194525	20195026	501
cCREs118256	chr13	20211038	20211539	501
cCREs118351	chr13	20468643	20469171	528
cCREs118442	chr13	20800718	20801219	501
cCREs118555	chr13	21433669	21434170	501
cCREs118761	chr13	23471285	23471809	524
cCREs118840	chr13	23840195	23840696	501
cCREs118885	chr13	23996830	23997549	719
cCREs118926	chr13	24132223	24132724	501
cCREs118940	chr13	24161386	24161887	501
cCREs118945	chr13	24170889	24171390	501
cCREs119021	chr13	24422096	24422597	501
cCREs119022	chr13	24425388	24425889	501
cCREs119217	chr13	25133323	25133824	501
cCREs119224	chr13	25149341	25149842	501
cCREs119387	chr13	25811981	25812482	501
cCREs119393	chr13	25844369	25844870	501
cCREs119406	chr13	25916556	25917057	501
cCREs119634	chr13	27259570	27260071	501
cCREs119655	chr13	27730264	27730765	501
cCREs119661	chr13	27838593	27839094	501
cCREs119680	chr13	28164852	28165353	501
cCREs119701	chr13	28382703	28383204	501
cCREs119745	chr13	28584698	28585429	731
cCREs120016	chr13	29546331	29547316	985
cCREs120035	chr13	29605327	29605828	501
cCREs120142	chr13	29958979	29959818	839
cCREs120189	chr13	30128379	30128935	556
cCREs120493	chr13	31425828	31426344	516
cCREs120525	chr13	31569862	31570363	501
cCREs120556	chr13	31765311	31765812	501
cCREs120602	chr13	31915676	31916194	518
cCREs120638	chr13	32048363	32048888	525
cCREs120672	chr13	32193355	32193856	501
cCREs120918	chr13	33963069	33963570	501
cCREs121007	chr13	34259437	34259938	501
cCREs121026	chr13	34299244	34300318	1074
cCREs121050	chr13	34360266	34361086	820
cCREs121073	chr13	34441243	34442051	808
cCREs121100	chr13	34566667	34567168	501
cCREs121116	chr13	34631470	34631971	501
cCREs121192	chr13	34956357	34956858	501
cCREs121340	chr13	35761869	35762370	501
cCREs121349	chr13	35785728	35786229	501
cCREs121352	chr13	35789164	35789938	774
cCREs121370	chr13	35839399	35839900	501
cCREs121840	chr13	37619657	37620357	700
cCREs122052	chr13	38599817	38600318	501
cCREs122176	chr13	39171514	39172015	501
cCREs122186	chr13	39266202	39266745	543
cCREs122208	chr13	39402150	39402651	501
cCREs122380	chr13	40760731	40761232	501
cCREs122440	chr13	41016942	41017482	540
cCREs122591	chr13	41644517	41645403	886
cCREs122686	chr13	41994023	41994602	579
cCREs122752	chr13	42274782	42275283	501
cCREs122778	chr13	42395055	42395713	658
cCREs122809	chr13	42533423	42533924	501
cCREs122811	chr13	42540079	42540620	541
cCREs122843	chr13	42666348	42667310	962
cCREs122958	chr13	42989530	42990041	511
cCREs123016	chr13	43115655	43116648	993
cCREs123173	chr13	43646639	43647140	501
cCREs123216	chr13	43777302	43778124	822
cCREs123229	chr13	43814942	43815499	557
cCREs123271	chr13	43968650	43969151	501
cCREs123332	chr13	44213592	44214097	505
cCREs123468	chr13	44802895	44803396	501
cCREs123942	chr13	46327126	46327627	501
cCREs123955	chr13	46370683	46371184	501
cCREs123956	chr13	46373488	46373989	501
cCREs124236	chr13	47390984	47391485	501
cCREs124337	chr13	48013227	48013728	501
cCREs124392	chr13	48317329	48317841	512
cCREs124518	chr13	48915920	48916421	501
cCREs124646	chr13	49345406	49346137	731
cCREs124647	chr13	49346711	49347212	501
cCREs124685	chr13	49463306	49463988	682
cCREs124703	chr13	49522223	49522724	501
cCREs124731	chr13	49683895	49684697	802
cCREs124797	chr13	50959040	50959541	501
cCREs124855	chr13	51238868	51239369	501
cCREs124870	chr13	51305646	51306325	679
cCREs125009	chr13	51769685	51770335	650
cCREs125012	chr13	51772388	51772903	515
cCREs125033	chr13	51835006	51835507	501
cCREs125090	chr13	52037152	52037653	501
cCREs125195	chr13	52423378	52423879	501
cCREs125212	chr13	52465825	52466326	501
cCREs125361	chr13	53017979	53018490	511
cCREs125412	chr13	53252125	53252626	501
cCREs125685	chr13	54263904	54264409	505
cCREs125702	chr13	54300497	54300998	501
cCREs125815	chr13	54720978	54721479	501
cCREs125911	chr13	55047446	55047947	501
cCREs126055	chr13	55874692	55875193	501
cCREs126088	chr13	56066053	56066554	501
cCREs126113	chr13	56138731	56139232	501
cCREs126342	chr13	57031195	57031715	520
cCREs126775	chr13	58742720	58743221	501
cCREs126776	chr13	58745516	58746017	501
cCREs126854	chr13	59026975	59027476	501
cCREs126960	chr13	59380692	59381198	506
cCREs126986	chr13	59458204	59458705	501
cCREs127002	chr13	59493939	59494440	501
cCREs127015	chr13	59546013	59546724	711
cCREs127018	chr13	59552150	59552673	523
cCREs127020	chr13	59562967	59563746	779
cCREs127055	chr13	59708179	59708680	501
cCREs127107	chr13	59900966	59901467	501
cCREs127182	chr13	60231265	60231830	565
cCREs127272	chr13	60598884	60599385	501
cCREs127380	chr13	62849096	62849597	501
cCREs127401	chr13	62927536	62928050	514
cCREs127437	chr13	63072266	63072858	592
cCREs127500	chr13	63244554	63245058	504
cCREs127603	chr13	63615022	63615523	501
cCREs127643	chr13	63871775	63872540	765
cCREs127697	chr13	64159777	64160278	501
cCREs127701	chr13	64172038	64172715	677
cCREs127738	chr13	64345839	64346340	501
cCREs127739	chr13	64351731	64352232	501
cCREs127746	chr13	64374952	64375453	501
cCREs127755	chr13	64412616	64413117	501
cCREs127829	chr13	65035006	65035522	516
cCREs127831	chr13	65098227	65098760	533
cCREs127843	chr13	66925534	66926035	501
cCREs127862	chr13	67076405	67076906	501
cCREs127868	chr13	67133644	67134145	501
cCREs128106	chr13	69185625	69186126	501
cCREs128223	chr13	69544971	69545490	519
cCREs128243	chr13	69630701	69631689	988
cCREs128487	chr13	70595601	70596102	501
cCREs128501	chr13	70648766	70649267	501
cCREs128605	chr13	71083915	71084690	775
cCREs128612	chr13	71122282	71122783	501
cCREs128757	chr13	72033180	72033688	508
cCREs128811	chr13	72353579	72354292	713
cCREs128947	chr13	73335489	73335990	501
cCREs129016	chr13	73641929	73642431	502
cCREs129081	chr13	73900584	73901092	508
cCREs129083	chr13	73905959	73906460	501
cCREs129105	chr13	74011206	74011707	501
cCREs129109	chr13	74019824	74020343	519
cCREs129345	chr13	75744987	75745522	535
cCREs129409	chr13	75994176	75994677	501
cCREs129672	chr13	77107984	77108520	536
cCREs129753	chr13	77710521	77711022	501
cCREs129840	chr13	78249085	78249586	501
cCREs130063	chr13	80233141	80233642	501
cCREs130142	chr13	80901696	80902549	853
cCREs130174	chr13	81034723	81035238	515
cCREs130207	chr13	81172577	81173098	521
cCREs130223	chr13	81237889	81238452	563
cCREs130260	chr13	81392699	81393555	856
cCREs130309	chr13	81636861	81637362	501
cCREs130336	chr13	81757000	81757501	501
cCREs130382	chr13	81955565	81956066	501
cCREs130755	chr13	83786690	83787275	585
cCREs130782	chr13	83911105	83911954	849
cCREs130832	chr13	84226498	84226999	501
cCREs130861	chr13	84361271	84361772	501
cCREs130974	chr13	85111423	85111942	519
cCREs131008	chr13	85330764	85331265	501
cCREs131035	chr13	85458474	85458975	501
cCREs131162	chr13	86785750	86786450	700
cCREs131214	chr13	87675215	87675716	501
cCREs131228	chr13	87988580	87989093	513
cCREs131308	chr13	88809516	88810017	501
cCREs131450	chr13	89467196	89467714	518
cCREs131608	chr13	90240499	90241013	514
cCREs131750	chr13	90952366	90952867	501
cCREs131872	chr13	91485650	91486151	501
cCREs131934	chr13	91714671	91715172	501
cCREs131978	chr13	91901061	91901733	672
cCREs132140	chr13	92556646	92557148	502
cCREs132171	chr13	92664847	92665367	520
cCREs132173	chr13	92671823	92672746	923
cCREs132174	chr13	92672892	92673401	509
cCREs132256	chr13	92965244	92965745	501
cCREs132353	chr13	93293394	93293895	501
cCREs132371	chr13	93375046	93375547	501
cCREs132404	chr13	93464783	93465298	515
cCREs132443	chr13	93640442	93640943	501
cCREs132543	chr13	94022941	94023622	681
cCREs132649	chr13	94403356	94403857	501
cCREs132674	chr13	94499373	94500305	932
cCREs132675	chr13	94500321	94500822	501
cCREs132678	chr13	94507437	94507938	501
cCREs132775	chr13	95047358	95047859	501
cCREs133373	chr13	97315794	97316295	501
cCREs133404	chr13	97424734	97425235	501
cCREs133512	chr13	97736268	97736769	501
cCREs133573	chr13	97912953	97913664	711
cCREs133593	chr13	97973019	97973819	800
cCREs133599	chr13	97995655	97996156	501
cCREs133619	chr13	98047807	98048308	501
cCREs133621	chr13	98054167	98054668	501
cCREs133625	chr13	98063410	98063911	501
cCREs133631	chr13	98080319	98080838	519
cCREs133632	chr13	98090465	98090980	515
cCREs133640	chr13	98106603	98107104	501
cCREs133849	chr13	98947671	98948172	501
cCREs133967	chr13	99326782	99327301	519
cCREs134300	chr13	100808096	100808597	501
cCREs134485	chr13	101601425	101601926	501
cCREs134860	chr13	103031937	103032458	521
cCREs135045	chr13	103824567	103825091	524
cCREs135054	chr13	103915531	103916045	514
cCREs135078	chr13	104017155	104017656	501
cCREs135128	chr13	104165337	104165838	501
cCREs135211	chr13	104627979	104628505	526
cCREs135388	chr13	105242030	105242531	501
cCREs135598	chr13	106397784	106398285	501
cCREs135688	chr13	106818114	106818615	501
cCREs135717	chr13	106914247	106914748	501
cCREs135722	chr13	106932002	106932503	501
cCREs135723	chr13	106933268	106933777	509
cCREs135730	chr13	106963742	106964251	509
cCREs135812	chr13	107274192	107274693	501
cCREs136038	chr13	108089731	108090260	529
cCREs136073	chr13	108220431	108220932	501
cCREs136074	chr13	108222368	108223317	949
cCREs136084	chr13	108251531	108252032	501
cCREs136095	chr13	108280470	108280971	501
cCREs136096	chr13	108281024	108281525	501
cCREs136176	chr13	108557777	108558290	513
cCREs136191	chr13	108623867	108624368	501
cCREs136410	chr13	109522273	109522783	510
cCREs136449	chr13	109643188	109643689	501
cCREs136469	chr13	109687381	109687882	501
cCREs136532	chr13	109881393	109881894	501
cCREs136721	chr13	110467915	110468416	501
cCREs136738	chr13	110538104	110538647	543
cCREs136813	chr13	110774143	110774644	501
cCREs136981	chr13	111381004	111381521	517
cCREs136995	chr13	111475227	111476094	867
cCREs137113	chr13	112097647	112098148	501
cCREs137131	chr13	112164929	112165430	501
cCREs137233	chr13	112516512	112517013	501
cCREs137257	chr13	112618330	112618831	501
cCREs137297	chr13	112795268	112795769	501
cCREs137402	chr13	113334464	113335217	753
cCREs137405	chr13	113340544	113341479	935
cCREs137462	chr13	113538858	113539359	501
cCREs137659	chr13	114127674	114128175	501
cCREs137701	chr13	114329592	114330093	501
cCREs137748	chr13	114581980	114582481	501
cCREs137773	chr13	114730186	114730687	501
cCREs137805	chr13	114876191	114877014	823
cCREs137820	chr13	114951133	114951651	518
cCREs137871	chr13	115126201	115126702	501
cCREs137908	chr13	115310518	115311019	501
cCREs137923	chr13	115374222	115374723	501
cCREs137963	chr13	115685338	115685839	501
cCREs137979	chr13	115819756	115820257	501
cCREs138049	chr13	116382108	116382609	501
cCREs138152	chr13	116925746	116926247	501
cCREs138160	chr13	116948644	116949145	501
cCREs138173	chr13	116972872	116973397	525
cCREs138248	chr13	117269359	117270059	700
cCREs138642	chr13	119431595	119432096	501
cCREs138657	chr13	119652408	119652966	558
cCREs138665	chr13	119689066	119689567	501
cCREs138671	chr13	119703390	119703900	510
cCREs138781	chr14	7836873	7837479	606
cCREs138876	chr14	8113980	8114514	534
cCREs138923	chr14	8246651	8247152	501
cCREs138946	chr14	8327335	8328230	895
cCREs139133	chr14	9321461	9321974	513
cCREs139194	chr14	9581324	9581825	501
cCREs139224	chr14	9695327	9695828	501
cCREs139317	chr14	10152533	10153034	501
cCREs139371	chr14	10423386	10423901	515
cCREs139635	chr14	11680653	11681191	538
cCREs139760	chr14	12024206	12024737	531
cCREs139797	chr14	12120761	12121262	501
cCREs139987	chr14	12602853	12603388	535
cCREs140075	chr14	12870398	12870899	501
cCREs140140	chr14	13249948	13250449	501
cCREs140144	chr14	13259814	13260315	501
cCREs140211	chr14	13550398	13550899	501
cCREs140240	chr14	13669894	13670625	731
cCREs140389	chr14	14687192	14687747	555
cCREs140432	chr14	14916130	14916631	501
cCREs140462	chr14	15068535	15069036	501
cCREs140600	chr14	15882901	15883402	501
cCREs140620	chr14	16094779	16095280	501
cCREs140793	chr14	16922115	16922628	513
cCREs140801	chr14	16964053	16964560	507
cCREs140889	chr14	17522600	17523144	544
cCREs140905	chr14	17619790	17620291	501
cCREs141028	chr14	18037322	18037844	522
cCREs141075	chr14	18342273	18342808	535
cCREs141151	chr14	18780676	18781190	514
cCREs141174	chr14	18895213	18895729	516
cCREs141215	chr14	19732758	19733259	501
cCREs141245	chr14	19806536	19807037	501
cCREs141346	chr14	20145648	20146188	540
cCREs141367	chr14	20220898	20221399	501
cCREs141609	chr14	21303608	21304140	532
cCREs141646	chr14	21453667	21454382	715
cCREs141665	chr14	21540339	21540840	501
cCREs141760	chr14	21837914	21838415	501
cCREs141820	chr14	22168596	22169121	525
cCREs141877	chr14	22477308	22477809	501
cCREs141882	chr14	22515451	22516138	687
cCREs141980	chr14	23059077	23059578	501
cCREs142236	chr14	23866174	23866675	501
cCREs142284	chr14	23976900	23977438	538
cCREs142295	chr14	24016325	24016826	501
cCREs142316	chr14	24088677	24089178	501
cCREs142337	chr14	24161675	24162178	503
cCREs142377	chr14	24307131	24307660	529
cCREs142382	chr14	24374277	24374780	503
cCREs142396	chr14	24459598	24460099	501
cCREs142559	chr14	25066189	25066690	501
cCREs142560	chr14	25067679	25068180	501
cCREs142605	chr14	25203043	25203550	507
cCREs142662	chr14	25383259	25383880	621
cCREs142663	chr14	25387839	25388340	501
cCREs142671	chr14	25420334	25420864	530
cCREs142735	chr14	25597542	25598043	501
cCREs142848	chr14	26327715	26328216	501
cCREs142869	chr14	26451450	26452022	572
cCREs142893	chr14	26589336	26589837	501
cCREs142911	chr14	26780483	26781172	689
cCREs143031	chr14	27347240	27347824	584
cCREs143038	chr14	27366463	27366983	520
cCREs143043	chr14	27376023	27376539	516
cCREs143413	chr14	28649788	28650753	965
cCREs143444	chr14	28849349	28850059	710
cCREs143447	chr14	28871446	28871972	526
cCREs143504	chr14	29096485	29096986	501
cCREs143544	chr14	29236586	29237122	536
cCREs143605	chr14	29495836	29496396	560
cCREs143719	chr14	29885216	29885717	501
cCREs143744	chr14	29974293	29974794	501
cCREs143784	chr14	30110683	30111184	501
cCREs143921	chr14	30570345	30570846	501
cCREs143964	chr14	30681650	30682151	501
cCREs144014	chr14	30913932	30914441	509
cCREs144025	chr14	31010824	31011356	532
cCREs144134	chr14	31492390	31492891	501
cCREs144137	chr14	31504120	31505458	1338
cCREs144153	chr14	31587240	31587741	501
cCREs144166	chr14	31657363	31657879	516
cCREs144174	chr14	31671713	31672498	785
cCREs144260	chr14	32060085	32060586	501
cCREs144273	chr14	32125598	32126100	502
cCREs144364	chr14	32535333	32535891	558
cCREs144475	chr14	33038513	33039014	501
cCREs144477	chr14	33054435	33054966	531
cCREs144506	chr14	33186377	33186878	501
cCREs144582	chr14	33448634	33449135	501
cCREs144670	chr14	33765722	33766227	505
cCREs144715	chr14	33940142	33940643	501
cCREs144727	chr14	34016838	34017355	517
cCREs144730	chr14	34062749	34063388	639
cCREs144835	chr14	34545096	34545597	501
cCREs144861	chr14	34636446	34636947	501
cCREs144958	chr14	35026716	35027217	501
cCREs145113	chr14	35773238	35773740	502
cCREs145184	chr14	36273252	36273753	501
cCREs145299	chr14	36870911	36871412	501
cCREs145428	chr14	37569337	37569838	501
cCREs145517	chr14	38397516	38398017	501
cCREs145646	chr14	38930371	38930872	501
cCREs145687	chr14	39086055	39086978	923
cCREs145769	chr14	39404285	39404786	501
cCREs145785	chr14	39458792	39459293	501
cCREs145789	chr14	39481790	39482291	501
cCREs145954	chr14	40909494	40909995	501
cCREs146078	chr14	43991199	43991700	501
cCREs146146	chr14	44884100	44884820	720
cCREs146156	chr14	44957252	44957753	501
cCREs146234	chr14	45421356	45421857	501
cCREs146235	chr14	45422005	45422803	798
cCREs146311	chr14	45684187	45684688	501
cCREs146328	chr14	45784609	45785150	541
cCREs146367	chr14	45996577	45997133	556
cCREs146430	chr14	46365675	46366176	501
cCREs146582	chr14	47002562	47003063	501
cCREs146737	chr14	47699092	47699593	501
cCREs146761	chr14	47799599	47800100	501
cCREs146836	chr14	48093843	48094344	501
cCREs146938	chr14	48458836	48459747	911
cCREs146966	chr14	48584530	48585041	511
cCREs147040	chr14	49046709	49047495	786
cCREs147109	chr14	49374813	49375314	501
cCREs147222	chr14	49821495	49821996	501
cCREs147289	chr14	51054215	51055011	796
cCREs147359	chr14	51825362	51825863	501
cCREs147417	chr14	52084012	52084513	501
cCREs147463	chr14	52444751	52445252	501
cCREs147541	chr14	53808540	53809180	640
cCREs147556	chr14	53904567	53905068	501
cCREs147613	chr14	54119539	54120040	501
cCREs147662	chr14	54248318	54248819	501
cCREs147753	chr14	54727435	54727936	501
cCREs147846	chr14	55118770	55119284	514
cCREs147965	chr14	55644388	55644889	501
cCREs147968	chr14	55667760	55668261	501
cCREs148053	chr14	56230867	56231368	501
cCREs148102	chr14	56526726	56527227	501
cCREs148317	chr14	57712839	57713340	501
cCREs148542	chr14	58677166	58677667	501
cCREs148546	chr14	58697215	58697716	501
cCREs148574	chr14	58854724	58855225	501
cCREs148575	chr14	58858167	58858668	501
cCREs148614	chr14	59092619	59093346	727
cCREs148619	chr14	59141594	59142095	501
cCREs148765	chr14	59874280	59874782	502
cCREs148815	chr14	60094940	60095441	501
cCREs148916	chr14	60529925	60530430	505
cCREs148927	chr14	60563429	60563930	501
cCREs148929	chr14	60573449	60573950	501
cCREs149015	chr14	60850032	60850780	748
cCREs149038	chr14	60934598	60935099	501
cCREs149205	chr14	61748433	61748934	501
cCREs149253	chr14	61981919	61982454	535
cCREs149257	chr14	62001464	62002164	700
cCREs149289	chr14	62178388	62178889	501
cCREs149417	chr14	62744953	62745454	501
cCREs149447	chr14	62874122	62874769	647
cCREs149483	chr14	62991644	62992592	948
cCREs149502	chr14	63111686	63112351	665
cCREs149531	chr14	63286417	63286918	501
cCREs149543	chr14	63354968	63355469	501
cCREs149612	chr14	63638282	63638783	501
cCREs149639	chr14	63738585	63739086	501
cCREs149651	chr14	63760322	63760823	501
cCREs149829	chr14	64333838	64334359	521
cCREs149925	chr14	64605766	64606267	501
cCREs149945	chr14	64678671	64679194	523
cCREs149971	chr14	64756642	64757433	791
cCREs150128	chr14	65235193	65235694	501
cCREs150370	chr14	66166881	66167382	501
cCREs150546	chr14	66830427	66830950	523
cCREs150603	chr14	67021505	67022025	520
cCREs150664	chr14	67221197	67221698	501
cCREs150670	chr14	67256536	67257037	501
cCREs150875	chr14	68187269	68187770	501
cCREs150953	chr14	68499642	68500615	973
cCREs151065	chr14	69216201	69216702	501
cCREs151078	chr14	69693257	69693784	527
cCREs151099	chr14	69788485	69788993	508
cCREs151208	chr14	70166280	70167472	1192
cCREs151230	chr14	70221429	70222120	691
cCREs151290	chr14	70472916	70473440	524
cCREs151355	chr14	70686568	70687336	768
cCREs151407	chr14	70931631	70932409	778
cCREs151429	chr14	70991186	70992333	1147
cCREs151431	chr14	70996632	70997144	512
cCREs151432	chr14	70997237	70997738	501
cCREs151601	chr14	71945452	71945953	501
cCREs151751	chr14	72733406	72733946	540
cCREs151812	chr14	73006914	73007415	501
cCREs151816	chr14	73026552	73027071	519
cCREs151914	chr14	73405510	73406320	810
cCREs151954	chr14	73582130	73582631	501
cCREs152223	chr14	74713651	74714152	501
cCREs152311	chr14	74950120	74950621	501
cCREs152320	chr14	74994303	74995087	784
cCREs152359	chr14	75172452	75172997	545
cCREs152494	chr14	75684718	75685224	506
cCREs152506	chr14	75742406	75742907	501
cCREs152623	chr14	76115752	76116253	501
cCREs152688	chr14	76420623	76421175	552
cCREs152740	chr14	76562372	76562873	501
cCREs152805	chr14	76732400	76732901	501
cCREs153238	chr14	78116430	78116938	508
cCREs153330	chr14	78515520	78516021	501
cCREs153484	chr14	79077179	79077686	507
cCREs153840	chr14	80283534	80284205	671
cCREs153924	chr14	80651224	80651725	501
cCREs153936	chr14	80714932	80715491	559
cCREs153971	chr14	80943646	80944349	703
cCREs154196	chr14	83114323	83114824	501
cCREs154274	chr14	84119165	84119869	704
cCREs154311	chr14	84452331	84452832	501
cCREs154365	chr14	84683258	84683812	554
cCREs154371	chr14	84700166	84700667	501
cCREs154399	chr14	84984716	84985217	501
cCREs154503	chr14	85851766	85852267	501
cCREs154589	chr14	86292469	86292991	522
cCREs154658	chr14	86565094	86565798	704
cCREs154687	chr14	86680131	86680632	501
cCREs154692	chr14	86688390	86688891	501
cCREs154722	chr14	86767011	86767512	501
cCREs154723	chr14	86767668	86768169	501
cCREs154728	chr14	86798208	86798709	501
cCREs154873	chr14	87475055	87475556	501
cCREs154940	chr14	87761374	87761924	550
cCREs155050	chr14	88468118	88468619	501
cCREs155075	chr14	88604856	88605357	501
cCREs155166	chr14	89557383	89557884	501
cCREs155246	chr14	90402192	90402693	501
cCREs155270	chr14	90670333	90670838	505
cCREs155421	chr14	92312187	92312688	501
cCREs155466	chr14	92688105	92688644	539
cCREs155480	chr14	92804241	92804742	501
cCREs155505	chr14	93026613	93027288	675
cCREs155558	chr14	93200464	93200965	501
cCREs155575	chr14	93296784	93297285	501
cCREs155698	chr14	93767073	93767606	533
cCREs155713	chr14	93828601	93829198	597
cCREs155785	chr14	94292251	94292752	501
cCREs155792	chr14	94345000	94345517	517
cCREs155793	chr14	94345591	94346092	501
cCREs155795	chr14	94351863	94352378	515
cCREs155796	chr14	94353018	94353538	520
cCREs155879	chr14	95075359	95075860	501
cCREs155995	chr14	96066794	96067295	501
cCREs156112	chr14	97013190	97013691	501
cCREs156284	chr14	98401551	98402052	501
cCREs156293	chr14	98497692	98498199	507
cCREs156389	chr14	98992666	98993167	501
cCREs156502	chr14	99447746	99448247	501
cCREs156553	chr14	99613014	99613515	501
cCREs156566	chr14	99668170	99668687	517
cCREs156622	chr14	99871253	99871754	501
cCREs156625	chr14	99881422	99881923	501
cCREs156656	chr14	99962158	99962659	501
cCREs156663	chr14	99975399	99976048	649
cCREs156813	chr14	100608858	100609359	501
cCREs156958	chr14	101292639	101293159	520
cCREs156986	chr14	101395349	101395851	502
cCREs157153	chr14	101963851	101964352	501
cCREs157437	chr14	103272786	103273287	501
cCREs157577	chr14	103793234	103793868	634
cCREs157601	chr14	103914901	103915402	501
cCREs157636	chr14	104148417	104148918	501
cCREs157649	chr14	104233289	104233790	501
cCREs157669	chr14	104398371	104398872	501
cCREs157671	chr14	104416283	104416784	501
cCREs157726	chr14	104780600	104781101	501
cCREs157772	chr14	105109485	105109986	501
cCREs157803	chr14	105269143	105269644	501
cCREs157998	chr14	106170743	106171244	501
cCREs158079	chr14	106785032	106785533	501
cCREs158083	chr14	106804143	106804644	501
cCREs158307	chr14	108704929	108705430	501
cCREs158382	chr14	109155076	109155577	501
cCREs158402	chr14	109267775	109268276	501
cCREs158432	chr14	109539319	109540103	784
cCREs158560	chr14	110566323	110566853	530
cCREs158564	chr14	110619306	110619993	687
cCREs158612	chr14	110924204	110924705	501
cCREs158646	chr14	111207595	111208096	501
cCREs158669	chr14	111308411	111308912	501
cCREs158730	chr14	111647416	111647917	501
cCREs158731	chr14	111647999	111648500	501
cCREs158739	chr14	111682756	111683257	501
cCREs158910	chr14	113213894	113214494	600
cCREs159087	chr14	114489897	114490398	501
cCREs159206	chr14	115026132	115026633	501
cCREs159249	chr14	115327661	115328162	501
cCREs159342	chr14	115792506	115793007	501
cCREs159386	chr14	116000866	116001367	501
cCREs159669	chr14	117514529	117515270	741
cCREs159687	chr14	117592475	117592976	501
cCREs159702	chr14	117648110	117648906	796
cCREs159844	chr14	118120340	118121110	770
cCREs159880	chr14	118344253	118344754	501
cCREs159888	chr14	118398418	118399224	806
cCREs159916	chr14	118528071	118528572	501
cCREs159921	chr14	118562227	118562728	501
cCREs159944	chr14	118642103	118642604	501
cCREs159974	chr14	118731926	118732427	501
cCREs160033	chr14	118944270	118944771	501
cCREs160292	chr14	119968130	119968722	592
cCREs160397	chr14	120332243	120332744	501
cCREs160451	chr14	120482215	120482716	501
cCREs160456	chr14	120493245	120493746	501
cCREs160457	chr14	120493911	120494412	501
cCREs160461	chr14	120506741	120507286	545
cCREs160497	chr14	120664767	120665268	501
cCREs160567	chr14	120919705	120920206	501
cCREs160656	chr14	121174429	121174935	506
cCREs160718	chr14	121330654	121331470	816
cCREs160765	chr14	121484657	121485158	501
cCREs160767	chr14	121489619	121490120	501
cCREs160783	chr14	121538840	121539341	501
cCREs160915	chr14	121924895	121925431	536
cCREs160933	chr14	121968831	121969332	501
cCREs160936	chr14	121985364	121985899	535
cCREs160945	chr14	122005045	122005546	501
cCREs161084	chr14	122645306	122645807	501
cCREs161105	chr14	122738279	122738780	501
cCREs161139	chr14	122870232	122871235	1003
cCREs161151	chr14	122894707	122895208	501
cCREs161203	chr14	123157698	123158199	501
cCREs161251	chr14	123331724	123332757	1033
cCREs161423	chr14	124305229	124305730	501
cCREs161504	chr15	3353314	3354119	805
cCREs161595	chr15	3986350	3986851	501
cCREs161604	chr15	4039721	4040249	528
cCREs161610	chr15	4051373	4051874	501
cCREs161615	chr15	4059110	4059734	624
cCREs161807	chr15	5181519	5182020	501
cCREs161814	chr15	5217165	5217672	507
cCREs161822	chr15	5239279	5239780	501
cCREs161900	chr15	5849680	5850181	501
cCREs161943	chr15	6184462	6184963	501
cCREs161969	chr15	6340395	6340896	501
cCREs162025	chr15	6619839	6620340	501
cCREs162032	chr15	6637623	6638124	501
cCREs162053	chr15	6722546	6723252	706
cCREs162074	chr15	6801338	6801839	501
cCREs162100	chr15	6933103	6933604	501
cCREs162115	chr15	6989024	6989558	534
cCREs162200	chr15	7260082	7260972	890
cCREs162325	chr15	7980727	7981228	501
cCREs162358	chr15	8135298	8135799	501
cCREs162361	chr15	8194784	8195285	501
cCREs162419	chr15	8564328	8564829	501
cCREs162428	chr15	8598843	8599344	501
cCREs162473	chr15	8763025	8763574	549
cCREs162475	chr15	8775956	8776481	525
cCREs162636	chr15	9822827	9823328	501
cCREs162698	chr15	10279363	10279864	501
cCREs162716	chr15	10339657	10340197	540
cCREs162719	chr15	10372353	10372901	548
cCREs162751	chr15	10480952	10481453	501
cCREs162832	chr15	10768887	10769388	501
cCREs162944	chr15	11220120	11220621	501
cCREs162960	chr15	11280322	11280823	501
cCREs162981	chr15	11327904	11328405	501
cCREs163196	chr15	12184850	12185351	501
cCREs163285	chr15	12444541	12445042	501
cCREs163323	chr15	12540857	12541358	501
cCREs163475	chr15	13038978	13039479	501
cCREs163545	chr15	13273429	13273930	501
cCREs163637	chr15	13822855	13823601	746
cCREs163709	chr15	14458740	14459241	501
cCREs164041	chr15	17447824	17448641	817
cCREs164042	chr15	17463340	17463868	528
cCREs164118	chr15	18123202	18123703	501
cCREs164153	chr15	18392550	18393051	501
cCREs164223	chr15	18876849	18877350	501
cCREs164239	chr15	18929353	18929897	544
cCREs164253	chr15	18969823	18970324	501
cCREs164417	chr15	20493750	20494251	501
cCREs164762	chr15	23128426	23128927	501
cCREs164834	chr15	23600401	23600921	520
cCREs165074	chr15	25175789	25176290	501
cCREs165108	chr15	25332122	25332623	501
cCREs165192	chr15	25599079	25599587	508
cCREs165353	chr15	26044779	26045280	501
cCREs165407	chr15	26336278	26336779	501
cCREs165415	chr15	26353498	26353999	501
cCREs165421	chr15	26367129	26367630	501
cCREs165652	chr15	27438839	27439340	501
cCREs165672	chr15	27492726	27493227	501
cCREs165842	chr15	27838164	27838665	501
cCREs165895	chr15	27925691	27926893	1202
cCREs165943	chr15	28037408	28037909	501
cCREs165975	chr15	28191994	28192495	501
cCREs165994	chr15	28292153	28292654	501
cCREs165995	chr15	28297122	28297623	501
cCREs166007	chr15	28363402	28363904	502
cCREs166084	chr15	28858549	28859659	1110
cCREs166101	chr15	28987396	28987897	501
cCREs166109	chr15	29032755	29033260	505
cCREs166181	chr15	29706419	29706920	501
cCREs166224	chr15	29993942	29994443	501
cCREs166308	chr15	30420814	30421315	501
cCREs166338	chr15	30504209	30504710	501
cCREs166385	chr15	30644002	30644503	501
cCREs166483	chr15	30929614	30930115	501
cCREs166528	chr15	31093351	31093852	501
cCREs166536	chr15	31111604	31112105	501
cCREs166612	chr15	31334885	31335386	501
cCREs166873	chr15	32309042	32309543	501
cCREs166883	chr15	32334372	32334905	533
cCREs166898	chr15	32386857	32387358	501
cCREs166919	chr15	32469273	32469774	501
cCREs166938	chr15	32529118	32529619	501
cCREs166959	chr15	32584693	32585215	522
cCREs166980	chr15	32654005	32654624	619
cCREs167132	chr15	33654183	33654684	501
cCREs167156	chr15	33818977	33819492	515
cCREs167187	chr15	34074041	34074542	501
cCREs167202	chr15	34185398	34185899	501
cCREs167233	chr15	34310457	34310986	529
cCREs167386	chr15	34919315	34919816	501
cCREs167408	chr15	35076701	35077522	821
cCREs167605	chr15	36290436	36290937	501
cCREs167627	chr15	36360517	36361018	501
cCREs167738	chr15	36777839	36778340	501
cCREs167780	chr15	36916960	36917461	501
cCREs167788	chr15	36941632	36942159	527
cCREs167814	chr15	37008470	37008989	519
cCREs167826	chr15	37047125	37047692	567
cCREs167844	chr15	37131148	37131655	507
cCREs167911	chr15	37440414	37440915	501
cCREs167942	chr15	37552022	37552570	548
cCREs168067	chr15	38019495	38019996	501
cCREs168137	chr15	38302065	38302666	601
cCREs168170	chr15	38459427	38459984	557
cCREs168209	chr15	38642529	38643030	501
cCREs168223	chr15	38695820	38696321	501
cCREs168253	chr15	38935137	38935638	501
cCREs168270	chr15	38983165	38983718	553
cCREs168301	chr15	39104060	39104968	908
cCREs168322	chr15	39207238	39207745	507
cCREs168379	chr15	39534910	39535411	501
cCREs168398	chr15	39641415	39641931	516
cCREs168402	chr15	39646598	39647102	504
cCREs168413	chr15	39684702	39685203	501
cCREs168449	chr15	39814821	39815322	501
cCREs168517	chr15	40062640	40063141	501
cCREs168559	chr15	40234248	40234749	501
cCREs168562	chr15	40252966	40253467	501
cCREs168571	chr15	40295988	40296489	501
cCREs168608	chr15	40486690	40487191	501
cCREs168630	chr15	40608486	40608987	501
cCREs168653	chr15	40744789	40745310	521
cCREs168948	chr15	41856384	41856934	550
cCREs168981	chr15	42047860	42048361	501
cCREs169027	chr15	42363225	42363751	526
cCREs169051	chr15	42466044	42466545	501
cCREs169134	chr15	42897011	42897792	781
cCREs169138	chr15	42913224	42913729	505
cCREs169495	chr15	44831672	44832173	501
cCREs169505	chr15	44858335	44858836	501
cCREs169811	chr15	47889268	47889783	515
cCREs169856	chr15	48173848	48174349	501
cCREs169885	chr15	48342020	48342523	503
cCREs170153	chr15	50790518	50791102	584
cCREs170191	chr15	50919902	50920403	501
cCREs170285	chr15	51412214	51412715	501
cCREs170295	chr15	51460283	51460784	501
cCREs170361	chr15	51711484	51711985	501
cCREs170488	chr15	52385401	52385906	505
cCREs170588	chr15	52901169	52901670	501
cCREs170634	chr15	53090464	53090965	501
cCREs170722	chr15	53321618	53322143	525
cCREs171045	chr15	54911944	54912445	501
cCREs171056	chr15	54931750	54932289	539
cCREs171057	chr15	54933355	54933856	501
cCREs171099	chr15	55118294	55118795	501
cCREs171307	chr15	55916240	55917071	831
cCREs171421	chr15	56715573	56716074	501
cCREs171640	chr15	57917974	57918475	501
cCREs171683	chr15	58066597	58067138	541
cCREs171759	chr15	58367524	58368072	548
cCREs171771	chr15	58416990	58417491	501
cCREs171772	chr15	58419314	58419815	501
cCREs171883	chr15	58772941	58773505	564
cCREs171991	chr15	59068329	59069385	1056
cCREs172024	chr15	59189912	59190413	501
cCREs172083	chr15	59455325	59455826	501
cCREs172107	chr15	59531938	59532466	528
cCREs172137	chr15	59603393	59603894	501
cCREs172174	chr15	59700224	59700729	505
cCREs172310	chr15	60317448	60318095	647
cCREs172320	chr15	60389878	60390411	533
cCREs172335	chr15	60518667	60519495	828
cCREs172692	chr15	62199632	62200133	501
cCREs172718	chr15	62290902	62291403	501
cCREs172745	chr15	62444063	62444564	501
cCREs172832	chr15	62838248	62838749	501
cCREs172932	chr15	63435989	63436490	501
cCREs172971	chr15	63643619	63644120	501
cCREs172988	chr15	63730136	63730637	501
cCREs172989	chr15	63736735	63737236	501
cCREs173017	chr15	63984287	63984788	501
cCREs173213	chr15	64530689	64531197	508
cCREs173230	chr15	64571418	64571919	501
cCREs173280	chr15	64739252	64739753	501
cCREs173338	chr15	64984746	64985247	501
cCREs173339	chr15	64985738	64986239	501
cCREs173364	chr15	65177507	65178008	501
cCREs173398	chr15	65453432	65453933	501
cCREs173476	chr15	65848101	65848602	501
cCREs173502	chr15	65966571	65967164	593
cCREs173614	chr15	66279512	66280013	501
cCREs173659	chr15	66449971	66450639	668
cCREs173805	chr15	66951451	66952236	785
cCREs173920	chr15	67388243	67389022	779
cCREs174087	chr15	68112196	68112697	501
cCREs174155	chr15	68298793	68299294	501
cCREs174243	chr15	68652185	68652686	501
cCREs174312	chr15	68924894	68925395	501
cCREs174336	chr15	68973883	68974400	517
cCREs174349	chr15	69007544	69008045	501
cCREs174399	chr15	69153226	69153923	697
cCREs174512	chr15	69892360	69893201	841
cCREs174532	chr15	70016800	70017301	501
cCREs174537	chr15	70055641	70056142	501
cCREs174588	chr15	70402296	70402797	501
cCREs174626	chr15	70620709	70621210	501
cCREs174802	chr15	71663452	71663953	501
cCREs174805	chr15	71671206	71671707	501
cCREs174880	chr15	71961449	71961957	508
cCREs174886	chr15	72000957	72001458	501
cCREs175111	chr15	72974075	72974789	714
cCREs175218	chr15	73350658	73351308	650
cCREs175238	chr15	73424554	73425072	518
cCREs175294	chr15	73601961	73602498	537
cCREs175323	chr15	73718081	73718582	501
cCREs175354	chr15	73830827	73831328	501
cCREs175487	chr15	74269228	74269748	520
cCREs175654	chr15	74856502	74857018	516
cCREs175762	chr15	75730452	75730953	501
cCREs175819	chr15	75934988	75935509	521
cCREs175828	chr15	76001850	76002532	682
cCREs175860	chr15	76158254	76159070	816
cCREs175915	chr15	76392177	76392691	514
cCREs175981	chr15	76690942	76691634	692
cCREs176046	chr15	76945382	76945883	501
cCREs176181	chr15	77391446	77391947	501
cCREs176197	chr15	77623973	77624474	501
cCREs176228	chr15	77791464	77791965	501
cCREs176247	chr15	77823188	77824110	922
cCREs176626	chr15	79215772	79216273	501
cCREs176756	chr15	79709640	79710141	501
cCREs176801	chr15	79886489	79886990	501
cCREs176869	chr15	80158037	80159118	1081
cCREs176928	chr15	80345301	80345802	501
cCREs176984	chr15	80543157	80543658	501
cCREs177022	chr15	80680318	80680851	533
cCREs177045	chr15	80783085	80783586	501
cCREs177163	chr15	81234670	81235171	501
cCREs177174	chr15	81260951	81261464	513
cCREs177256	chr15	81801330	81801831	501
cCREs177321	chr15	82009826	82010492	666
cCREs177436	chr15	82799203	82799704	501
cCREs177454	chr15	82890442	82890952	510
cCREs177532	chr15	83115057	83115558	501
cCREs177544	chr15	83164761	83165422	661
cCREs177605	chr15	83407969	83408474	505
cCREs177798	chr15	84164303	84164804	501
cCREs177829	chr15	84257275	84257795	520
cCREs177873	chr15	84399242	84399743	501
cCREs178023	chr15	84938934	84939435	501
cCREs178038	chr15	84976562	84977063	501
cCREs178226	chr15	85698630	85699154	524
cCREs178354	chr15	86209126	86209627	501
cCREs178463	chr15	86574054	86574612	558
cCREs178477	chr15	86657132	86657662	530
cCREs178570	chr15	87084294	87084795	501
cCREs178587	chr15	87137087	87137588	501
cCREs178598	chr15	87185875	87186693	818
cCREs178603	chr15	87206531	87207032	501
cCREs178697	chr15	87603795	87604296	501
cCREs178703	chr15	87620426	87620942	516
cCREs178713	chr15	87642871	87643372	501
cCREs178744	chr15	87719357	87719858	501
cCREs178788	chr15	87927580	87928081	501
cCREs178885	chr15	88384595	88385115	520
cCREs178935	chr15	88625386	88625916	530
cCREs178946	chr15	88665425	88666331	906
cCREs178962	chr15	88707471	88707972	501
cCREs179091	chr15	89314087	89314611	524
cCREs179093	chr15	89328164	89328679	515
cCREs179155	chr15	89596270	89596810	540
cCREs179303	chr15	90363373	90363874	501
cCREs179426	chr15	90916360	90916871	511
cCREs179454	chr15	91024960	91025461	501
cCREs179492	chr15	91216268	91216769	501
cCREs179531	chr15	91341106	91341607	501
cCREs179682	chr15	91946210	91946711	501
cCREs179708	chr15	92069204	92069705	501
cCREs179720	chr15	92120989	92121490	501
cCREs179749	chr15	92197443	92198006	563
cCREs179788	chr15	92315508	92316009	501
cCREs179918	chr15	92849176	92849677	501
cCREs179960	chr15	93027114	93027622	508
cCREs180047	chr15	93498124	93498625	501
cCREs180049	chr15	93501928	93502429	501
cCREs180056	chr15	93517604	93518105	501
cCREs180081	chr15	93587357	93588078	721
cCREs180479	chr15	95220063	95220564	501
cCREs180599	chr15	95663196	95663697	501
cCREs181066	chr15	97707702	97708203	501
cCREs181219	chr15	98415174	98415675	501
cCREs181226	chr15	98458469	98459372	903
cCREs181229	chr15	98476485	98477198	713
cCREs181259	chr15	98616294	98616834	540
cCREs181605	chr15	100102582	100103118	536
cCREs181608	chr15	100113334	100113848	514
cCREs181741	chr15	100726650	100727161	511
cCREs181782	chr15	100882665	100883166	501
cCREs181888	chr15	101227992	101228526	534
cCREs181913	chr15	101292409	101292910	501
cCREs181993	chr15	101640801	101641302	501
cCREs182135	chr15	102396319	102396820	501
cCREs182161	chr15	102569444	102569945	501
cCREs182162	chr15	102570216	102571050	834
cCREs182189	chr15	102689884	102690400	516
cCREs182393	chr15	103545059	103545566	507
cCREs182452	chr16	3931569	3932076	507
cCREs182458	chr16	3974914	3975523	609
cCREs182485	chr16	4147588	4148089	501
cCREs182488	chr16	4185047	4185812	765
cCREs182539	chr16	4413924	4414523	599
cCREs182569	chr16	4535099	4535600	501
cCREs182607	chr16	4681838	4682339	501
cCREs182610	chr16	4713570	4714096	526
cCREs182633	chr16	4786235	4786739	504
cCREs182649	chr16	4875838	4876358	520
cCREs182666	chr16	4935020	4935549	529
cCREs182683	chr16	5000549	5001261	712
cCREs182720	chr16	5175884	5176405	521
cCREs182807	chr16	5540312	5540813	501
cCREs182812	chr16	5552851	5553352	501
cCREs182901	chr16	5905546	5906281	735
cCREs183015	chr16	6247434	6248208	774
cCREs183068	chr16	6429037	6429538	501
cCREs183206	chr16	6951093	6951594	501
cCREs183256	chr16	7087983	7088484	501
cCREs183473	chr16	8350253	8350759	506
cCREs183657	chr16	9204758	9205259	501
cCREs183873	chr16	9997132	9997633	501
cCREs184001	chr16	10596173	10596674	501
cCREs184136	chr16	11071863	11072792	929
cCREs184166	chr16	11219276	11219777	501
cCREs184168	chr16	11244512	11245024	512
cCREs184219	chr16	11452703	11453236	533
cCREs184559	chr16	12871971	12872478	507
cCREs184681	chr16	13386446	13386978	532
cCREs184850	chr16	14222185	14222897	712
cCREs184899	chr16	14477421	14478337	916
cCREs185038	chr16	16063288	16063789	501
cCREs185176	chr16	17125824	17126325	501
cCREs185279	chr16	17630068	17630569	501
cCREs185343	chr16	17899973	17900474	501
cCREs185432	chr16	18268089	18268590	501
cCREs185447	chr16	18352986	18353487	501
cCREs185559	chr16	18825363	18825889	526
cCREs185684	chr16	20293724	20294384	660
cCREs185693	chr16	20347487	20347988	501
cCREs185695	chr16	20351522	20352023	501
cCREs185829	chr16	21233930	21234445	515
cCREs185886	chr16	21469840	21470341	501
cCREs186033	chr16	22181072	22181573	501
cCREs186188	chr16	22771176	22771677	501
cCREs186215	chr16	22865769	22866270	501
cCREs186257	chr16	23117081	23117594	513
cCREs186273	chr16	23216237	23217188	951
cCREs186288	chr16	23254903	23255404	501
cCREs186436	chr16	23918841	23919342	501
cCREs186502	chr16	24184302	24184803	501
cCREs186701	chr16	24917312	24917830	518
cCREs186794	chr16	25279112	25279613	501
cCREs186802	chr16	25302656	25303179	523
cCREs186849	chr16	25512341	25512842	501
cCREs186907	chr16	25804822	25805323	501
cCREs186936	chr16	25956031	25956583	552
cCREs186976	chr16	26149141	26149642	501
cCREs187060	chr16	26593009	26593510	501
cCREs187108	chr16	26738282	26738910	628
cCREs187165	chr16	27149093	27149625	532
cCREs187191	chr16	27391545	27392065	520
cCREs187197	chr16	27409265	27409984	719
cCREs187270	chr16	27888213	27888714	501
cCREs187509	chr16	28829532	28830057	525
cCREs187545	chr16	28922097	28922598	501
cCREs187574	chr16	29042340	29042841	501
cCREs187576	chr16	29046746	29047247	501
cCREs187583	chr16	29099787	29100288	501
cCREs187595	chr16	29149840	29150357	517
cCREs187674	chr16	29532556	29533057	501
cCREs187709	chr16	29677622	29678123	501
cCREs187742	chr16	29805371	29805872	501
cCREs187745	chr16	29810830	29811331	501
cCREs187782	chr16	29951730	29952231	501
cCREs187876	chr16	30306805	30307306	501
cCREs187902	chr16	30484787	30485288	501
cCREs188231	chr16	31700152	31700700	548
cCREs188357	chr16	32451246	32451747	501
cCREs188433	chr16	32823331	32823832	501
cCREs188456	chr16	32936974	32937894	920
cCREs188496	chr16	33155459	33155960	501
cCREs188609	chr16	33679904	33680419	515
cCREs188666	chr16	33914945	33915462	517
cCREs188785	chr16	34248102	34248993	891
cCREs188990	chr16	34937526	34938463	937
cCREs189050	chr16	35121769	35122418	649
cCREs189052	chr16	35129696	35130240	544
cCREs189287	chr16	35970207	35970708	501
cCREs189291	chr16	35987605	35988106	501
cCREs189297	chr16	36037905	36038432	527
cCREs189355	chr16	36562737	36563238	501
cCREs189379	chr16	36712946	36713752	806
cCREs189420	chr16	36941872	36942379	507
cCREs189774	chr16	38335945	38336446	501
cCREs189788	chr16	38414279	38414780	501
cCREs189891	chr16	38851659	38852160	501
cCREs189902	chr16	38898865	38899366	501
cCREs189924	chr16	38941911	38942412	501
cCREs190010	chr16	39213005	39213506	501
cCREs190274	chr16	40595175	40595708	533
cCREs190320	chr16	40853078	40853681	603
cCREs190423	chr16	41323307	41324309	1002
cCREs190568	chr16	41915442	41915943	501
cCREs190717	chr16	42505087	42505588	501
cCREs190767	chr16	42720607	42721153	546
cCREs190839	chr16	43110148	43110653	505
cCREs190909	chr16	43419920	43420421	501
cCREs190938	chr16	43518475	43519005	530
cCREs190991	chr16	43653394	43653917	523
cCREs191058	chr16	43920316	43920852	536
cCREs191090	chr16	44018566	44019077	511
cCREs191390	chr16	45217111	45217884	773
cCREs191519	chr16	45780910	45781411	501
cCREs191673	chr16	46388440	46390099	1659
cCREs191795	chr16	47076186	47076687	501
cCREs191817	chr16	47401253	47401754	501
cCREs191914	chr16	48346267	48346768	501
cCREs191931	chr16	48420793	48421714	921
cCREs191963	chr16	48613542	48614043	501
cCREs192022	chr16	48890702	48891217	515
cCREs192059	chr16	49154433	49154934	501
cCREs192214	chr16	49769638	49770399	761
cCREs192280	chr16	49943938	49944439	501
cCREs192393	chr16	50333872	50334373	501
cCREs192435	chr16	50618759	50619260	501
cCREs192445	chr16	50709250	50709765	515
cCREs192450	chr16	50731302	50731839	537
cCREs192637	chr16	51877403	51877904	501
cCREs192649	chr16	51938941	51939852	911
cCREs192658	chr16	51982675	51983241	566
cCREs192818	chr16	52473421	52473922	501
cCREs192853	chr16	52684717	52685218	501
cCREs192882	chr16	52867900	52868403	503
cCREs192956	chr16	53383832	53384333	501
cCREs193142	chr16	54896359	54896860	501
cCREs193269	chr16	55526235	55526941	706
cCREs193616	chr16	57321678	57322179	501
cCREs193662	chr16	57473683	57474306	623
cCREs193682	chr16	57535517	57536018	501
cCREs193806	chr16	58265530	58266031	501
cCREs193880	chr16	58661643	58662144	501
cCREs193913	chr16	58806807	58807308	501
cCREs193975	chr16	59543965	59544485	520
cCREs194030	chr16	59717337	59717838	501
cCREs194315	chr16	61968223	61968724	501
cCREs194396	chr16	62543609	62544110	501
cCREs194444	chr16	62783450	62783951	501
cCREs194724	chr16	64322420	64322921	501
cCREs194748	chr16	64532930	64533431	501
cCREs194856	chr16	65168532	65169033	501
cCREs194874	chr16	65311517	65312018	501
cCREs194935	chr16	65547934	65548450	516
cCREs194954	chr16	65633436	65634382	946
cCREs195006	chr16	65971242	65971743	501
cCREs195048	chr16	66337042	66337558	516
cCREs195105	chr16	66727288	66727914	626
cCREs195182	chr16	66997540	66998065	525
cCREs195185	chr16	67010687	67011188	501
cCREs195193	chr16	67040465	67040966	501
cCREs195204	chr16	67080227	67080728	501
cCREs195225	chr16	67136168	67136702	534
cCREs195239	chr16	67187640	67188141	501
cCREs195253	chr16	67228696	67229315	619
cCREs195268	chr16	67338788	67339315	527
cCREs195320	chr16	67592796	67593297	501
cCREs195337	chr16	67662824	67663325	501
cCREs195388	chr16	68163466	68163979	513
cCREs195397	chr16	68255673	68256174	501
cCREs195459	chr16	68984317	68984841	524
cCREs195461	chr16	69006367	69006878	511
cCREs195487	chr16	69340147	69340648	501
cCREs195528	chr16	69764399	69764900	501
cCREs195642	chr16	70343807	70344308	501
cCREs195659	chr16	70403676	70404177	501
cCREs195726	chr16	70771829	70772330	501
cCREs195827	chr16	71367054	71367555	501
cCREs195874	chr16	71733152	71733653	501
cCREs195966	chr16	72318900	72319401	501
cCREs196041	chr16	72614333	72614834	501
cCREs196295	chr16	73853438	73853939	501
cCREs196359	chr16	74107769	74108270	501
cCREs196362	chr16	74119987	74120493	506
cCREs196433	chr16	74415846	74416347	501
cCREs196488	chr16	74637870	74638371	501
cCREs196716	chr16	75826267	75826768	501
cCREs196738	chr16	75921167	75921668	501
cCREs196803	chr16	76265966	76266467	501
cCREs196822	chr16	76325924	76326425	501
cCREs196826	chr16	76331194	76331702	508
cCREs196863	chr16	76458991	76459492	501
cCREs196916	chr16	76740079	76740580	501
cCREs196926	chr16	76773328	76774075	747
cCREs196942	chr16	76851474	76851975	501
cCREs196996	chr16	77081862	77082406	544
cCREs197400	chr16	78841681	78842376	695
cCREs197567	chr16	80136210	80136997	787
cCREs197729	chr16	81337864	81338392	528
cCREs197770	chr16	81509372	81509873	501
cCREs197782	chr16	81576543	81577047	504
cCREs197817	chr16	81825951	81826516	565
cCREs197961	chr16	82858420	82858921	501
cCREs197976	chr16	82996917	82997418	501
cCREs197991	chr16	83148451	83149284	833
cCREs198004	chr16	83257145	83257870	725
cCREs198035	chr16	83557919	83558446	527
cCREs198036	chr16	83563272	83563838	566
cCREs198042	chr16	83609273	83609774	501
cCREs198060	chr16	83747815	83748316	501
cCREs198107	chr16	84188242	84188743	501
cCREs198190	chr16	84734122	84734679	557
cCREs198318	chr16	85083447	85083948	501
cCREs198330	chr16	85105392	85106065	673
cCREs198492	chr16	85745833	85746390	557
cCREs198519	chr16	85905590	85906091	501
cCREs198533	chr16	85968099	85968600	501
cCREs198552	chr16	86084909	86085410	501
cCREs198553	chr16	86088790	86089291	501
cCREs198589	chr16	86295910	86296419	509
cCREs198792	chr16	87419491	87420003	512
cCREs198797	chr16	87437126	87437658	532
cCREs198952	chr16	87981432	87981933	501
cCREs198958	chr16	87998157	87998697	540
cCREs198977	chr16	88077098	88077599	501
cCREs199050	chr16	88376263	88376773	510
cCREs199125	chr16	88800095	88800596	501
cCREs199183	chr16	89448674	89449606	932
cCREs199419	chr16	90182828	90183329	501
cCREs199493	chr16	90455747	90456248	501
cCREs199637	chr16	90920024	90920558	534
cCREs199673	chr16	91051187	91051690	503
cCREs199678	chr16	91072397	91072898	501
cCREs199715	chr16	91295035	91295536	501
cCREs199808	chr16	91636043	91636544	501
cCREs199880	chr16	91865527	91866046	519
cCREs199922	chr16	92006803	92007769	966
cCREs200013	chr16	92369153	92369721	568
cCREs200028	chr16	92422008	92422534	526
cCREs200077	chr16	92572454	92573630	1176
cCREs200099	chr16	92679869	92680370	501
cCREs200155	chr16	92966970	92967488	518
cCREs200163	chr16	92998626	92999144	518
cCREs200182	chr16	93085416	93086143	727
cCREs200185	chr16	93094083	93094666	583
cCREs200192	chr16	93112761	93113280	519
cCREs200373	chr16	93986934	93987435	501
cCREs200374	chr16	94001445	94002365	920
cCREs200395	chr16	94144680	94145181	501
cCREs200419	chr16	94255937	94256438	501
cCREs200433	chr16	94311403	94311904	501
cCREs200493	chr16	94524000	94524501	501
cCREs200544	chr16	94742044	94742545	501
cCREs200720	chr16	95406798	95407299	501
cCREs200744	chr16	95529268	95529769	501
cCREs200993	chr16	96525635	96526136	501
cCREs201058	chr16	96716999	96717500	501
cCREs201106	chr16	96867016	96867517	501
cCREs201122	chr16	96917472	96917973	501
cCREs201124	chr16	96923976	96924477	501
cCREs201156	chr16	97031974	97032475	501
cCREs201185	chr16	97151109	97151610	501
cCREs201195	chr16	97194765	97195349	584
cCREs201250	chr16	97467613	97468114	501
cCREs201291	chr16	97742541	97743086	545
cCREs201304	chr16	97804067	97804568	501
cCREs201334	chr16	97912703	97913204	501
cCREs201335	chr16	97917404	97917905	501
cCREs201366	chr17	3168869	3169370	501
cCREs201412	chr17	3304117	3304627	510
cCREs201444	chr17	3427322	3427823	501
cCREs201537	chr17	3831827	3832328	501
cCREs201635	chr17	4388773	4389274	501
cCREs201672	chr17	4578960	4579588	628
cCREs201740	chr17	4985902	4986403	501
cCREs201745	chr17	5001687	5002259	572
cCREs201897	chr17	5437958	5438459	501
cCREs201968	chr17	5669661	5670202	541
cCREs202017	chr17	5829843	5830514	671
cCREs202048	chr17	5956279	5956808	529
cCREs202121	chr17	6207313	6207853	540
cCREs202221	chr17	7166030	7166531	501
cCREs202225	chr17	7177576	7178077	501
cCREs202240	chr17	7211776	7212315	539
cCREs202279	chr17	7448695	7449414	719
cCREs202283	chr17	7531507	7532008	501
cCREs202289	chr17	7573437	7573938	501
cCREs202413	chr17	8298588	8299162	574
cCREs202539	chr17	8837724	8838703	979
cCREs202574	chr17	8927653	8928600	947
cCREs202587	chr17	8960345	8960876	531
cCREs202616	chr17	9063162	9063663	501
cCREs202694	chr17	9468423	9468925	502
cCREs202697	chr17	9474475	9474986	511
cCREs202849	chr17	10183511	10184126	615
cCREs202853	chr17	10195724	10196225	501
cCREs202895	chr17	10369862	10371204	1342
cCREs202919	chr17	10449686	10450476	790
cCREs202922	chr17	10473874	10474375	501
cCREs202924	chr17	10475503	10476004	501
cCREs202968	chr17	10631924	10632425	501
cCREs202996	chr17	10758853	10759354	501
cCREs202997	chr17	10763627	10764128	501
cCREs203018	chr17	10881741	10882262	521
cCREs203054	chr17	11073369	11073930	561
cCREs203066	chr17	11118228	11118729	501
cCREs203120	chr17	11326078	11326631	553
cCREs203188	chr17	11616901	11617402	501
cCREs203222	chr17	11735471	11735972	501
cCREs203242	chr17	11817807	11818326	519
cCREs203328	chr17	12127040	12127818	778
cCREs203392	chr17	12310004	12310505	501
cCREs203451	chr17	12614765	12615301	536
cCREs203510	chr17	12865405	12865906	501
cCREs203518	chr17	12888461	12889144	683
cCREs203530	chr17	12950211	12950947	736
cCREs203541	chr17	13015722	13016491	769
cCREs203638	chr17	13890024	13890525	501
cCREs203655	chr17	13976288	13976790	502
cCREs203737	chr17	14393562	14394063	501
cCREs203800	chr17	14672989	14673534	545
cCREs203842	chr17	14948283	14948784	501
cCREs203884	chr17	15214335	15214836	501
cCREs203908	chr17	15358626	15359127	501
cCREs203940	chr17	15521030	15521547	517
cCREs203949	chr17	15580717	15581218	501
cCREs203950	chr17	15587470	15588643	1173
cCREs204100	chr17	16956495	16956996	501
cCREs204103	chr17	17185424	17185925	501
cCREs204105	chr17	17240901	17241402	501
cCREs204106	chr17	17252485	17252986	501
cCREs204109	chr17	17302910	17303411	501
cCREs204126	chr17	17440247	17440748	501
cCREs204142	chr17	17567554	17568055	501
cCREs204149	chr17	17602707	17603208	501
cCREs204164	chr17	17733153	17733654	501
cCREs204198	chr17	21394457	21394958	501
cCREs204212	chr17	21510633	21511134	501
cCREs204227	chr17	21715910	21716411	501
cCREs204239	chr17	21963531	21964032	501
cCREs204241	chr17	22124193	22125337	1144
cCREs204250	chr17	22548524	22549025	501
cCREs204251	chr17	22618086	22618889	803
cCREs204253	chr17	22724987	22725488	501
cCREs204277	chr17	23584374	23584885	511
cCREs204284	chr17	23621306	23621807	501
cCREs204287	chr17	23646487	23646988	501
cCREs204361	chr17	24103920	24104421	501
cCREs204373	chr17	24164820	24165517	697
cCREs204406	chr17	24384663	24385437	774
cCREs204454	chr17	24614574	24615075	501
cCREs204527	chr17	24965798	24966299	501
cCREs204560	chr17	25169593	25170094	501
cCREs204709	chr17	25794172	25794678	506
cCREs204730	chr17	25852867	25853368	501
cCREs204745	chr17	25916719	25917522	803
cCREs204802	chr17	26216798	26217316	518
cCREs204941	chr17	26762431	26762951	520
cCREs204944	chr17	26774211	26774712	501
cCREs205005	chr17	27127603	27128104	501
cCREs205060	chr17	27327414	27327970	556
cCREs205179	chr17	27780958	27781490	532
cCREs205184	chr17	27798569	27799070	501
cCREs205394	chr17	28711046	28711575	529
cCREs205410	chr17	28780459	28780960	501
cCREs205581	chr17	29434405	29434906	501
cCREs205598	chr17	29551204	29551728	524
cCREs205599	chr17	29557333	29557840	507
cCREs205700	chr17	29930575	29931076	501
cCREs205835	chr17	30354052	30355070	1018
cCREs205864	chr17	30448504	30449005	501
cCREs205972	chr17	31024025	31025165	1140
cCREs206010	chr17	31175568	31176069	501
cCREs206176	chr17	31841542	31842801	1259
cCREs206194	chr17	31914879	31915380	501
cCREs206201	chr17	31935071	31935823	752
cCREs206205	chr17	31942584	31943085	501
cCREs206299	chr17	32442282	32442783	501
cCREs206412	chr17	33755517	33756027	510
cCREs206430	chr17	33866214	33866715	501
cCREs206445	chr17	33974856	33975357	501
cCREs206503	chr17	34340541	34341412	871
cCREs206555	chr17	34656559	34657060	501
cCREs206565	chr17	34690226	34690946	720
cCREs206598	chr17	34973442	34973943	501
cCREs206650	chr17	35220516	35221162	646
cCREs206673	chr17	35490233	35490741	508
cCREs206712	chr17	35716982	35717525	543
cCREs206755	chr17	35883080	35883597	517
cCREs206767	chr17	35927547	35928500	953
cCREs206838	chr17	36704339	36704840	501
cCREs206856	chr17	36875889	36876390	501
cCREs206874	chr17	37007268	37007769	501
cCREs206875	chr17	37008409	37008910	501
cCREs206946	chr17	39864293	39864798	505
cCREs207112	chr17	42314717	42315218	501
cCREs207225	chr17	42863056	42863612	556
cCREs207247	chr17	42988934	42989435	501
cCREs207280	chr17	43093276	43093777	501
cCREs207326	chr17	43319989	43320490	501
cCREs207350	chr17	43395350	43396366	1016
cCREs207400	chr17	43662195	43662696	501
cCREs207470	chr17	43959083	43959585	502
cCREs207490	chr17	44019747	44020326	579
cCREs207514	chr17	44133916	44134417	501
cCREs207522	chr17	44181219	44181878	659
cCREs207558	chr17	44356288	44356789	501
cCREs207636	chr17	44653031	44653532	501
cCREs207697	chr17	44943570	44944071	501
cCREs207747	chr17	45222548	45223147	599
cCREs207784	chr17	45362246	45362747	501
cCREs207909	chr17	45862469	45862970	501
cCREs207944	chr17	46069360	46069918	558
cCREs207946	chr17	46075905	46076738	833
cCREs207985	chr17	46260785	46261316	531
cCREs208041	chr17	46564119	46565085	966
cCREs208103	chr17	46834952	46835453	501
cCREs208105	chr17	46842948	46843749	801
cCREs208214	chr17	47302745	47303533	788
cCREs208461	chr17	48507630	48508339	709
cCREs208512	chr17	48734747	48735248	501
cCREs208625	chr17	49181431	49181932	501
cCREs208708	chr17	49519805	49520536	731
cCREs208719	chr17	49548202	49548743	541
cCREs208729	chr17	49593214	49593791	577
cCREs208751	chr17	49681313	49681958	645
cCREs208755	chr17	49693099	49693641	542
cCREs208948	chr17	50431699	50432337	638
cCREs208953	chr17	50446466	50446967	501
cCREs209019	chr17	50680863	50681370	507
cCREs209051	chr17	50843842	50844347	505
cCREs209068	chr17	50913500	50914001	501
cCREs209107	chr17	51185064	51185590	526
cCREs209115	chr17	51228310	51228820	510
cCREs209121	chr17	51266182	51266683	501
cCREs209143	chr17	51405003	51405691	688
cCREs209246	chr17	51880081	51880582	501
cCREs209327	chr17	52494812	52495313	501
cCREs209380	chr17	52848299	52849192	893
cCREs209411	chr17	53103739	53104240	501
cCREs209504	chr17	54166456	54166957	501
cCREs209523	chr17	54300315	54300820	505
cCREs209526	chr17	54337702	54338203	501
cCREs209571	chr17	54682323	54683112	789
cCREs209712	chr17	55951897	55952855	958
cCREs209801	chr17	56287738	56288749	1011
cCREs209809	chr17	56308250	56308928	678
cCREs209817	chr17	56349034	56349535	501
cCREs209895	chr17	56572673	56573174	501
cCREs209902	chr17	56594928	56595429	501
cCREs209913	chr17	56653086	56653587	501
cCREs209934	chr17	56753305	56753806	501
cCREs209940	chr17	56778793	56779331	538
cCREs209997	chr17	57073479	57073980	501
cCREs210008	chr17	57129595	57130096	501
cCREs210016	chr17	57165318	57165819	501
cCREs210019	chr17	57178066	57178567	501
cCREs210235	chr17	58897734	58898235	501
cCREs210257	chr17	58996847	58997590	743
cCREs210302	chr17	59301900	59302401	501
cCREs210462	chr17	61198865	61199366	501
cCREs210496	chr17	61570862	61571363	501
cCREs210523	chr17	62028869	62029392	523
cCREs210524	chr17	62031110	62031660	550
cCREs210545	chr17	62178689	62179190	501
cCREs210558	chr17	62237962	62238463	501
cCREs210561	chr17	62246665	62247166	501
cCREs210917	chr17	63507418	63507919	501
cCREs210925	chr17	63545179	63545680	501
cCREs210980	chr17	63874217	63875026	809
cCREs211092	chr17	64311246	64311747	501
cCREs211096	chr17	64320255	64320966	711
cCREs211115	chr17	64413580	64414081	501
cCREs211151	chr17	64547349	64547850	501
cCREs211225	chr17	64760454	64760955	501
cCREs211266	chr17	64918396	64918897	501
cCREs211548	chr17	66207501	66208019	518
cCREs211662	chr17	66525856	66526357	501
cCREs211685	chr17	66651424	66651967	543
cCREs211687	chr17	66662931	66663444	513
cCREs211923	chr17	67512652	67513464	812
cCREs212067	chr17	68171173	68171674	501
cCREs212094	chr17	68287371	68287872	501
cCREs212162	chr17	68665417	68665918	501
cCREs212163	chr17	68674185	68674687	502
cCREs212238	chr17	68991127	68991628	501
cCREs212345	chr17	69402071	69402572	501
cCREs212422	chr17	69824930	69825431	501
cCREs212443	chr17	69902909	69903424	515
cCREs212635	chr17	70572031	70572532	501
cCREs212663	chr17	70647219	70647742	523
cCREs212756	chr17	71043000	71043536	536
cCREs212760	chr17	71059630	71060478	848
cCREs212830	chr17	71299844	71300766	922
cCREs213045	chr17	72314719	72315220	501
cCREs213118	chr17	72601352	72601888	536
cCREs213286	chr17	73257276	73257958	682
cCREs213321	chr17	73385528	73386029	501
cCREs213542	chr17	74418870	74419385	515
cCREs213549	chr17	74437570	74438255	685
cCREs213748	chr17	75351572	75352073	501
cCREs213862	chr17	75997894	75998597	703
cCREs213975	chr17	76942152	76942653	501
cCREs214024	chr17	77357497	77357998	501
cCREs214025	chr17	77369370	77369871	501
cCREs214094	chr17	78013172	78013673	501
cCREs214125	chr17	78193553	78194054	501
cCREs214142	chr17	78229260	78229761	501
cCREs214146	chr17	78241638	78242344	706
cCREs214272	chr17	78642788	78643289	501
cCREs214340	chr17	78980281	78980782	501
cCREs214341	chr17	78984324	78984825	501
cCREs214342	chr17	78986508	78987009	501
cCREs214391	chr17	79241440	79242267	827
cCREs214404	chr17	79292586	79293087	501
cCREs214428	chr17	79371117	79371618	501
cCREs214610	chr17	80131314	80131815	501
cCREs214631	chr17	80227778	80228279	501
cCREs214677	chr17	80427968	80428983	1015
cCREs214680	chr17	80437190	80437691	501
cCREs214841	chr17	81012288	81012789	501
cCREs214851	chr17	81049499	81050000	501
cCREs215061	chr17	81758445	81758946	501
cCREs215213	chr17	82828329	82828830	501
cCREs215219	chr17	82853289	82853790	501
cCREs215388	chr17	83553238	83553749	511
cCREs215410	chr17	83645121	83645713	592
cCREs215425	chr17	83721877	83722396	519
cCREs215428	chr17	83730398	83730934	536
cCREs215502	chr17	83958017	83958566	549
cCREs215556	chr17	84099630	84100191	561
cCREs215620	chr17	84299878	84300628	750
cCREs215827	chr17	85190614	85191115	501
cCREs215831	chr17	85210858	85211427	569
cCREs215849	chr17	85278166	85278667	501
cCREs215852	chr17	85288365	85288866	501
cCREs215893	chr17	85459544	85460045	501
cCREs215944	chr17	85766498	85767782	1284
cCREs215963	chr17	85863994	85864810	816
cCREs216089	chr17	86297286	86297787	501
cCREs216143	chr17	86443407	86444253	846
cCREs216224	chr17	86713048	86714028	980
cCREs216235	chr17	86768476	86769110	634
cCREs216489	chr17	87842019	87842520	501
cCREs216505	chr17	87915336	87915837	501
cCREs216548	chr17	88179556	88180057	501
cCREs216596	chr17	88451064	88451565	501
cCREs216733	chr17	89001636	89002137	501
cCREs216785	chr17	89309873	89310374	501
cCREs216790	chr17	89335073	89336011	938
cCREs216817	chr17	89460297	89460798	501
cCREs216822	chr17	89503226	89503727	501
cCREs216842	chr17	89633303	89634151	848
cCREs216847	chr17	89646506	89647039	533
cCREs216866	chr17	89832044	89832545	501
cCREs216917	chr17	90127544	90128045	501
cCREs216950	chr17	90275729	90276230	501
cCREs217024	chr17	90576597	90577098	501
cCREs217060	chr17	90716605	90717115	510
cCREs217184	chr17	91172397	91172898	501
cCREs217191	chr17	91203794	91204295	501
cCREs217201	chr17	91278198	91278699	501
cCREs217496	chr17	94571522	94572023	501
cCREs217699	chr18	4403950	4404451	501
cCREs217839	chr18	4964995	4965496	501
cCREs217846	chr18	4982916	4983417	501
cCREs217847	chr18	4983518	4984019	501
cCREs217848	chr18	4986454	4986955	501
cCREs217858	chr18	5012144	5013053	909
cCREs217978	chr18	5467137	5467638	501
cCREs217979	chr18	5471529	5472259	730
cCREs217993	chr18	5521211	5521712	501
cCREs218024	chr18	5673692	5674193	501
cCREs218031	chr18	5700043	5700544	501
cCREs218067	chr18	5840779	5841280	501
cCREs218158	chr18	6404162	6404663	501
cCREs218176	chr18	6478835	6479336	501
cCREs218327	chr18	7407593	7408094	501
cCREs218504	chr18	8660253	8660767	514
cCREs218512	chr18	8690810	8691311	501
cCREs218657	chr18	9493394	9493895	501
cCREs218743	chr18	10097277	10097778	501
cCREs218777	chr18	10309076	10309577	501
cCREs218910	chr18	10874419	10875022	603
cCREs218921	chr18	10953308	10953816	508
cCREs218950	chr18	11147471	11147972	501
cCREs219026	chr18	11763906	11764407	501
cCREs219153	chr18	12147141	12147642	501
cCREs219232	chr18	12417192	12417693	501
cCREs219270	chr18	12563927	12564428	501
cCREs219290	chr18	12635697	12636198	501
cCREs219310	chr18	12692972	12693483	511
cCREs219315	chr18	12711700	12712217	517
cCREs219375	chr18	12897614	12898144	530
cCREs219380	chr18	12912212	12913149	937
cCREs219402	chr18	13020865	13021370	505
cCREs219419	chr18	13094011	13094771	760
cCREs219431	chr18	13140067	13140688	621
cCREs219466	chr18	13324101	13324602	501
cCREs219480	chr18	13381370	13381871	501
cCREs219492	chr18	13434803	13435304	501
cCREs219514	chr18	13518731	13519648	917
cCREs219575	chr18	13769826	13770327	501
cCREs219613	chr18	13899605	13900106	501
cCREs219626	chr18	13936946	13937447	501
cCREs219635	chr18	13992945	13993452	507
cCREs219645	chr18	14040766	14041562	796
cCREs219677	chr18	14239511	14240012	501
cCREs219725	chr18	14512064	14512595	531
cCREs219736	chr18	14580749	14581250	501
cCREs219769	chr18	14724622	14725123	501
cCREs219795	chr18	14934565	14935066	501
cCREs219864	chr18	15143161	15143953	792
cCREs219890	chr18	15246759	15247260	501
cCREs220011	chr18	15843597	15844098	501
cCREs220085	chr18	16293144	16293944	800
cCREs220090	chr18	16307878	16308379	501
cCREs220091	chr18	16329421	16329941	520
cCREs220093	chr18	16345551	16346052	501
cCREs220112	chr18	16425261	16425762	501
cCREs220155	chr18	16600029	16600578	549
cCREs220296	chr18	17182748	17183249	501
cCREs220318	chr18	17330973	17331848	875
cCREs220328	chr18	17405246	17405747	501
cCREs220349	chr18	17554292	17554793	501
cCREs220394	chr18	17987580	17988305	725
cCREs220541	chr18	19575913	19576414	501
cCREs220615	chr18	20005896	20006397	501
cCREs220890	chr18	21220958	21221459	501
cCREs220912	chr18	21273828	21274357	529
cCREs220961	chr18	21473626	21474127	501
cCREs220975	chr18	21585855	21586356	501
cCREs221020	chr18	21821618	21822119	501
cCREs221109	chr18	22361785	22362286	501
cCREs221138	chr18	22457964	22458496	532
cCREs221283	chr18	23129005	23129506	501
cCREs221331	chr18	23397376	23397928	552
cCREs221343	chr18	23434124	23434625	501
cCREs221352	chr18	23455014	23455548	534
cCREs221368	chr18	23501132	23501633	501
cCREs221390	chr18	23559430	23559931	501
cCREs221535	chr18	24089709	24090210	501
cCREs221589	chr18	24315680	24316181	501
cCREs221634	chr18	24464593	24465098	505
cCREs221646	chr18	24518417	24518918	501
cCREs221674	chr18	24625128	24625629	501
cCREs221702	chr18	24726753	24727254	501
cCREs221779	chr18	24932596	24933097	501
cCREs221798	chr18	24980101	24980602	501
cCREs222164	chr18	26299107	26299608	501
cCREs222267	chr18	26940642	26941143	501
cCREs222288	chr18	27033548	27034234	686
cCREs222302	chr18	27191957	27192475	518
cCREs222370	chr18	27596415	27596916	501
cCREs222434	chr18	27921453	27921974	521
cCREs222466	chr18	28041593	28042094	501
cCREs222624	chr18	29084533	29085034	501
cCREs222687	chr18	29460968	29461469	501
cCREs222746	chr18	29802261	29803274	1013
cCREs222751	chr18	29833092	29833593	501
cCREs222830	chr18	30143942	30144443	501
cCREs222840	chr18	30172273	30172774	501
cCREs222894	chr18	30396371	30397116	745
cCREs223212	chr18	31866562	31867063	501
cCREs223222	chr18	31908412	31908913	501
cCREs223224	chr18	31912534	31913035	501
cCREs223303	chr18	32317414	32317915	501
cCREs223403	chr18	32673972	32674473	501
cCREs223524	chr18	33233343	33233844	501
cCREs223592	chr18	33533675	33534176	501
cCREs223674	chr18	33864374	33864875	501
cCREs223789	chr18	34298331	34298837	506
cCREs223801	chr18	34342897	34343726	829
cCREs223813	chr18	34370000	34370501	501
cCREs223872	chr18	34678051	34678575	524
cCREs223874	chr18	34685886	34686399	513
cCREs223957	chr18	35096126	35096627	501
cCREs223976	chr18	35164215	35164731	516
cCREs224070	chr18	35507354	35507855	501
cCREs224115	chr18	35736288	35736789	501
cCREs224152	chr18	35869122	35869623	501
cCREs224260	chr18	36211855	36212379	524
cCREs224308	chr18	36408045	36408774	729
cCREs224448	chr18	37816939	37817440	501
cCREs224557	chr18	38167870	38168371	501
cCREs224720	chr18	38783630	38784131	501
cCREs224793	chr18	38969442	38970265	823
cCREs224909	chr18	39284782	39285283	501
cCREs225125	chr18	40095699	40096200	501
cCREs225265	chr18	40675746	40676247	501
cCREs225564	chr18	42241371	42241872	501
cCREs225593	chr18	42505921	42506442	521
cCREs225621	chr18	42623272	42623777	505
cCREs225653	chr18	42711927	42712454	527
cCREs225720	chr18	42938901	42939404	503
cCREs225823	chr18	43292699	43293200	501
cCREs225983	chr18	43990601	43991102	501
cCREs225990	chr18	44030503	44031016	513
cCREs226189	chr18	44920085	44920586	501
cCREs226415	chr18	46060258	46060759	501
cCREs226444	chr18	46166391	46167520	1129
cCREs226451	chr18	46192211	46192744	533
cCREs226504	chr18	46421344	46422767	1423
cCREs226648	chr18	46992326	46992839	513
cCREs226659	chr18	47031189	47031731	542
cCREs226748	chr18	47302546	47303047	501
cCREs226764	chr18	47329139	47329640	501
cCREs226817	chr18	47487268	47487790	522
cCREs226821	chr18	47494279	47494815	536
cCREs226916	chr18	47917521	47918022	501
cCREs226961	chr18	48166431	48167134	703
cCREs226977	chr18	48260965	48261466	501
cCREs227208	chr18	49552642	49553747	1105
cCREs227216	chr18	49606803	49607849	1046
cCREs227227	chr18	49644359	49644860	501
cCREs227252	chr18	49772472	49772973	501
cCREs227527	chr18	51220794	51221465	671
cCREs227601	chr18	51562238	51562739	501
cCREs227709	chr18	52189506	52190007	501
cCREs227712	chr18	52214900	52215401	501
cCREs227713	chr18	52217270	52217798	528
cCREs227760	chr18	52475957	52476739	782
cCREs227764	chr18	52495698	52496215	517
cCREs227898	chr18	53044520	53045021	501
cCREs227927	chr18	53224073	53224574	501
cCREs228062	chr18	53782921	53783422	501
cCREs228217	chr18	54449693	54450194	501
cCREs228234	chr18	54506216	54506735	519
cCREs228282	chr18	54692892	54693403	511
cCREs228294	chr18	54738083	54738601	518
cCREs228369	chr18	54956538	54957039	501
cCREs228428	chr18	55134806	55135307	501
cCREs228491	chr18	55342731	55343242	511
cCREs228500	chr18	55367245	55367746	501
cCREs228535	chr18	55497261	55497796	535
cCREs228546	chr18	55536261	55536815	554
cCREs228602	chr18	55759057	55759558	501
cCREs228684	chr18	56205933	56206434	501
cCREs228734	chr18	56435179	56435680	501
cCREs228740	chr18	56455345	56456396	1051
cCREs228747	chr18	56473163	56473664	501
cCREs228891	chr18	56976978	56977732	754
cCREs228926	chr18	57128253	57129362	1109
cCREs228954	chr18	57213196	57214075	879
cCREs228982	chr18	57316210	57316711	501
cCREs229049	chr18	57531627	57532128	501
cCREs229159	chr18	57880162	57880663	501
cCREs229205	chr18	58042546	58043119	573
cCREs229214	chr18	58093757	58094258	501
cCREs229269	chr18	58357643	58358144	501
cCREs229308	chr18	58497615	58498116	501
cCREs229420	chr18	59244413	59244914	501
cCREs229474	chr18	59414106	59414607	501
cCREs229489	chr18	59527543	59528044	501
cCREs229558	chr18	59965668	59966190	522
cCREs229630	chr18	60490520	60491021	501
cCREs229691	chr18	60661432	60661997	565
cCREs229694	chr18	60667603	60668112	509
cCREs230042	chr18	61655946	61656447	501
cCREs230049	chr18	61671394	61671929	535
cCREs230054	chr18	61686759	61687260	501
cCREs230309	chr18	62474873	62475374	501
cCREs230494	chr18	63318945	63319460	515
cCREs230504	chr18	63369830	63370331	501
cCREs230585	chr18	63787888	63788389	501
cCREs230654	chr18	64084593	64085094	501
cCREs230677	chr18	64175146	64175652	506
cCREs230695	chr18	64272400	64273368	968
cCREs230716	chr18	64390086	64390591	505
cCREs230724	chr18	64435083	64435584	501
cCREs230757	chr18	64583978	64584479	501
cCREs230764	chr18	64625098	64625599	501
cCREs230792	chr18	64728773	64729466	693
cCREs230882	chr18	65012427	65013225	798
cCREs231138	chr18	65783333	65783834	501
cCREs231454	chr18	67223760	67224261	501
cCREs231455	chr18	67226252	67226753	501
cCREs231456	chr18	67227291	67227803	512
cCREs231515	chr18	67459102	67459612	510
cCREs231572	chr18	67650169	67650670	501
cCREs231610	chr18	67864353	67864854	501
cCREs231682	chr18	68096254	68096993	739
cCREs231689	chr18	68114294	68114795	501
cCREs231783	chr18	68442565	68443066	501
cCREs231870	chr18	68782633	68783147	514
cCREs231996	chr18	69317858	69318375	517
cCREs232020	chr18	69383567	69384088	521
cCREs232192	chr18	69770529	69771030	501
cCREs232211	chr18	69832510	69833281	771
cCREs232329	chr18	70503129	70503703	574
cCREs232624	chr18	72059396	72059897	501
cCREs232676	chr18	72259466	72259967	501
cCREs232681	chr18	72285300	72285807	507
cCREs232685	chr18	72300157	72300658	501
cCREs232752	chr18	72743787	72744288	501
cCREs232847	chr18	73248289	73248803	514
cCREs232849	chr18	73253517	73254018	501
cCREs232897	chr18	73497656	73498157	501
cCREs232928	chr18	73638054	73638834	780
cCREs233363	chr18	75235169	75235670	501
cCREs233374	chr18	75266491	75266992	501
cCREs233375	chr18	75269342	75269850	508
cCREs233388	chr18	75301712	75302213	501
cCREs233397	chr18	75336626	75337127	501
cCREs233399	chr18	75348939	75349946	1007
cCREs233438	chr18	75449583	75450084	501
cCREs233468	chr18	75522788	75523294	506
cCREs233475	chr18	75535852	75536353	501
cCREs233567	chr18	75812842	75813556	714
cCREs233594	chr18	75920536	75921115	579
cCREs233648	chr18	76100146	76100647	501
cCREs233677	chr18	76236152	76236697	545
cCREs234105	chr18	78259814	78261094	1280
cCREs234113	chr18	78289941	78290442	501
cCREs234217	chr18	78689137	78689638	501
cCREs234222	chr18	78735903	78736404	501
cCREs234258	chr18	78837161	78837662	501
cCREs234271	chr18	78876584	78877135	551
cCREs234324	chr18	79021935	79022443	508
cCREs234451	chr18	79652717	79653231	514
cCREs234640	chr18	80488872	80489417	545
cCREs234656	chr18	80562758	80563259	501
cCREs234703	chr18	80710082	80710583	501
cCREs234773	chr18	80969301	80969862	561
cCREs234780	chr18	80996873	80997374	501
cCREs234877	chr18	81620223	81620743	520
cCREs234892	chr18	81738486	81738987	501
cCREs234915	chr18	81890518	81891197	679
cCREs235072	chr18	82530063	82530911	848
cCREs235095	chr18	82572245	82573011	766
cCREs235100	chr18	82579501	82580002	501
cCREs235105	chr18	82587171	82587878	707
cCREs235208	chr18	82924150	82924651	501
cCREs235216	chr18	82948506	82949007	501
cCREs235341	chr18	83571264	83571765	501
cCREs235362	chr18	83699267	83699768	501
cCREs235365	chr18	83716394	83716895	501
cCREs235520	chr18	84305214	84305717	503
cCREs235545	chr18	84404315	84404816	501
cCREs235550	chr18	84411228	84411747	519
cCREs235636	chr18	84826103	84826604	501
cCREs235638	chr18	84845645	84846146	501
cCREs235691	chr18	85028123	85028624	501
cCREs235806	chr18	85563808	85564700	892
cCREs236103	chr18	87624293	87624794	501
cCREs236108	chr18	87671918	87672419	501
cCREs236329	chr18	89114002	89114503	501
cCREs236339	chr18	89163370	89163871	501
cCREs236340	chr18	89176480	89176981	501
cCREs236347	chr18	89207974	89208897	923
cCREs236442	chr18	89648294	89648795	501
cCREs236454	chr18	89730684	89731318	634
cCREs236538	chr19	3339118	3339619	501
cCREs236663	chr19	3985101	3985602	501
cCREs236736	chr19	4390081	4390600	519
cCREs236738	chr19	4423064	4423580	516
cCREs236809	chr19	4751291	4751842	551
cCREs236969	chr19	5668277	5669155	878
cCREs236989	chr19	5743397	5743902	505
cCREs237006	chr19	5819471	5820037	566
cCREs237059	chr19	6131630	6132605	975
cCREs237062	chr19	6156291	6156877	586
cCREs237091	chr19	6303783	6304318	535
cCREs237102	chr19	6354199	6354700	501
cCREs237228	chr19	6923570	6924071	501
cCREs237373	chr19	7503055	7503556	501
cCREs237540	chr19	9061159	9061662	503
cCREs237549	chr19	9087917	9088418	501
cCREs237569	chr19	9606983	9607569	586
cCREs237618	chr19	10037374	10037875	501
cCREs237640	chr19	10115364	10115865	501
cCREs237787	chr19	10670138	10670639	501
cCREs237925	chr19	11391356	11391880	524
cCREs237926	chr19	11398217	11399022	805
cCREs237949	chr19	11559379	11559996	617
cCREs237978	chr19	11800856	11801362	506
cCREs237988	chr19	11820565	11821066	501
cCREs238008	chr19	11978582	11979088	506
cCREs238159	chr19	14060704	14061205	501
cCREs238200	chr19	14330299	14330803	504
cCREs238223	chr19	14410181	14410706	525
cCREs238301	chr19	14798372	14798873	501
cCREs238350	chr19	15060930	15061431	501
cCREs238390	chr19	15255945	15256446	501
cCREs238412	chr19	15403955	15404456	501
cCREs238427	chr19	15498304	15498805	501
cCREs238593	chr19	16270939	16271440	501
cCREs238638	chr19	16441945	16442446	501
cCREs238689	chr19	16646239	16646760	521
cCREs238713	chr19	16894393	16895126	733
cCREs238737	chr19	17031505	17032006	501
cCREs238745	chr19	17069346	17069847	501
cCREs238878	chr19	17574085	17574586	501
cCREs239161	chr19	18968325	18968855	530
cCREs239348	chr19	20413449	20413985	536
cCREs239363	chr19	20486897	20487398	501
cCREs239584	chr19	21600634	21601148	514
cCREs239603	chr19	21666972	21667473	501
cCREs239611	chr19	21696108	21696609	501
cCREs239659	chr19	21867448	21867949	501
cCREs239680	chr19	21996774	21997275	501
cCREs239730	chr19	22265433	22265934	501
cCREs239742	chr19	22315952	22316453	501
cCREs239843	chr19	22691434	22691935	501
cCREs239867	chr19	22776282	22776817	535
cCREs239886	chr19	22823309	22823866	557
cCREs240150	chr19	23801049	23801914	865
cCREs240175	chr19	23856594	23857096	502
cCREs240273	chr19	24172082	24172583	501
cCREs240365	chr19	24469801	24470366	565
cCREs240389	chr19	24553588	24554103	515
cCREs240483	chr19	24908613	24909114	501
cCREs240583	chr19	25365653	25366172	519
cCREs240584	chr19	25368602	25369116	514
cCREs240596	chr19	25410487	25410988	501
cCREs240612	chr19	25446991	25447492	501
cCREs240694	chr19	26063001	26063513	512
cCREs240695	chr19	26067201	26067702	501
cCREs240871	chr19	26778952	26779884	932
cCREs240872	chr19	26780186	26780687	501
cCREs240965	chr19	27148295	27148876	581
cCREs240987	chr19	27254226	27254727	501
cCREs241023	chr19	27397177	27397697	520
cCREs241028	chr19	27417687	27418188	501
cCREs241046	chr19	27477974	27478475	501
cCREs241106	chr19	27708725	27709226	501
cCREs241280	chr19	28448821	28449322	501
cCREs241381	chr19	28852977	28853478	501
cCREs241636	chr19	29872622	29873137	515
cCREs241721	chr19	30338549	30339050	501
cCREs241727	chr19	30405971	30406472	501
cCREs241743	chr19	30578760	30579298	538
cCREs241754	chr19	30641736	30642237	501
cCREs241773	chr19	30746731	30747232	501
cCREs241957	chr19	31496835	31497361	526
cCREs242195	chr19	32506158	32506659	501
cCREs242328	chr19	33048999	33049524	525
cCREs242433	chr19	33996900	33997401	501
cCREs242435	chr19	34011617	34012118	501
cCREs242436	chr19	34015801	34016306	505
cCREs242517	chr19	34389863	34390755	892
cCREs242521	chr19	34420285	34421634	1349
cCREs242546	chr19	34512768	34513319	551
cCREs242552	chr19	34523317	34523851	534
cCREs242637	chr19	34910509	34911010	501
cCREs242672	chr19	35135893	35136394	501
cCREs242915	chr19	36475070	36475571	501
cCREs243003	chr19	36793422	36793938	516
cCREs243014	chr19	36845932	36846436	504
cCREs243052	chr19	37022866	37023395	529
cCREs243179	chr19	37520765	37521687	922
cCREs243228	chr19	37810262	37811033	771
cCREs243253	chr19	37958958	37959512	554
cCREs243350	chr19	38329226	38330217	991
cCREs243504	chr19	40236093	40237071	978
cCREs243648	chr19	40683492	40684580	1088
cCREs243682	chr19	40785130	40785631	501
cCREs243699	chr19	40901385	40901923	538
cCREs243771	chr19	41195514	41196015	501
cCREs243845	chr19	41604189	41604701	512
cCREs243948	chr19	41976454	41976955	501
cCREs244050	chr19	42368031	42368532	501
cCREs244099	chr19	42512554	42513103	549
cCREs244121	chr19	42591860	42592361	501
cCREs244224	chr19	43158933	43159434	501
cCREs244278	chr19	43552240	43552741	501
cCREs244324	chr19	43773201	43773702	501
cCREs244398	chr19	44184293	44184797	504
cCREs244407	chr19	44265179	44265680	501
cCREs244468	chr19	44590812	44591568	756
cCREs244530	chr19	44991527	44992034	507
cCREs244648	chr19	45548206	45548787	581
cCREs244818	chr19	46390758	46391259	501
cCREs244842	chr19	46456265	46457064	799
cCREs244851	chr19	46478835	46480091	1256
cCREs244925	chr19	46733046	46733547	501
cCREs245144	chr19	47461288	47461821	533
cCREs245163	chr19	47539720	47540222	502
cCREs245335	chr19	48302262	48302763	501
cCREs245405	chr19	48575788	48576289	501
cCREs245556	chr19	49356380	49356881	501
cCREs245831	chr19	50594761	50595262	501
cCREs245933	chr19	51314629	51315137	508
cCREs245951	chr19	51560624	51561125	501
cCREs245967	chr19	51751307	51751808	501
cCREs246027	chr19	52195233	52195734	501
cCREs246175	chr19	53027896	53028397	501
cCREs246211	chr19	53137199	53137708	509
cCREs246345	chr19	53602413	53602947	534
cCREs246395	chr19	53789428	53790016	588
cCREs246565	chr19	54601097	54601875	778
cCREs246602	chr19	54787131	54787632	501
cCREs246668	chr19	55078591	55079092	501
cCREs246685	chr19	55149191	55150055	864
cCREs246849	chr19	55787360	55787861	501
cCREs246888	chr19	55949476	55949984	508
cCREs246959	chr19	56316382	56316883	501
cCREs246987	chr19	56434784	56435581	797
cCREs247105	chr19	56836704	56837205	501
cCREs247137	chr19	56981561	56982226	665
cCREs247151	chr19	57013033	57013534	501
cCREs247567	chr19	58383094	58383610	516
cCREs247597	chr19	58460572	58461087	515
cCREs247694	chr19	58880063	58880564	501
cCREs247777	chr19	59227246	59227747	501
cCREs247838	chr19	59482063	59482564	501
cCREs247983	chr19	60397678	60398187	509
cCREs248011	chr19	60508806	60509307	501
cCREs248146	chr19	61258598	61259099	501
cCREs248233	chr2	3434948	3435935	987
cCREs248235	chr2	3441322	3441823	501
cCREs248283	chr2	3723691	3724401	710
cCREs248301	chr2	3766688	3767189	501
cCREs248359	chr2	4114631	4115132	501
cCREs248415	chr2	4325352	4325853	501
cCREs248431	chr2	4383056	4383589	533
cCREs248462	chr2	4480096	4480609	513
cCREs248502	chr2	4587172	4587673	501
cCREs248509	chr2	4603331	4603832	501
cCREs248519	chr2	4628197	4628723	526
cCREs248526	chr2	4660934	4661589	655
cCREs248543	chr2	4816702	4817203	501
cCREs248822	chr2	5880566	5881067	501
cCREs248870	chr2	6149672	6150173	501
cCREs248916	chr2	6332821	6333352	531
cCREs248941	chr2	6399792	6400568	776
cCREs248943	chr2	6402719	6403220	501
cCREs249021	chr2	6600706	6601207	501
cCREs249361	chr2	7828695	7829196	501
cCREs249655	chr2	9850906	9851407	501
cCREs249678	chr2	9989600	9990479	879
cCREs249679	chr2	9996912	9997421	509
cCREs249706	chr2	10099701	10100208	507
cCREs249782	chr2	10450469	10451284	815
cCREs249811	chr2	10659046	10659547	501
cCREs249854	chr2	10879943	10880474	531
cCREs249916	chr2	11216367	11216868	501
cCREs249928	chr2	11279999	11280502	503
cCREs249935	chr2	11329816	11330317	501
cCREs249975	chr2	11494034	11494577	543
cCREs250101	chr2	12149063	12149564	501
cCREs250223	chr2	12748806	12749308	502
cCREs250234	chr2	12794250	12795104	854
cCREs250261	chr2	12893160	12893661	501
cCREs250339	chr2	13223727	13224228	501
cCREs250401	chr2	13455933	13456482	549
cCREs250435	chr2	13575988	13576505	517
cCREs250511	chr2	14065619	14066545	926
cCREs250572	chr2	14445721	14446222	501
cCREs250743	chr2	15182714	15183215	501
cCREs250821	chr2	15806093	15806594	501
cCREs250823	chr2	15841067	15841908	841
cCREs250837	chr2	15941873	15942374	501
cCREs250878	chr2	16308577	16309078	501
cCREs250883	chr2	16339069	16339570	501
cCREs250884	chr2	16350759	16351552	793
cCREs250906	chr2	16414887	16415397	510
cCREs251064	chr2	17262507	17263008	501
cCREs251091	chr2	17402408	17402909	501
cCREs251108	chr2	17450379	17450880	501
cCREs251204	chr2	17794833	17795334	501
cCREs251330	chr2	18420570	18421071	501
cCREs251331	chr2	18423994	18424495	501
cCREs251332	chr2	18431973	18432474	501
cCREs251463	chr2	19066432	19066933	501
cCREs251486	chr2	19234257	19234758	501
cCREs251491	chr2	19252041	19252542	501
cCREs251758	chr2	20528140	20528670	530
cCREs251884	chr2	20962832	20963340	508
cCREs252025	chr2	21568813	21569314	501
cCREs252164	chr2	22596986	22597801	815
cCREs252217	chr2	22809823	22810324	501
cCREs252222	chr2	22842204	22842705	501
cCREs252300	chr2	23211825	23212352	527
cCREs252318	chr2	23501868	23502369	501
cCREs252360	chr2	24050528	24051029	501
cCREs252504	chr2	24858863	24859364	501
cCREs252523	chr2	24941974	24942475	501
cCREs252535	chr2	25042983	25043518	535
cCREs252639	chr2	25485686	25486206	520
cCREs252665	chr2	25624763	25625267	504
cCREs252667	chr2	25631360	25632378	1018
cCREs252689	chr2	25791594	25792143	549
cCREs252691	chr2	25815395	25815947	552
cCREs252728	chr2	25969419	25969920	501
cCREs252733	chr2	25984892	25985393	501
cCREs252766	chr2	26144226	26144727	501
cCREs252789	chr2	26234173	26234674	501
cCREs252793	chr2	26252493	26253026	533
cCREs252829	chr2	26404378	26404879	501
cCREs252905	chr2	26662783	26663284	501
cCREs252912	chr2	26811636	26812137	501
cCREs252942	chr2	27054713	27055238	525
cCREs252946	chr2	27069487	27070023	536
cCREs253072	chr2	27468978	27469756	778
cCREs253107	chr2	27670635	27671136	501
cCREs253130	chr2	27741291	27741792	501
cCREs253160	chr2	27862219	27863071	852
cCREs253207	chr2	28048575	28049076	501
cCREs253374	chr2	28591293	28591876	583
cCREs253548	chr2	29424555	29425056	501
cCREs253552	chr2	29435685	29436186	501
cCREs253578	chr2	29506356	29506876	520
cCREs253665	chr2	29784234	29784748	514
cCREs253736	chr2	30194598	30195123	525
cCREs253915	chr2	30905493	30905994	501
cCREs253925	chr2	30937553	30938054	501
cCREs253936	chr2	30996775	30997276	501
cCREs253957	chr2	31078869	31079396	527
cCREs254044	chr2	31375375	31375876	501
cCREs254126	chr2	31745811	31746326	515
cCREs254129	chr2	31754298	31754799	501
cCREs254204	chr2	32003996	32004497	501
cCREs254276	chr2	32253146	32253647	501
cCREs254302	chr2	32358749	32359250	501
cCREs254479	chr2	32975497	32976250	753
cCREs254556	chr2	33211449	33211950	501
cCREs254663	chr2	33460526	33461027	501
cCREs254666	chr2	33465916	33466858	942
cCREs254699	chr2	33662970	33663471	501
cCREs254885	chr2	34420214	34420767	553
cCREs254914	chr2	34533051	34533799	748
cCREs254991	chr2	34935926	34936427	501
cCREs255004	chr2	34979432	34979938	506
cCREs255057	chr2	35250052	35250625	573
cCREs255069	chr2	35278285	35279020	735
cCREs255071	chr2	35280817	35281324	507
cCREs255078	chr2	35309539	35310566	1027
cCREs255093	chr2	35402793	35403294	501
cCREs255095	chr2	35408725	35409226	501
cCREs255130	chr2	35515234	35515756	522
cCREs255133	chr2	35532606	35533107	501
cCREs255268	chr2	35916995	35917496	501
cCREs255371	chr2	36269504	36270005	501
cCREs255404	chr2	37470679	37471180	501
cCREs255457	chr2	37747171	37747672	501
cCREs255578	chr2	38182271	38182772	501
cCREs255692	chr2	38622484	38623028	544
cCREs255755	chr2	38980867	38981774	907
cCREs255770	chr2	39041662	39042332	670
cCREs255840	chr2	39574838	39575339	501
cCREs255867	chr2	39841302	39841803	501
cCREs255877	chr2	40014153	40014654	501
cCREs255942	chr2	40724692	40725193	501
cCREs256006	chr2	41167219	41168017	798
cCREs256068	chr2	41593145	41593646	501
cCREs256070	chr2	41596340	41596877	537
cCREs256083	chr2	41653440	41653943	503
cCREs256136	chr2	41970682	41971216	534
cCREs256159	chr2	42101305	42101806	501
cCREs256242	chr2	42492745	42493246	501
cCREs256337	chr2	42982470	42982997	527
cCREs256480	chr2	43743522	43744023	501
cCREs256482	chr2	43757399	43757900	501
cCREs256559	chr2	44055122	44055623	501
cCREs256567	chr2	44081589	44082090	501
cCREs256606	chr2	44199828	44200329	501
cCREs256703	chr2	44588368	44588881	513
cCREs257159	chr2	47131254	47131755	501
cCREs257213	chr2	47736560	47737061	501
cCREs257233	chr2	47865779	47866292	513
cCREs257263	chr2	48032200	48032701	501
cCREs257691	chr2	49876109	49876610	501
cCREs257756	chr2	50098860	50099396	536
cCREs257966	chr2	50984618	50985119	501
cCREs257969	chr2	51003646	51004147	501
cCREs258038	chr2	51312036	51312561	525
cCREs258050	chr2	51365393	51365894	501
cCREs258131	chr2	51721142	51721643	501
cCREs258250	chr2	52272498	52273032	534
cCREs258290	chr2	52416432	52416933	501
cCREs258302	chr2	52448196	52448716	520
cCREs258375	chr2	52635970	52636914	944
cCREs258434	chr2	52819993	52820494	501
cCREs258465	chr2	52922227	52923017	790
cCREs258724	chr2	54233253	54233754	501
cCREs258921	chr2	55568086	55568587	501
cCREs259003	chr2	56279916	56280417	501
cCREs259056	chr2	56653902	56654442	540
cCREs259126	chr2	57232827	57233328	501
cCREs259129	chr2	57244865	57246228	1363
cCREs259131	chr2	57250592	57251214	622
cCREs259240	chr2	57790838	57791339	501
cCREs259243	chr2	57807831	57808332	501
cCREs259415	chr2	58479883	58480390	507
cCREs259474	chr2	58640377	58640902	525
cCREs259476	chr2	58643625	58644126	501
cCREs259488	chr2	58683473	58683974	501
cCREs259577	chr2	59024466	59024983	517
cCREs259599	chr2	59152866	59153411	545
cCREs259612	chr2	59197066	59197567	501
cCREs259636	chr2	59248692	59249193	501
cCREs259690	chr2	59400763	59401613	850
cCREs259705	chr2	59445943	59446444	501
cCREs259840	chr2	59833406	59833930	524
cCREs259949	chr2	60318871	60319372	501
cCREs260176	chr2	61203739	61204240	501
cCREs260277	chr2	61605402	61605903	501
cCREs260362	chr2	62100494	62101087	593
cCREs260569	chr2	62893372	62893873	501
cCREs260606	chr2	63015382	63015883	501
cCREs260653	chr2	63196917	63197418	501
cCREs260666	chr2	63273762	63274295	533
cCREs260679	chr2	63379418	63379919	501
cCREs260722	chr2	63627260	63627761	501
cCREs260729	chr2	63664272	63664773	501
cCREs260737	chr2	63745519	63746020	501
cCREs260808	chr2	64090983	64091519	536
cCREs260825	chr2	64247857	64248358	501
cCREs260855	chr2	64459533	64460446	913
cCREs260888	chr2	64712235	64712736	501
cCREs260915	chr2	64905492	64906000	508
cCREs260917	chr2	64916687	64917209	522
cCREs260926	chr2	64956817	64957318	501
cCREs260945	chr2	65009998	65010787	789
cCREs261006	chr2	65206103	65206624	521
cCREs261019	chr2	65242426	65242936	510
cCREs261033	chr2	65293967	65294841	874
cCREs261035	chr2	65303173	65303674	501
cCREs261039	chr2	65325342	65325843	501
cCREs261072	chr2	65462023	65462524	501
cCREs261087	chr2	65524340	65524907	567
cCREs261276	chr2	66202503	66203004	501
cCREs261325	chr2	66423779	66424280	501
cCREs261417	chr2	67093311	67093931	620
cCREs261509	chr2	67659255	67660086	831
cCREs261549	chr2	67812369	67812872	503
cCREs261645	chr2	68140827	68141601	774
cCREs261663	chr2	68225276	68225777	501
cCREs261664	chr2	68233782	68234283	501
cCREs261672	chr2	68254940	68255491	551
cCREs261773	chr2	68499336	68500080	744
cCREs261799	chr2	68704561	68705062	501
cCREs261825	chr2	68833913	68834414	501
cCREs261897	chr2	69026172	69026673	501
cCREs261951	chr2	69164418	69164919	501
cCREs262133	chr2	70043508	70044009	501
cCREs262268	chr2	70571118	70571619	501
cCREs262295	chr2	70667260	70667761	501
cCREs262296	chr2	70671123	70671624	501
cCREs262300	chr2	70685060	70685593	533
cCREs262818	chr2	72523229	72523746	517
cCREs262961	chr2	73121913	73122414	501
cCREs263064	chr2	73477047	73477820	773
cCREs263065	chr2	73481312	73481813	501
cCREs263067	chr2	73488964	73489465	501
cCREs263080	chr2	73526660	73527210	550
cCREs263124	chr2	73662093	73662594	501
cCREs263330	chr2	74820877	74821400	523
cCREs263349	chr2	74925920	74926891	971
cCREs263458	chr2	75446046	75446577	531
cCREs263469	chr2	75498731	75499232	501
cCREs263546	chr2	75838172	75838676	504
cCREs263639	chr2	76213867	76214368	501
cCREs264022	chr2	77617951	77618452	501
cCREs264137	chr2	77944248	77944749	501
cCREs264139	chr2	77951265	77951766	501
cCREs264211	chr2	78344420	78344921	501
cCREs264271	chr2	78647223	78647724	501
cCREs264358	chr2	79069313	79069814	501
cCREs264451	chr2	79420487	79420988	501
cCREs264457	chr2	79449211	79449712	501
cCREs264531	chr2	79701520	79702021	501
cCREs264703	chr2	80327740	80328241	501
cCREs264751	chr2	80522329	80522830	501
cCREs264758	chr2	80548100	80548601	501
cCREs264997	chr2	81985054	81985555	501
cCREs265129	chr2	82775364	82775865	501
cCREs265159	chr2	83088099	83088600	501
cCREs265366	chr2	84345536	84346037	501
cCREs265412	chr2	84522152	84522653	501
cCREs265491	chr2	84843132	84844331	1199
cCREs265594	chr2	85196816	85197779	963
cCREs265911	chr2	90511623	90512124	501
cCREs265931	chr2	90555625	90556137	512
cCREs265989	chr2	90792405	90792906	501
cCREs265991	chr2	90808903	90809404	501
cCREs266020	chr2	90913665	90914166	501
cCREs266192	chr2	91631931	91632432	501
cCREs266320	chr2	92062404	92062905	501
cCREs266331	chr2	92104066	92104567	501
cCREs266372	chr2	92344845	92345346	501
cCREs266445	chr2	92580970	92581612	642
cCREs266551	chr2	92886733	92887238	505
cCREs266728	chr2	93413136	93414067	931
cCREs266778	chr2	93610662	93611163	501
cCREs266794	chr2	93674804	93675506	702
cCREs266901	chr2	93996777	93997278	501
cCREs267170	chr2	95428705	95429206	501
cCREs267250	chr2	96050126	96050627	501
cCREs267264	chr2	96171149	96171650	501
cCREs267407	chr2	96833928	96834429	501
cCREs267451	chr2	97080078	97080579	501
cCREs267509	chr2	97409229	97409730	501
cCREs267524	chr2	97475499	97476000	501
cCREs267536	chr2	97510512	97511013	501
cCREs267544	chr2	97532370	97532910	540
cCREs267552	chr2	97548742	97549705	963
cCREs267605	chr2	97958254	97958755	501
cCREs267609	chr2	97995029	97995530	501
cCREs267621	chr2	98095090	98095591	501
cCREs267805	chr2	100265045	100265567	522
cCREs267827	chr2	100432933	100433434	501
cCREs267830	chr2	100777857	100778358	501
cCREs267863	chr2	100982302	100983060	758
cCREs267894	chr2	101171135	101171648	513
cCREs267975	chr2	101583501	101584002	501
cCREs267992	chr2	101663837	101664338	501
cCREs268003	chr2	101694420	101695075	655
cCREs268027	chr2	101771830	101772331	501
cCREs268161	chr2	102131583	102132084	501
cCREs268193	chr2	102212036	102212571	535
cCREs268299	chr2	102594472	102595004	532
cCREs268333	chr2	102689653	102690154	501
cCREs268436	chr2	102991436	102991937	501
cCREs268442	chr2	103010571	103011072	501
cCREs268533	chr2	103319973	103320968	995
cCREs268536	chr2	103328202	103328710	508
cCREs268554	chr2	103397403	103397904	501
cCREs268570	chr2	103444719	103445258	539
cCREs268605	chr2	103588102	103588603	501
cCREs268620	chr2	103622857	103623393	536
cCREs268649	chr2	103694844	103695345	501
cCREs268840	chr2	104361368	104361869	501
cCREs268850	chr2	104380230	104380731	501
cCREs268852	chr2	104383614	104384115	501
cCREs268857	chr2	104394567	104395068	501
cCREs268919	chr2	104705244	104705745	501
cCREs268971	chr2	105009665	105010192	527
cCREs268977	chr2	105034863	105035530	667
cCREs269172	chr2	106013492	106014341	849
cCREs269227	chr2	106359867	106360389	522
cCREs269239	chr2	106435768	106436614	846
cCREs269348	chr2	106799452	106800184	732
cCREs269382	chr2	106888013	106888514	501
cCREs269390	chr2	106931317	106931818	501
cCREs269707	chr2	108706218	108706722	504
cCREs269710	chr2	108713202	108713707	505
cCREs269779	chr2	109135287	109135788	501
cCREs269804	chr2	109307677	109308178	501
cCREs270258	chr2	112415607	112416315	708
cCREs270461	chr2	113143816	113144317	501
cCREs270645	chr2	113897089	113897785	696
cCREs270792	chr2	114508033	114508534	501
cCREs270801	chr2	114570939	114571453	514
cCREs270945	chr2	115338047	115338629	582
cCREs270975	chr2	115461597	115462111	514
cCREs270976	chr2	115464164	115464671	507
cCREs271042	chr2	115733825	115734326	501
cCREs271051	chr2	115761068	115761569	501
cCREs271172	chr2	116189432	116189945	513
cCREs271178	chr2	116215049	116215574	525
cCREs271300	chr2	116836043	116836544	501
cCREs271373	chr2	117101439	117101940	501
cCREs271484	chr2	117478413	117478934	521
cCREs271679	chr2	118266081	118266833	752
cCREs271704	chr2	118343824	118344406	582
cCREs271727	chr2	118441453	118441954	501
cCREs271801	chr2	118679625	118680126	501
cCREs271925	chr2	119314647	119315408	761
cCREs271957	chr2	119483728	119484229	501
cCREs272026	chr2	119851485	119852004	519
cCREs272158	chr2	120530385	120530886	501
cCREs272199	chr2	120830840	120831625	785
cCREs272220	chr2	120966810	120967311	501
cCREs272240	chr2	121096423	121096996	573
cCREs272265	chr2	121225785	121226286	501
cCREs272337	chr2	121584445	121585131	686
cCREs272395	chr2	121734297	121734798	501
cCREs272415	chr2	121798931	121799493	562
cCREs272426	chr2	121837040	121837541	501
cCREs272460	chr2	122109641	122110424	783
cCREs272502	chr2	122334150	122334680	530
cCREs272529	chr2	122489679	122490180	501
cCREs272570	chr2	122707990	122708514	524
cCREs272576	chr2	122726352	122726853	501
cCREs273027	chr2	124743059	124743560	501
cCREs273043	chr2	124807013	124807514	501
cCREs273074	chr2	124945647	124946188	541
cCREs273157	chr2	125283841	125284342	501
cCREs273300	chr2	125786420	125786921	501
cCREs273306	chr2	125796062	125796582	520
cCREs273314	chr2	125821664	125822199	535
cCREs273409	chr2	126264615	126265164	549
cCREs273522	chr2	126905494	126905995	501
cCREs273560	chr2	127084739	127085267	528
cCREs273581	chr2	127188570	127189102	532
cCREs273637	chr2	127469861	127470362	501
cCREs273726	chr2	127896788	127897311	523
cCREs273730	chr2	127907570	127908203	633
cCREs273745	chr2	127981615	127982116	501
cCREs274104	chr2	129550883	129551384	501
cCREs274196	chr2	129897590	129898108	518
cCREs274250	chr2	130120697	130121198	501
cCREs274339	chr2	130496660	130497483	823
cCREs274421	chr2	130833623	130834124	501
cCREs274444	chr2	130955322	130955823	501
cCREs274512	chr2	131217704	131218283	579
cCREs274642	chr2	131738333	131738848	515
cCREs274856	chr2	132477310	132477811	501
cCREs275011	chr2	133118524	133119025	501
cCREs275047	chr2	133326222	133327005	783
cCREs275160	chr2	133857394	133857895	501
cCREs275202	chr2	134046929	134047430	501
cCREs275203	chr2	134051526	134052027	501
cCREs275212	chr2	134091682	134092183	501
cCREs275245	chr2	134384795	134385296	501
cCREs275280	chr2	134608836	134609343	507
cCREs275558	chr2	135590289	135590790	501
cCREs275727	chr2	136126639	136127177	538
cCREs275745	chr2	136185851	136186355	504
cCREs275784	chr2	136344920	136345421	501
cCREs275790	chr2	136355272	136355785	513
cCREs275965	chr2	137025139	137025640	501
cCREs276018	chr2	137246604	137247324	720
cCREs276127	chr2	137763716	137764217	501
cCREs276146	chr2	137846785	137847286	501
cCREs276260	chr2	138325722	138326223	501
cCREs276268	chr2	138363483	138364010	527
cCREs276277	chr2	138388568	138389070	502
cCREs276293	chr2	138468608	138469117	509
cCREs276560	chr2	139754836	139755337	501
cCREs276582	chr2	139829836	139830337	501
cCREs276635	chr2	140086453	140086954	501
cCREs276734	chr2	140580383	140580884	501
cCREs276952	chr2	141489112	141489613	501
cCREs277015	chr2	141764795	141765296	501
cCREs277023	chr2	141832800	141833314	514
cCREs277318	chr2	142956919	142957420	501
cCREs277558	chr2	143825716	143826217	501
cCREs277667	chr2	144222363	144223122	759
cCREs277671	chr2	144233275	144233776	501
cCREs277706	chr2	144359537	144360456	919
cCREs277780	chr2	144640048	144640553	505
cCREs277830	chr2	144787489	144788008	519
cCREs277840	chr2	144864990	144865491	501
cCREs278194	chr2	146218191	146218923	732
cCREs278379	chr2	146941882	146942435	553
cCREs278511	chr2	147795248	147795762	514
cCREs278742	chr2	148659858	148660359	501
cCREs278773	chr2	148793531	148794217	686
cCREs278804	chr2	148930302	148930803	501
cCREs278991	chr2	150222827	150223689	862
cCREs278997	chr2	150423203	150423808	605
cCREs279013	chr2	150618021	150618542	521
cCREs279101	chr2	150892156	150892657	501
cCREs279136	chr2	151475125	151475626	501
cCREs279209	chr2	151767474	151767975	501
cCREs279272	chr2	152033816	152034317	501
cCREs279368	chr2	152455244	152455745	501
cCREs279370	chr2	152469596	152470109	513
cCREs279385	chr2	152588414	152588915	501
cCREs279396	chr2	152637857	152638358	501
cCREs279656	chr2	153603712	153604282	570
cCREs279707	chr2	153894278	153894779	501
cCREs279837	chr2	154566406	154566907	501
cCREs279840	chr2	154574151	154574652	501
cCREs279902	chr2	154851491	154851992	501
cCREs280029	chr2	155591325	155591826	501
cCREs280112	chr2	155932335	155932836	501
cCREs280344	chr2	156782010	156782511	501
cCREs280384	chr2	156953167	156953683	516
cCREs280401	chr2	157008953	157009454	501
cCREs280421	chr2	157057313	157057837	524
cCREs280818	chr2	158411931	158412432	501
cCREs280844	chr2	158527450	158527959	509
cCREs280942	chr2	158843807	158844518	711
cCREs281014	chr2	159140241	159140742	501
cCREs281037	chr2	159331367	159331868	501
cCREs281171	chr2	160186233	160186738	505
cCREs281634	chr2	162220630	162221131	501
cCREs281855	chr2	163131664	163132165	501
cCREs281927	chr2	163414136	163414652	516
cCREs282022	chr2	163779470	163779977	507
cCREs282133	chr2	164239228	164239729	501
cCREs282175	chr2	164464988	164465504	516
cCREs282262	chr2	164882457	164882961	504
cCREs282270	chr2	164904082	164904583	501
cCREs282384	chr2	165298210	165298711	501
cCREs282498	chr2	165711550	165712051	501
cCREs282634	chr2	166132691	166133192	501
cCREs282766	chr2	166565522	166566023	501
cCREs282813	chr2	166702816	166703370	554
cCREs282858	chr2	166879148	166879649	501
cCREs282895	chr2	167017573	167018074	501
cCREs283016	chr2	167484354	167484855	501
cCREs283023	chr2	167498984	167499485	501
cCREs283207	chr2	168167708	168168243	535
cCREs283218	chr2	168225669	168226170	501
cCREs283302	chr2	168508025	168508526	501
cCREs283378	chr2	168759257	168759780	523
cCREs283425	chr2	169023759	169024260	501
cCREs283524	chr2	169511028	169511529	501
cCREs283617	chr2	169869033	169869574	541
cCREs283838	chr2	170774199	170774700	501
cCREs283908	chr2	171059527	171060028	501
cCREs284022	chr2	171809797	171810334	537
cCREs284348	chr2	173297991	173298492	501
cCREs284521	chr2	174082937	174083807	870
cCREs284528	chr2	174104415	174104916	501
cCREs284539	chr2	174149295	174149796	501
cCREs284631	chr2	174568347	174568848	501
cCREs284691	chr2	174805734	174806235	501
cCREs284778	chr2	178155867	178156557	690
cCREs284793	chr2	178200686	178201187	501
cCREs284804	chr2	178222181	178222682	501
cCREs284833	chr2	178306263	178306781	518
cCREs284847	chr2	178356256	178356757	501
cCREs284918	chr2	178662336	178662855	519
cCREs284924	chr2	178679432	178679951	519
cCREs285129	chr2	179592855	179593356	501
cCREs285259	chr2	180051882	180052397	515
cCREs285320	chr2	180239006	180239527	521
cCREs285488	chr2	180979818	180980319	501
cCREs285576	chr2	181361708	181362209	501
cCREs285602	chr2	181494148	181494649	501
cCREs285718	chr3	3950681	3951585	904
cCREs285738	chr3	4361272	4361773	501
cCREs285771	chr3	4855105	4855612	507
cCREs285817	chr3	5301751	5302252	501
cCREs285855	chr3	5534011	5534512	501
cCREs285859	chr3	5568088	5568589	501
cCREs285959	chr3	6880963	6881464	501
cCREs286085	chr3	7939233	7939734	501
cCREs286217	chr3	8700972	8701473	501
cCREs286219	chr3	8712628	8713205	577
cCREs286222	chr3	8720839	8721477	638
cCREs286235	chr3	8770369	8770870	501
cCREs286252	chr3	8854748	8855249	501
cCREs286273	chr3	8952862	8953363	501
cCREs286301	chr3	9006950	9007475	525
cCREs286398	chr3	9474579	9475080	501
cCREs286413	chr3	9524320	9524821	501
cCREs286472	chr3	9710096	9710597	501
cCREs286570	chr3	10035855	10037120	1265
cCREs286580	chr3	10083153	10083671	518
cCREs286581	chr3	10085241	10085742	501
cCREs286593	chr3	10123478	10123979	501
cCREs286771	chr3	10960044	10960545	501
cCREs286816	chr3	11257362	11258173	811
cCREs287079	chr3	13739242	13739743	501
cCREs287288	chr3	15120658	15121218	560
cCREs287351	chr3	16190331	16190832	501
cCREs287354	chr3	16210252	16211010	758
cCREs287586	chr3	17867724	17868225	501
cCREs287596	chr3	18008188	18008689	501
cCREs287681	chr3	18450234	18450739	505
cCREs287699	chr3	18560071	18560836	765
cCREs287740	chr3	18770324	18770834	510
cCREs287819	chr3	19249377	19249878	501
cCREs287836	chr3	19304189	19304707	518
cCREs287840	chr3	19317208	19317728	520
cCREs287842	chr3	19320223	19320724	501
cCREs287879	chr3	19508326	19508827	501
cCREs287883	chr3	19517062	19517563	501
cCREs287964	chr3	19913370	19913871	501
cCREs288048	chr3	20391119	20391862	743
cCREs288087	chr3	20724075	20724576	501
cCREs288244	chr3	21506620	21507121	501
cCREs288308	chr3	21772789	21773290	501
cCREs288334	chr3	21876624	21877138	514
cCREs288388	chr3	22082320	22082821	501
cCREs288425	chr3	22173438	22173939	501
cCREs288512	chr3	22939632	22940434	802
cCREs288564	chr3	23257142	23257676	534
cCREs288585	chr3	23461804	23462305	501
cCREs288590	chr3	23511988	23512489	501
cCREs288647	chr3	23943862	23944363	501
cCREs288664	chr3	24068591	24069107	516
cCREs288678	chr3	24168010	24168511	501
cCREs288679	chr3	24185669	24186210	541
cCREs288739	chr3	24576828	24577330	502
cCREs288791	chr3	24872211	24872725	514
cCREs288831	chr3	25177565	25178088	523
cCREs288832	chr3	25182552	25183053	501
cCREs288845	chr3	25326995	25327510	515
cCREs288846	chr3	25329928	25330429	501
cCREs288863	chr3	25442241	25442913	672
cCREs289015	chr3	25992110	25992947	837
cCREs289071	chr3	26210890	26211400	510
cCREs289255	chr3	27193669	27194593	924
cCREs289267	chr3	27225808	27226326	518
cCREs289284	chr3	27272811	27273636	825
cCREs289382	chr3	27613182	27613683	501
cCREs289529	chr3	28188302	28188803	501
cCREs289539	chr3	28227640	28228141	501
cCREs289550	chr3	28270711	28271212	501
cCREs289558	chr3	28294624	28295125	501
cCREs289595	chr3	28375012	28375543	531
cCREs289610	chr3	28406047	28406548	501
cCREs289670	chr3	28578514	28579015	501
cCREs289687	chr3	28618572	28619119	547
cCREs289689	chr3	28620728	28621229	501
cCREs289732	chr3	28798222	28798723	501
cCREs289962	chr3	29893411	29893912	501
cCREs289963	chr3	29900166	29900667	501
cCREs289998	chr3	30123023	30123524	501
cCREs290027	chr3	30274476	30274977	501
cCREs290028	chr3	30275130	30275652	522
cCREs290095	chr3	30685455	30686306	851
cCREs290130	chr3	30840740	30841261	521
cCREs290136	chr3	30869884	30870451	567
cCREs290162	chr3	30964997	30965498	501
cCREs290220	chr3	31172022	31172536	514
cCREs290395	chr3	32015253	32015754	501
cCREs290590	chr3	32683403	32683904	501
cCREs290746	chr3	33286055	33286556	501
cCREs290862	chr3	33866532	33867315	783
cCREs290910	chr3	34097862	34098373	511
cCREs290922	chr3	34142127	34142692	565
cCREs290928	chr3	34167434	34167935	501
cCREs290931	chr3	34194777	34195278	501
cCREs290950	chr3	34245810	34246311	501
cCREs291060	chr3	34581385	34581886	501
cCREs291102	chr3	34687193	34688307	1114
cCREs291230	chr3	35402986	35403522	536
cCREs291312	chr3	35974711	35975212	501
cCREs291458	chr3	36679566	36680067	501
cCREs291631	chr3	37554959	37555490	531
cCREs291882	chr3	38539357	38539858	501
cCREs291973	chr3	38893799	38894300	501
cCREs291989	chr3	38924864	38925365	501
cCREs292044	chr3	39128449	39128950	501
cCREs292078	chr3	39313531	39314032	501
cCREs292197	chr3	40006383	40006884	501
cCREs292228	chr3	40181752	40182253	501
cCREs292369	chr3	40994998	40995499	501
cCREs292448	chr3	41288050	41288551	501
cCREs292541	chr3	41611163	41611854	691
cCREs292617	chr3	42143448	42143949	501
cCREs292645	chr3	42241333	42241861	528
cCREs292826	chr3	43073756	43074507	751
cCREs292869	chr3	43448700	43449201	501
cCREs293028	chr3	45393816	45394317	501
cCREs293051	chr3	45476582	45477101	519
cCREs293062	chr3	45543215	45543716	501
cCREs293095	chr3	45748245	45748746	501
cCREs293101	chr3	45801605	45802106	501
cCREs293313	chr3	47680942	47681443	501
cCREs293340	chr3	47918738	47919649	911
cCREs293460	chr3	48853280	48853781	501
cCREs293483	chr3	49080697	49081198	501
cCREs293676	chr3	50289919	50290420	501
cCREs293815	chr3	50866715	50867216	501
cCREs293968	chr3	51319301	51319873	572
cCREs294086	chr3	51755186	51755930	744
cCREs294147	chr3	51954391	51954916	525
cCREs294252	chr3	52320457	52320970	513
cCREs294421	chr3	52902170	52902671	501
cCREs294469	chr3	53057266	53057804	538
cCREs294593	chr3	53486521	53487111	590
cCREs294752	chr3	54091327	54091828	501
cCREs294935	chr3	54840454	54840955	501
cCREs295018	chr3	55109097	55109598	501
cCREs295031	chr3	55133883	55134384	501
cCREs295045	chr3	55165077	55165778	701
cCREs295167	chr3	55492130	55492644	514
cCREs295220	chr3	55638397	55638898	501
cCREs295246	chr3	55704472	55704973	501
cCREs295363	chr3	56191109	56191693	584
cCREs295493	chr3	56822901	56823402	501
cCREs295617	chr3	57434191	57434692	501
cCREs295686	chr3	57749039	57749686	647
cCREs295731	chr3	57957644	57958284	640
cCREs295735	chr3	57973066	57973567	501
cCREs295824	chr3	58358740	58359241	501
cCREs295869	chr3	58608543	58609044	501
cCREs296047	chr3	59224555	59225056	501
cCREs296094	chr3	59448903	59449413	510
cCREs296119	chr3	59773539	59774052	513
cCREs296124	chr3	59834727	59835228	501
cCREs296356	chr3	61040938	61041439	501
cCREs296459	chr3	61546278	61546779	501
cCREs296503	chr3	61796982	61797483	501
cCREs296539	chr3	61982924	61983425	501
cCREs296675	chr3	62853058	62853559	501
cCREs296696	chr3	62974282	62975073	791
cCREs296935	chr3	64365427	64365928	501
cCREs297278	chr3	65925809	65926310	501
cCREs297282	chr3	65934008	65934509	501
cCREs297295	chr3	65999992	66000493	501
cCREs297346	chr3	66234316	66234817	501
cCREs297351	chr3	66262267	66262797	530
cCREs297414	chr3	66682682	66683183	501
cCREs297423	chr3	66724898	66725399	501
cCREs297497	chr3	67407838	67408339	501
cCREs297511	chr3	67471434	67471935	501
cCREs297655	chr3	68083209	68083710	501
cCREs297802	chr3	68550055	68550615	560
cCREs297892	chr3	68841464	68841965	501
cCREs297917	chr3	68971487	68971988	501
cCREs297970	chr3	69263411	69263915	504
cCREs297975	chr3	69284398	69284899	501
cCREs298171	chr3	70000710	70001212	502
cCREs298310	chr3	70755987	70756488	501
cCREs298388	chr3	71597707	71598208	501
cCREs298437	chr3	72016561	72017062	501
cCREs298512	chr3	72744923	72745644	721
cCREs298524	chr3	72928501	72929039	538
cCREs298649	chr3	73801803	73802364	561
cCREs298781	chr3	75241685	75242186	501
cCREs298801	chr3	75322051	75322552	501
cCREs298820	chr3	75450070	75450571	501
cCREs298836	chr3	75506698	75507199	501
cCREs298840	chr3	75518208	75518892	684
cCREs298949	chr3	75937934	75938435	501
cCREs299006	chr3	76307604	76308105	501
cCREs299147	chr3	77559795	77560296	501
cCREs299210	chr3	78048024	78048525	501
cCREs299264	chr3	78408952	78409453	501
cCREs299378	chr3	78961819	78962320	501
cCREs299472	chr3	79228274	79228776	502
cCREs299493	chr3	79273301	79273802	501
cCREs299549	chr3	79450358	79450859	501
cCREs299652	chr3	79823367	79824171	804
cCREs299787	chr3	80324466	80324967	501
cCREs299914	chr3	80848125	80848820	695
cCREs299954	chr3	81001251	81001752	501
cCREs299996	chr3	81157200	81157701	501
cCREs300010	chr3	81212585	81213086	501
cCREs300073	chr3	81603843	81604344	501
cCREs300175	chr3	82034894	82035407	513
cCREs300220	chr3	82161066	82161567	501
cCREs300286	chr3	82410559	82411060	501
cCREs300325	chr3	82563271	82563772	501
cCREs300382	chr3	82789932	82790433	501
cCREs300556	chr3	83607837	83608338	501
cCREs300943	chr3	85056334	85056873	539
cCREs300995	chr3	85237224	85237725	501
cCREs301105	chr3	85617522	85618023	501
cCREs301157	chr3	85757265	85757766	501
cCREs301207	chr3	85977124	85978084	960
cCREs301226	chr3	86034489	86034990	501
cCREs301229	chr3	86039564	86040065	501
cCREs301270	chr3	86177361	86177862	501
cCREs301322	chr3	86562150	86562651	501
cCREs301457	chr3	87075933	87076434	501
cCREs301682	chr3	88146549	88147050	501
cCREs301713	chr3	88240945	88241515	570
cCREs301765	chr3	88455294	88455795	501
cCREs301822	chr3	88634167	88634678	511
cCREs301918	chr3	89209671	89211120	1449
cCREs301924	chr3	89222785	89223334	549
cCREs301968	chr3	89352320	89352821	501
cCREs301977	chr3	89390578	89391090	512
cCREs302094	chr3	89816277	89816778	501
cCREs302123	chr3	89922880	89923381	501
cCREs302231	chr3	90577512	90578178	666
cCREs302256	chr3	90661055	90661556	501
cCREs302397	chr3	92936749	92937250	501
cCREs302647	chr3	94878474	94878975	501
cCREs302741	chr3	95255226	95255727	501
cCREs302759	chr3	95318507	95319040	533
cCREs302761	chr3	95320151	95320654	503
cCREs302762	chr3	95322470	95322997	527
cCREs302777	chr3	95497123	95497624	501
cCREs302830	chr3	95760626	95761127	501
cCREs302845	chr3	95874827	95875366	539
cCREs302877	chr3	95998655	95999257	602
cCREs302919	chr3	96146821	96147348	527
cCREs302965	chr3	96432230	96432830	600
cCREs302976	chr3	96504256	96504757	501
cCREs303006	chr3	96631790	96632378	588
cCREs303055	chr3	96803167	96803716	549
cCREs303077	chr3	96929580	96930081	501
cCREs303392	chr3	98111946	98112862	916
cCREs303433	chr3	98278084	98278836	752
cCREs303442	chr3	98321176	98321677	501
cCREs303501	chr3	98950022	98950523	501
cCREs303659	chr3	100004625	100005126	501
cCREs303676	chr3	100137302	100137803	501
cCREs303706	chr3	100229116	100229617	501
cCREs303772	chr3	100602075	100602576	501
cCREs303831	chr3	100781067	100781568	501
cCREs303861	chr3	100887613	100888127	514
cCREs303883	chr3	100961436	100962571	1135
cCREs303940	chr3	101131738	101132271	533
cCREs304048	chr3	101474178	101475467	1289
cCREs304082	chr3	101595013	101595713	700
cCREs304262	chr3	102180733	102181676	943
cCREs304273	chr3	102200998	102201551	553
cCREs304277	chr3	102227667	102228332	665
cCREs304372	chr3	102608055	102608556	501
cCREs304494	chr3	103334677	103335214	537
cCREs304651	chr3	103921502	103922254	752
cCREs304661	chr3	103979266	103979767	501
cCREs304859	chr3	104846256	104846757	501
cCREs304862	chr3	104876784	104877730	946
cCREs304863	chr3	104888631	104889132	501
cCREs304870	chr3	104923900	104924401	501
cCREs304988	chr3	105355326	105355827	501
cCREs305026	chr3	105464781	105465282	501
cCREs305168	chr3	105861620	105862432	812
cCREs305180	chr3	105887657	105888182	525
cCREs305252	chr3	106526316	106526830	514
cCREs305338	chr3	107135843	107136723	880
cCREs305340	chr3	107147084	107147585	501
cCREs305377	chr3	107266472	107266973	501
cCREs305414	chr3	107419582	107420124	542
cCREs305432	chr3	107462936	107463437	501
cCREs305483	chr3	107589835	107590336	501
cCREs305554	chr3	107820779	107821280	501
cCREs305563	chr3	107839341	107839842	501
cCREs305566	chr3	107843919	107845169	1250
cCREs305685	chr3	108261778	108262286	508
cCREs305807	chr3	108712997	108713761	764
cCREs305851	chr3	108873429	108873930	501
cCREs305974	chr3	109389229	109389730	501
cCREs306042	chr3	109610278	109610879	601
cCREs306064	chr3	109685141	109685642	501
cCREs306072	chr3	109710025	109710526	501
cCREs306084	chr3	109754536	109755316	780
cCREs306121	chr3	109887087	109887588	501
cCREs306157	chr3	109997771	109998275	504
cCREs306213	chr3	110279146	110279684	538
cCREs306333	chr3	111233491	111233992	501
cCREs306470	chr3	113019268	113019777	509
cCREs306481	chr3	113149152	113149653	501
cCREs306492	chr3	113579760	113580261	501
cCREs306712	chr3	115226284	115226785	501
cCREs306747	chr3	115419652	115420153	501
cCREs306788	chr3	115599136	115599689	553
cCREs306852	chr3	115817043	115817565	522
cCREs306861	chr3	115893117	115893628	511
cCREs307044	chr3	116527513	116528014	501
cCREs307082	chr3	116667789	116668595	806
cCREs307090	chr3	116731303	116731821	518
cCREs307169	chr3	117072223	117072724	501
cCREs307253	chr3	117411663	117412164	501
cCREs307563	chr3	118678291	118679016	725
cCREs307744	chr3	119742046	119742573	527
cCREs307803	chr3	120053040	120053541	501
cCREs307826	chr3	120183768	120184269	501
cCREs307843	chr3	120245062	120245563	501
cCREs307997	chr3	121090088	121090589	501
cCREs308172	chr3	121649903	121651504	1601
cCREs308258	chr3	121951554	121952055	501
cCREs308262	chr3	121966175	121966676	501
cCREs308320	chr3	122193067	122193578	511
cCREs308323	chr3	122204151	122204688	537
cCREs308340	chr3	122290669	122291383	714
cCREs308520	chr3	122900801	122901302	501
cCREs308553	chr3	123034208	123034709	501
cCREs308580	chr3	123111219	123111762	543
cCREs308665	chr3	123433157	123433658	501
cCREs308678	chr3	123479054	123479555	501
cCREs308679	chr3	123480153	123480654	501
cCREs308860	chr3	124311501	124312002	501
cCREs308916	chr3	124649778	124650369	591
cCREs308925	chr3	124735512	124736027	515
cCREs308934	chr3	124787919	124788428	509
cCREs309011	chr3	125421249	125421760	511
cCREs309101	chr3	125858522	125859297	775
cCREs309111	chr3	125925185	125925931	746
cCREs309137	chr3	126091580	126092256	676
cCREs309569	chr3	127715941	127716442	501
cCREs309571	chr3	127725291	127725792	501
cCREs309572	chr3	127727938	127728439	501
cCREs309642	chr3	128022209	128022710	501
cCREs309831	chr3	129361254	129361755	501
cCREs309850	chr3	129434053	129434554	501
cCREs310130	chr3	130415050	130415551	501
cCREs310159	chr3	130527387	130527888	501
cCREs310277	chr3	131034732	131035233	501
cCREs310322	chr3	131201818	131202913	1095
cCREs310323	chr3	131207887	131208856	969
cCREs310394	chr3	131575764	131576761	997
cCREs310411	chr3	131614767	131615525	758
cCREs310466	chr3	131812234	131812760	526
cCREs310588	chr3	132510824	132511331	507
cCREs310621	chr3	132704136	132704637	501
cCREs310856	chr3	133686020	133686627	607
cCREs310959	chr3	134340788	134341289	501
cCREs311013	chr3	134806567	134807068	501
cCREs311074	chr3	135182596	135183122	526
cCREs311080	chr3	135210464	135210965	501
cCREs311231	chr3	135860178	135860926	748
cCREs311336	chr3	136373027	136373528	501
cCREs311450	chr3	136796002	136796503	501
cCREs311525	chr3	137013409	137013910	501
cCREs311674	chr3	137632101	137632602	501
cCREs311681	chr3	137652019	137652520	501
cCREs311840	chr3	138237716	138238217	501
cCREs311897	chr3	138505262	138505763	501
cCREs311906	chr3	138539432	138539933	501
cCREs311924	chr3	138607199	138607700	501
cCREs312078	chr3	139071283	139071784	501
cCREs312149	chr3	139442167	139442668	501
cCREs312169	chr3	139591416	139591917	501
cCREs312202	chr3	139737343	139737844	501
cCREs312250	chr3	139986853	139987354	501
cCREs312281	chr3	140113341	140113877	536
cCREs312322	chr3	140332660	140333161	501
cCREs312335	chr3	140422329	140422830	501
cCREs312373	chr3	140699038	140699539	501
cCREs312380	chr3	140753132	140753633	501
cCREs312508	chr3	141459132	141459987	855
cCREs312549	chr3	141569164	141569665	501
cCREs312635	chr3	141834175	141834676	501
cCREs312636	chr3	141836815	141837385	570
cCREs312666	chr3	141943905	141944425	520
cCREs312806	chr3	142545277	142545778	501
cCREs312825	chr3	142624872	142625373	501
cCREs312873	chr3	142828265	142828766	501
cCREs312953	chr3	143190461	143190962	501
cCREs313079	chr3	143625753	143626254	501
cCREs313223	chr3	144161210	144161741	531
cCREs313256	chr3	144259165	144259666	501
cCREs313358	chr3	144536121	144536622	501
cCREs313421	chr3	144721487	144721988	501
cCREs313457	chr3	144932831	144933588	757
cCREs313469	chr3	145013918	145014444	526
cCREs313479	chr3	145077846	145078347	501
cCREs313693	chr3	145895807	145896329	522
cCREs313771	chr3	146233699	146234271	572
cCREs313837	chr3	146472578	146473079	501
cCREs313876	chr3	146623429	146623930	501
cCREs313949	chr3	146824821	146825322	501
cCREs313963	chr3	146858042	146858565	523
cCREs313965	chr3	146860235	146860736	501
cCREs313978	chr3	146908946	146909812	866
cCREs314025	chr3	147069567	147070068	501
cCREs314066	chr3	147211286	147211787	501
cCREs314076	chr3	147247705	147248440	735
cCREs314246	chr3	148201477	148201978	501
cCREs314348	chr3	148769018	148769519	501
cCREs314425	chr3	149043539	149044040	501
cCREs314491	chr3	149280737	149281255	518
cCREs314596	chr3	149740870	149741371	501
cCREs314602	chr3	149775781	149776282	501
cCREs314684	chr3	150436633	150437134	501
cCREs314710	chr3	150593076	150593580	504
cCREs314746	chr3	150830187	150830688	501
cCREs314768	chr3	150989516	150990017	501
cCREs314794	chr3	151180864	151181365	501
cCREs314917	chr3	151821120	151821666	546
cCREs314922	chr3	151840755	151841429	674
cCREs315009	chr3	152233381	152233882	501
cCREs315176	chr3	152715712	152716213	501
cCREs315189	chr3	152755449	152755950	501
cCREs315204	chr3	152796317	152796838	521
cCREs315345	chr3	153209132	153209652	520
cCREs315497	chr3	153624711	153625388	677
cCREs315507	chr3	153651530	153652031	501
cCREs315514	chr3	153668245	153668758	513
cCREs315527	chr3	153695208	153695709	501
cCREs315683	chr3	154178264	154178778	514
cCREs315841	chr3	154828571	154829072	501
cCREs315911	chr3	155105802	155106335	533
cCREs316005	chr3	155626563	155627064	501
cCREs316017	chr3	155726208	155726729	521
cCREs316220	chr3	156751662	156752163	501
cCREs316272	chr3	156886046	156886547	501
cCREs316327	chr3	157075743	157076251	508
cCREs316402	chr3	157278383	157278884	501
cCREs316720	chr3	158453062	158453761	699
cCREs316826	chr3	159055516	159056206	690
cCREs316883	chr3	159544362	159544926	564
cCREs316923	chr3	159891279	159891780	501
cCREs316931	chr3	159926022	159926523	501
cCREs316946	chr4	3566144	3566645	501
cCREs317139	chr4	4711818	4712330	512
cCREs317157	chr4	4797331	4797832	501
cCREs317158	chr4	4800307	4800808	501
cCREs317168	chr4	4857873	4858374	501
cCREs317272	chr4	5561965	5562466	501
cCREs317279	chr4	5604180	5604681	501
cCREs317381	chr4	5990031	5990532	501
cCREs317545	chr4	6770594	6771441	847
cCREs317607	chr4	6942511	6943038	527
cCREs317679	chr4	7336615	7337116	501
cCREs317739	chr4	7723502	7724003	501
cCREs317748	chr4	7822341	7822842	501
cCREs317807	chr4	8113104	8114001	897
cCREs317819	chr4	8186342	8186843	501
cCREs317910	chr4	8714774	8715773	999
cCREs317915	chr4	8734288	8734789	501
cCREs317987	chr4	8970894	8971423	529
cCREs317991	chr4	8994566	8995067	501
cCREs318005	chr4	9053244	9053745	501
cCREs318006	chr4	9053859	9054360	501
cCREs318011	chr4	9065606	9066118	512
cCREs318024	chr4	9105594	9106095	501
cCREs318034	chr4	9127072	9127573	501
cCREs318179	chr4	9613376	9613877	501
cCREs318232	chr4	9916201	9916702	501
cCREs318251	chr4	10121939	10122440	501
cCREs318257	chr4	10172808	10173309	501
cCREs318357	chr4	10891612	10892113	501
cCREs318379	chr4	10995650	10996151	501
cCREs318426	chr4	11235453	11235988	535
cCREs318431	chr4	11262405	11262906	501
cCREs318466	chr4	11492026	11492527	501
cCREs318510	chr4	11716232	11716827	595
cCREs318807	chr4	13101028	13101529	501
cCREs318814	chr4	13133070	13133571	501
cCREs319023	chr4	14006884	14007385	501
cCREs319061	chr4	14162447	14162948	501
cCREs319070	chr4	14204337	14204838	501
cCREs319131	chr4	14610393	14610894	501
cCREs319157	chr4	14753621	14754122	501
cCREs319227	chr4	15068915	15069416	501
cCREs319262	chr4	15204778	15205562	784
cCREs319396	chr4	15875253	15875754	501
cCREs319572	chr4	17144376	17144877	501
cCREs319676	chr4	18017903	18018404	501
cCREs319703	chr4	18115859	18116366	507
cCREs319853	chr4	19268462	19268963	501
cCREs319854	chr4	19269800	19270301	501
cCREs319947	chr4	19854530	19855031	501
cCREs320204	chr4	21024047	21024551	504
cCREs320215	chr4	21167274	21168021	747
cCREs320262	chr4	21501438	21501981	543
cCREs320280	chr4	21694349	21694850	501
cCREs320283	chr4	21718927	21719428	501
cCREs320298	chr4	21798352	21799052	700
cCREs320366	chr4	22042388	22042889	501
cCREs320395	chr4	22156470	22156971	501
cCREs320720	chr4	24691042	24691543	501
cCREs320792	chr4	24954659	24955160	501
cCREs320870	chr4	25271285	25271786	501
cCREs320989	chr4	26020877	26021378	501
cCREs321017	chr4	26272120	26272621	501
cCREs321034	chr4	26379146	26379647	501
cCREs321128	chr4	26951780	26952332	552
cCREs321454	chr4	29659086	29659587	501
cCREs321495	chr4	30115325	30115826	501
cCREs321529	chr4	30421495	30421996	501
cCREs321629	chr4	31183291	31183792	501
cCREs321675	chr4	31408794	31409295	501
cCREs321870	chr4	32242144	32242645	501
cCREs321948	chr4	32435694	32436195	501
cCREs321957	chr4	32467309	32467810	501
cCREs321962	chr4	32483621	32484122	501
cCREs322003	chr4	32601081	32601594	513
cCREs322008	chr4	32618184	32618685	501
cCREs322022	chr4	32734030	32734531	501
cCREs322031	chr4	32800851	32801352	501
cCREs322108	chr4	33082228	33082904	676
cCREs322114	chr4	33109018	33109519	501
cCREs322135	chr4	33223711	33224215	504
cCREs322227	chr4	33620205	33620706	501
cCREs322308	chr4	33908658	33909159	501
cCREs322449	chr4	34612820	34613321	501
cCREs322545	chr4	35054270	35054850	580
cCREs322550	chr4	35078842	35079343	501
cCREs322657	chr4	35623405	35623906	501
cCREs322667	chr4	35690494	35690996	502
cCREs322706	chr4	35847289	35847790	501
cCREs322721	chr4	35924853	35925358	505
cCREs322728	chr4	35955233	35955734	501
cCREs322744	chr4	36022172	36022673	501
cCREs322780	chr4	36202465	36202974	509
cCREs322833	chr4	36488391	36488892	501
cCREs322854	chr4	36590808	36591331	523
cCREs322929	chr4	36965391	36966358	967
cCREs322948	chr4	37181148	37181649	501
cCREs323080	chr4	38981781	38982282	501
cCREs323095	chr4	39144974	39145483	509
cCREs323192	chr4	39864780	39865281	501
cCREs323275	chr4	40206185	40206846	661
cCREs323289	chr4	40261618	40262119	501
cCREs323318	chr4	40358297	40358798	501
cCREs323395	chr4	40724268	40724769	501
cCREs323465	chr4	40978453	40978954	501
cCREs323481	chr4	41048882	41049383	501
cCREs323537	chr4	41259047	41259548	501
cCREs323579	chr4	41445987	41446488	501
cCREs323769	chr4	43135038	43135547	509
cCREs323812	chr4	43293611	43294616	1005
cCREs323813	chr4	43295457	43295958	501
cCREs323904	chr4	43699814	43700315	501
cCREs324034	chr4	44416206	44416707	501
cCREs324189	chr4	45318501	45319002	501
cCREs324329	chr4	45865308	45865809	501
cCREs324389	chr4	46108090	46108591	501
cCREs324406	chr4	46151019	46151547	528
cCREs324472	chr4	46524463	46524964	501
cCREs324853	chr4	47678274	47678775	501
cCREs324938	chr4	48067274	48067775	501
cCREs324990	chr4	48250212	48250950	738
cCREs325015	chr4	48358029	48358531	502
cCREs325105	chr4	48658104	48659089	985
cCREs325131	chr4	48731387	48731888	501
cCREs325782	chr4	52738541	52739080	539
cCREs325843	chr4	53009076	53009577	501
cCREs325857	chr4	53082348	53083137	789
cCREs325858	chr4	53083632	53084133	501
cCREs325879	chr4	53130266	53130767	501
cCREs325984	chr4	53464305	53464806	501
cCREs326008	chr4	53509638	53510139	501
cCREs326051	chr4	53633818	53634319	501
cCREs326074	chr4	53719899	53720400	501
cCREs326166	chr4	54091920	54092421	501
cCREs326303	chr4	54788242	54788779	537
cCREs326463	chr4	55423742	55424243	501
cCREs326502	chr4	55632045	55632577	532
cCREs326529	chr4	55729327	55729828	501
cCREs326542	chr4	55758719	55759220	501
cCREs326563	chr4	55833002	55833503	501
cCREs326678	chr4	56419091	56419604	513
cCREs326789	chr4	56928461	56928962	501
cCREs326845	chr4	57085334	57085835	501
cCREs327012	chr4	57646682	57647279	597
cCREs327029	chr4	57686696	57687197	501
cCREs327032	chr4	57695581	57696082	501
cCREs327077	chr4	57816038	57816539	501
cCREs327137	chr4	58097863	58098364	501
cCREs327187	chr4	58331133	58331690	557
cCREs327210	chr4	58437931	58438499	568
cCREs327237	chr4	58524346	58524847	501
cCREs327239	chr4	58526790	58527342	552
cCREs327240	chr4	58530130	58530720	590
cCREs327328	chr4	58968934	58969435	501
cCREs327477	chr4	59632767	59633297	530
cCREs327488	chr4	59689308	59689809	501
cCREs327503	chr4	59719411	59719965	554
cCREs327519	chr4	59777795	59778354	559
cCREs327523	chr4	59796885	59797386	501
cCREs327781	chr4	62745743	62746686	943
cCREs327927	chr4	63348386	63348887	501
cCREs327997	chr4	63541607	63542108	501
cCREs328060	chr4	63796829	63797551	722
cCREs328210	chr4	64536704	64537223	519
cCREs328219	chr4	64572923	64573424	501
cCREs328258	chr4	64912151	64912652	501
cCREs328269	chr4	64996188	64996791	603
cCREs328319	chr4	65305373	65305874	501
cCREs328320	chr4	65310910	65311411	501
cCREs328566	chr4	66223895	66224396	501
cCREs328574	chr4	66237810	66238311	501
cCREs328657	chr4	66500288	66500789	501
cCREs329081	chr4	68909688	68910189	501
cCREs329168	chr4	69353825	69354326	501
cCREs329222	chr4	69615859	69617249	1390
cCREs329298	chr4	70022653	70023154	501
cCREs329336	chr4	70245599	70246100	501
cCREs329476	chr4	70862505	70863006	501
cCREs329477	chr4	70872761	70873262	501
cCREs329639	chr4	72138361	72138892	531
cCREs329780	chr4	73105557	73106058	501
cCREs329875	chr4	74136204	74136705	501
cCREs329941	chr4	74633947	74634466	519
cCREs330025	chr4	75570736	75571237	501
cCREs330086	chr4	75968516	75969017	501
cCREs330137	chr4	76147595	76148096	501
cCREs330186	chr4	76338725	76339244	519
cCREs330204	chr4	76400257	76400758	501
cCREs330263	chr4	76627894	76628395	501
cCREs330275	chr4	76690709	76691210	501
cCREs330307	chr4	76851267	76851768	501
cCREs330336	chr4	76999379	77000169	790
cCREs330340	chr4	77016511	77017012	501
cCREs330790	chr4	80754302	80755000	698
cCREs330798	chr4	80795671	80796172	501
cCREs330895	chr4	81279374	81279875	501
cCREs330957	chr4	81554175	81554676	501
cCREs331008	chr4	81871268	81871769	501
cCREs331087	chr4	82220774	82221275	501
cCREs331138	chr4	82366315	82366816	501
cCREs331141	chr4	82383261	82383791	530
cCREs331145	chr4	82390451	82391004	553
cCREs331216	chr4	82588649	82589150	501
cCREs331248	chr4	82700952	82701453	501
cCREs331281	chr4	82860564	82861065	501
cCREs331307	chr4	82950799	82951300	501
cCREs331322	chr4	83000907	83001788	881
cCREs331694	chr4	84727029	84727530	501
cCREs331766	chr4	85146907	85147408	501
cCREs331787	chr4	85218204	85218705	501
cCREs331880	chr4	85594963	85595464	501
cCREs331950	chr4	85898340	85898897	557
cCREs332095	chr4	86527140	86527945	805
cCREs332245	chr4	87118834	87119335	501
cCREs332282	chr4	87214480	87214987	507
cCREs332433	chr4	87885268	87885869	601
cCREs332474	chr4	88001277	88001801	524
cCREs332631	chr4	88714121	88714622	501
cCREs332636	chr4	88744137	88744652	515
cCREs332656	chr4	88950509	88951351	842
cCREs332889	chr4	90718593	90719129	536
cCREs333140	chr4	92157948	92158449	501
cCREs333355	chr4	94056479	94057086	607
cCREs333393	chr4	94244736	94245237	501
cCREs333442	chr4	94461676	94462177	501
cCREs333463	chr4	94561830	94562331	501
cCREs333470	chr4	94626518	94627019	501
cCREs333481	chr4	94690684	94691185	501
cCREs333512	chr4	94887313	94887814	501
cCREs333577	chr4	95176673	95177174	501
cCREs333628	chr4	95439798	95440331	533
cCREs333640	chr4	95517829	95518330	501
cCREs333645	chr4	95546305	95546806	501
cCREs333715	chr4	95771820	95772321	501
cCREs333744	chr4	95879779	95880302	523
cCREs333796	chr4	96134192	96134696	504
cCREs333797	chr4	96135096	96135855	759
cCREs333830	chr4	96572504	96573008	504
cCREs333940	chr4	97265058	97265561	503
cCREs333941	chr4	97269670	97270171	501
cCREs333962	chr4	97413710	97414211	501
cCREs334061	chr4	97830229	97830730	501
cCREs334441	chr4	99255395	99255896	501
cCREs334515	chr4	99710117	99710618	501
cCREs334666	chr4	100371115	100371685	570
cCREs334690	chr4	100467970	100468471	501
cCREs334716	chr4	100625120	100625621	501
cCREs334723	chr4	100672183	100672684	501
cCREs334841	chr4	101143237	101143769	532
cCREs334984	chr4	101582835	101583345	510
cCREs335008	chr4	101645994	101646512	518
cCREs335110	chr4	102231029	102231889	860
cCREs335162	chr4	102410916	102411464	548
cCREs335171	chr4	102435421	102435922	501
cCREs335198	chr4	102514883	102515455	572
cCREs335236	chr4	102605035	102605544	509
cCREs335253	chr4	102650163	102650664	501
cCREs335324	chr4	102884794	102885295	501
cCREs335836	chr4	104758763	104759264	501
cCREs336038	chr4	105574393	105574894	501
cCREs336042	chr4	105611969	105612834	865
cCREs336117	chr4	105998843	105999344	501
cCREs336142	chr4	106112405	106113445	1040
cCREs336286	chr4	106675886	106676387	501
cCREs336318	chr4	106830776	106831277	501
cCREs336427	chr4	107155184	107155685	501
cCREs336498	chr4	107500218	107500719	501
cCREs336674	chr4	108043465	108044025	560
cCREs336724	chr4	108380186	108380687	501
cCREs336794	chr4	108843100	108843626	526
cCREs336998	chr4	109912874	109913378	504
cCREs337002	chr4	109931963	109932518	555
cCREs337126	chr4	110644187	110644841	654
cCREs337164	chr4	110994526	110995027	501
cCREs337284	chr4	111500018	111500539	521
cCREs337342	chr4	111770870	111771371	501
cCREs337445	chr4	114508218	114508719	501
cCREs337451	chr4	114523801	114524657	856
cCREs337452	chr4	114529605	114530106	501
cCREs337517	chr4	114780812	114781313	501
cCREs337601	chr4	115743006	115743520	514
cCREs337606	chr4	115767475	115768011	536
cCREs337607	chr4	115769386	115769887	501
cCREs337652	chr4	115958025	115958526	501
cCREs337687	chr4	116130427	116130928	501
cCREs337715	chr4	116289558	116290059	501
cCREs337720	chr4	116309325	116309826	501
cCREs337749	chr4	116510283	116510829	546
cCREs337756	chr4	116610444	116610945	501
cCREs337759	chr4	116645116	116645834	718
cCREs337771	chr4	116693675	116694205	530
cCREs337815	chr4	116970114	116970615	501
cCREs337850	chr4	117123063	117123564	501
cCREs337853	chr4	117131776	117132325	549
cCREs337897	chr4	117330780	117331555	775
cCREs337899	chr4	117338468	117338969	501
cCREs337913	chr4	117389210	117389733	523
cCREs337925	chr4	117442058	117442587	529
cCREs337933	chr4	117494794	117495768	974
cCREs337960	chr4	117620749	117621250	501
cCREs337982	chr4	117677552	117678053	501
cCREs338015	chr4	117902641	117903535	894
cCREs338018	chr4	117907852	117908388	536
cCREs338025	chr4	117940802	117941303	501
cCREs338042	chr4	118021790	118022291	501
cCREs338071	chr4	118137726	118138236	510
cCREs338183	chr4	118618203	118618704	501
cCREs338203	chr4	118854855	118855356	501
cCREs338279	chr4	119264926	119265427	501
cCREs338302	chr4	119409510	119410011	501
cCREs338309	chr4	119447728	119448473	745
cCREs338349	chr4	119657674	119658175	501
cCREs338419	chr4	119888675	119889176	501
cCREs338452	chr4	119969232	119969733	501
cCREs338462	chr4	120001345	120001846	501
cCREs338507	chr4	120131380	120131881	501
cCREs338574	chr4	120355770	120356271	501
cCREs338620	chr4	120583914	120584415	501
cCREs338627	chr4	120603628	120604129	501
cCREs338633	chr4	120622283	120622799	516
cCREs338670	chr4	120765600	120766121	521
cCREs338719	chr4	120982570	120983106	536
cCREs338797	chr4	122947264	122947782	518
cCREs338801	chr4	122962717	122963220	503
cCREs338810	chr4	123000960	123001461	501
cCREs338956	chr4	123605308	123605809	501
cCREs339056	chr4	124209175	124209676	501
cCREs339176	chr4	124726000	124726532	532
cCREs339197	chr4	124806619	124807120	501
cCREs339211	chr4	124860391	124860911	520
cCREs339220	chr4	124898359	124898871	512
cCREs339253	chr4	125038599	125039137	538
cCREs339312	chr4	125255992	125256493	501
cCREs339318	chr4	125270505	125271006	501
cCREs339385	chr4	125485400	125485901	501
cCREs339393	chr4	125502790	125503291	501
cCREs339404	chr4	125537835	125538336	501
cCREs339437	chr4	125617078	125617579	501
cCREs339646	chr4	126598926	126599427	501
cCREs339660	chr4	126680871	126681372	501
cCREs339786	chr4	127352527	127353130	603
cCREs339829	chr4	127556093	127556669	576
cCREs339965	chr4	128113299	128113800	501
cCREs339970	chr4	128120919	128121443	524
cCREs339990	chr4	128181665	128182259	594
cCREs339998	chr4	128205466	128205967	501
cCREs340069	chr4	128401498	128401999	501
cCREs340121	chr4	128605324	128605825	501
cCREs340263	chr4	129062666	129063539	873
cCREs340419	chr4	129790095	129790596	501
cCREs340658	chr4	130833919	130834468	549
cCREs340745	chr4	131184981	131185482	501
cCREs340763	chr4	131255389	131255913	524
cCREs340803	chr4	131411824	131412325	501
cCREs340922	chr4	131869181	131869682	501
cCREs340976	chr4	132069849	132070350	501
cCREs341054	chr4	132456022	132456523	501
cCREs341134	chr4	132868097	132868598	501
cCREs341136	chr4	132873968	132874469	501
cCREs341173	chr4	133026045	133026546	501
cCREs341528	chr4	134608727	134609228	501
cCREs341544	chr4	134640226	134640727	501
cCREs341572	chr4	134715704	134716205	501
cCREs341578	chr4	134733958	134735334	1376
cCREs341611	chr4	134839958	134840459	501
cCREs341633	chr4	134979364	134979875	511
cCREs341697	chr4	135291695	135292196	501
cCREs341712	chr4	135337457	135337966	509
cCREs341824	chr4	135935065	135935923	858
cCREs341922	chr4	136402947	136403448	501
cCREs341973	chr4	136643699	136644200	501
cCREs342133	chr4	137315453	137315954	501
cCREs342414	chr4	138289754	138290286	532
cCREs342568	chr4	138850331	138850832	501
cCREs342676	chr4	139235102	139235603	501
cCREs343043	chr4	140730796	140731698	902
cCREs343071	chr4	140923938	140924755	817
cCREs343077	chr4	140951899	140952901	1002
cCREs343159	chr4	141212899	141213431	532
cCREs343219	chr4	141453796	141454297	501
cCREs343271	chr4	141620049	141620550	501
cCREs343433	chr4	142224723	142225261	538
cCREs343467	chr4	142316284	142316901	617
cCREs343487	chr4	142378212	142378713	501
cCREs343492	chr4	142398205	142398706	501
cCREs343508	chr4	142450731	142451232	501
cCREs343540	chr4	142589639	142590140	501
cCREs343561	chr4	142707644	142708145	501
cCREs343607	chr4	142946627	142947129	502
cCREs343611	chr4	142952789	142953336	547
cCREs343705	chr4	143454737	143455248	511
cCREs343743	chr4	144965996	144966667	671
cCREs343793	chr4	145099611	145100461	850
cCREs343917	chr4	148033519	148034264	745
cCREs344011	chr4	148377289	148377804	515
cCREs344094	chr4	148752388	148753144	756
cCREs344145	chr4	148963448	148963967	519
cCREs344148	chr4	148968676	148969177	501
cCREs344156	chr4	148991363	148992020	657
cCREs344300	chr4	149565856	149566371	515
cCREs344339	chr4	149711930	149712450	520
cCREs344377	chr4	149826168	149826669	501
cCREs344447	chr4	150094034	150094548	514
cCREs344451	chr4	150107206	150107707	501
cCREs344496	chr4	150283131	150283671	540
cCREs344643	chr4	150781155	150781678	523
cCREs344768	chr4	151237058	151237561	503
cCREs344794	chr4	151320830	151321331	501
cCREs344933	chr4	151807577	151808078	501
cCREs344949	chr4	151909488	151910233	745
cCREs345122	chr4	152513492	152513993	501
cCREs345242	chr4	153023167	153024255	1088
cCREs345327	chr4	153424943	153425444	501
cCREs345417	chr4	153785482	153785992	510
cCREs345431	chr4	153883992	153884493	501
cCREs345507	chr4	154196311	154196812	501
cCREs345556	chr4	154405589	154406215	626
cCREs345579	chr4	154498339	154498840	501
cCREs345629	chr4	154662487	154663769	1282
cCREs345710	chr4	155061511	155062123	612
cCREs345717	chr4	155096781	155097282	501
cCREs345759	chr4	155208364	155208879	515
cCREs345762	chr4	155214440	155214973	533
cCREs345808	chr4	155337582	155338148	566
cCREs345839	chr4	155495316	155495817	501
cCREs345862	chr4	155615974	155616475	501
cCREs345863	chr4	155617301	155617802	501
cCREs345883	chr4	155755592	155756486	894
cCREs345894	chr4	155791193	155791694	501
cCREs345922	chr4	156008096	156008597	501
cCREs345929	chr4	156044135	156044637	502
cCREs345956	chr4	156216992	156217493	501
cCREs346033	chr5	3536395	3537147	752
cCREs346079	chr5	3834941	3835442	501
cCREs346094	chr5	3943720	3944307	587
cCREs346097	chr5	3952576	3953077	501
cCREs346186	chr5	4348718	4349249	531
cCREs346395	chr5	5198032	5198533	501
cCREs346425	chr5	5303817	5304318	501
cCREs346431	chr5	5336226	5336727	501
cCREs346479	chr5	5561725	5562226	501
cCREs346757	chr5	7592478	7592979	501
cCREs346787	chr5	7848921	7849422	501
cCREs346875	chr5	8225069	8225588	519
cCREs346899	chr5	8319095	8319596	501
cCREs346916	chr5	8370796	8371297	501
cCREs347045	chr5	9137931	9138432	501
cCREs347090	chr5	9363085	9363586	501
cCREs347104	chr5	9418472	9418988	516
cCREs347127	chr5	9507323	9507869	546
cCREs347210	chr5	9921328	9921850	522
cCREs347302	chr5	10538854	10539355	501
cCREs347305	chr5	10578047	10578548	501
cCREs347348	chr5	12031527	12032028	501
cCREs347366	chr5	12207297	12207798	501
cCREs347379	chr5	12315638	12316168	530
cCREs347393	chr5	12400393	12400894	501
cCREs347399	chr5	12412559	12413060	501
cCREs347400	chr5	12419336	12419837	501
cCREs347409	chr5	12474255	12474756	501
cCREs347445	chr5	12694631	12695132	501
cCREs347673	chr5	14070348	14070849	501
cCREs347674	chr5	14075755	14076386	631
cCREs347714	chr5	14235309	14235810	501
cCREs347740	chr5	14341231	14341732	501
cCREs347914	chr5	15911905	15912674	769
cCREs347940	chr5	16034240	16034741	501
cCREs347969	chr5	16140708	16141209	501
cCREs348073	chr5	16611344	16611845	501
cCREs348078	chr5	16636129	16636630	501
cCREs348081	chr5	16649366	16649867	501
cCREs348168	chr5	17281351	17281852	501
cCREs348170	chr5	17297557	17298058	501
cCREs348172	chr5	17301117	17301618	501
cCREs348196	chr5	17448160	17448661	501
cCREs348285	chr5	17883191	17883756	565
cCREs348462	chr5	19047931	19048432	501
cCREs348548	chr5	19526725	19527226	501
cCREs348618	chr5	19852767	19853592	825
cCREs348737	chr5	20288790	20289463	673
cCREs348825	chr5	20574735	20575246	511
cCREs349140	chr5	21827343	21828101	758
cCREs349209	chr5	22082645	22083204	559
cCREs349342	chr5	22737240	22737741	501
cCREs349426	chr5	23139115	23139628	513
cCREs349434	chr5	23162791	23163292	501
cCREs349446	chr5	23221269	23221770	501
cCREs349557	chr5	23749846	23750786	940
cCREs349566	chr5	23768362	23768863	501
cCREs349608	chr5	23976823	23977331	508
cCREs349689	chr5	24306062	24306563	501
cCREs349881	chr5	25005462	25005985	523
cCREs349940	chr5	25190467	25190988	521
cCREs350065	chr5	25850474	25850975	501
cCREs350078	chr5	25885583	25886086	503
cCREs350084	chr5	26005791	26006299	508
cCREs350097	chr5	26196882	26197399	517
cCREs350299	chr5	27180309	27180810	501
cCREs350515	chr5	28062786	28063766	980
cCREs350519	chr5	28090042	28090543	501
cCREs350585	chr5	28566949	28567734	785
cCREs350686	chr5	29200512	29201058	546
cCREs350706	chr5	29280740	29281241	501
cCREs350724	chr5	29438695	29439196	501
cCREs350844	chr5	30163103	30163604	501
cCREs350868	chr5	30356640	30357141	501
cCREs350880	chr5	30421213	30421714	501
cCREs350950	chr5	30676681	30677221	540
cCREs351135	chr5	31662457	31663233	776
cCREs351185	chr5	31873320	31873821	501
cCREs351187	chr5	31878203	31878704	501
cCREs351215	chr5	31997836	31998337	501
cCREs351251	chr5	32124949	32125450	501
cCREs351302	chr5	32393157	32393658	501
cCREs351335	chr5	32682462	32683217	755
cCREs351436	chr5	33140505	33141006	501
cCREs351457	chr5	33237766	33238320	554
cCREs351471	chr5	33288612	33289171	559
cCREs351475	chr5	33303063	33303601	538
cCREs351542	chr5	33703975	33704594	619
cCREs351618	chr5	34202238	34202739	501
cCREs351620	chr5	34205678	34206202	524
cCREs351669	chr5	34412615	34413124	509
cCREs351715	chr5	34590639	34591140	501
cCREs351718	chr5	34599256	34599757	501
cCREs351719	chr5	34600955	34601591	636
cCREs351730	chr5	34640207	34640708	501
cCREs351764	chr5	34878796	34879297	501
cCREs352041	chr5	35817811	35818317	506
cCREs352383	chr5	36881995	36882496	501
cCREs352590	chr5	37549597	37550098	501
cCREs352681	chr5	37984180	37984681	501
cCREs352717	chr5	38121701	38122202	501
cCREs352721	chr5	38129987	38130505	518
cCREs352742	chr5	38209007	38209508	501
cCREs352762	chr5	38272209	38272710	501
cCREs352804	chr5	38394451	38394952	501
cCREs352909	chr5	38716492	38716993	501
cCREs352983	chr5	38978225	38978726	501
cCREs353135	chr5	39628787	39629449	662
cCREs353274	chr5	40420543	40421044	501
cCREs353280	chr5	40439795	40440296	501
cCREs353283	chr5	40443111	40443612	501
cCREs353383	chr5	41146806	41147324	518
cCREs353386	chr5	41175860	41176395	535
cCREs353420	chr5	41384364	41384865	501
cCREs353458	chr5	41608072	41608573	501
cCREs353474	chr5	41673450	41673951	501
cCREs353486	chr5	41733871	41734647	776
cCREs353499	chr5	41811328	41811829	501
cCREs353710	chr5	42759434	42760237	803
cCREs353722	chr5	42804691	42805192	501
cCREs353837	chr5	43340122	43340675	553
cCREs353922	chr5	43663909	43664410	501
cCREs353924	chr5	43665907	43666419	512
cCREs353927	chr5	43674537	43675038	501
cCREs353944	chr5	43738364	43738865	501
cCREs353950	chr5	43750167	43750668	501
cCREs353951	chr5	43754114	43754624	510
cCREs353954	chr5	43758236	43758737	501
cCREs353971	chr5	43822599	43823100	501
cCREs354017	chr5	44003305	44004328	1023
cCREs354031	chr5	44069245	44069746	501
cCREs354036	chr5	44081148	44081670	522
cCREs354050	chr5	44132697	44133198	501
cCREs354093	chr5	44258094	44258616	522
cCREs354175	chr5	44582415	44582916	501
cCREs354380	chr5	45427157	45427658	501
cCREs354527	chr5	46115960	46116461	501
cCREs354567	chr5	46231812	46232333	521
cCREs354581	chr5	46311306	46311807	501
cCREs354610	chr5	46447606	46448116	510
cCREs354625	chr5	46548294	46549043	749
cCREs354646	chr5	46707835	46708336	501
cCREs354741	chr5	47385650	47386188	538
cCREs354776	chr5	47621332	47621833	501
cCREs354781	chr5	47665190	47665984	794
cCREs354797	chr5	47754274	47754775	501
cCREs355024	chr5	48776984	48777485	501
cCREs355059	chr5	48966908	48967409	501
cCREs355299	chr5	49993483	49993984	501
cCREs355404	chr5	50589498	50589999	501
cCREs355410	chr5	50632577	50633078	501
cCREs355416	chr5	50689748	50690250	502
cCREs355452	chr5	50914526	50915027	501
cCREs355520	chr5	51404271	51405031	760
cCREs355594	chr5	51673552	51674053	501
cCREs355666	chr5	51885268	51885804	536
cCREs355791	chr5	52306122	52306623	501
cCREs355803	chr5	52342009	52342832	823
cCREs355956	chr5	52904540	52905390	850
cCREs356085	chr5	53319206	53319707	501
cCREs356100	chr5	53362351	53362852	501
cCREs356106	chr5	53378534	53379224	690
cCREs356176	chr5	53621527	53622502	975
cCREs356183	chr5	53660493	53660994	501
cCREs356212	chr5	53802046	53802547	501
cCREs356230	chr5	53877588	53878089	501
cCREs356293	chr5	54043035	54043554	519
cCREs356368	chr5	54277912	54278413	501
cCREs356402	chr5	54427000	54427501	501
cCREs356423	chr5	54559086	54559587	501
cCREs356424	chr5	54569856	54570521	665
cCREs356428	chr5	54588060	54588561	501
cCREs356489	chr5	54924680	54925181	501
cCREs356638	chr5	56296725	56297226	501
cCREs356755	chr5	57611655	57612156	501
cCREs356909	chr5	58192602	58193103	501
cCREs356994	chr5	59141023	59141524	501
cCREs357065	chr5	60024746	60025247	501
cCREs357091	chr5	60243451	60243952	501
cCREs357121	chr5	60537693	60538194	501
cCREs357202	chr5	61363310	61363811	501
cCREs357262	chr5	62001496	62002003	507
cCREs357359	chr5	62676382	62676929	547
cCREs357387	chr5	62757036	62757844	808
cCREs357540	chr5	63564057	63564558	501
cCREs357807	chr5	64411874	64412392	518
cCREs357889	chr5	64697959	64698946	987
cCREs357899	chr5	64730494	64730995	501
cCREs357936	chr5	64867603	64868104	501
cCREs357949	chr5	64929595	64930118	523
cCREs358002	chr5	65134150	65134669	519
cCREs358054	chr5	65298886	65299387	501
cCREs358064	chr5	65348215	65348716	501
cCREs358112	chr5	65588992	65589493	501
cCREs358164	chr5	65880651	65881572	921
cCREs358198	chr5	66037751	66038252	501
cCREs358245	chr5	66212920	66213421	501
cCREs358267	chr5	66311365	66311874	509
cCREs358735	chr5	67857773	67858274	501
cCREs358739	chr5	67868329	67868852	523
cCREs358741	chr5	67878233	67878743	510
cCREs358879	chr5	68730666	68731167	501
cCREs358903	chr5	68910791	68911292	501
cCREs359118	chr5	70467043	70467554	511
cCREs359142	chr5	70690773	70691274	501
cCREs359319	chr5	71651533	71652034	501
cCREs359330	chr5	71702205	71702706	501
cCREs359498	chr5	72367564	72368076	512
cCREs359501	chr5	72380726	72381227	501
cCREs359526	chr5	72470313	72470814	501
cCREs359549	chr5	72609819	72610320	501
cCREs359701	chr5	73178336	73178837	501
cCREs359831	chr5	73568690	73569191	501
cCREs359882	chr5	73763343	73763852	509
cCREs359889	chr5	73805270	73805771	501
cCREs360018	chr5	74217289	74217845	556
cCREs360098	chr5	74468534	74469035	501
cCREs360277	chr5	75200642	75201143	501
cCREs360480	chr5	75952139	75953011	872
cCREs360591	chr5	76490919	76491655	736
cCREs360716	chr5	77002946	77003447	501
cCREs360784	chr5	77313140	77313641	501
cCREs360816	chr5	77403485	77403986	501
cCREs360839	chr5	77483617	77484276	659
cCREs360845	chr5	77503965	77504466	501
cCREs360891	chr5	77686780	77687281	501
cCREs360925	chr5	77827989	77828518	529
cCREs360967	chr5	78086499	78087000	501
cCREs361019	chr5	78540665	78541166	501
cCREs361284	chr5	80884380	80884928	548
cCREs361431	chr5	81530181	81530967	786
cCREs361440	chr5	81557870	81558371	501
cCREs361471	chr5	81655646	81656329	683
cCREs361557	chr5	82020296	82020797	501
cCREs361599	chr5	82278937	82279444	507
cCREs361605	chr5	82324277	82324896	619
cCREs361613	chr5	82367146	82367647	501
cCREs361755	chr5	83474438	83474939	501
cCREs361768	chr5	83582470	83582983	513
cCREs361839	chr5	84106912	84107413	501
cCREs361959	chr5	84951543	84952051	508
cCREs361973	chr5	85155917	85156418	501
cCREs362034	chr5	85614768	85615280	512
cCREs362172	chr5	86461035	86461536	501
cCREs362196	chr5	86640748	86641249	501
cCREs362382	chr5	88612231	88612732	501
cCREs362484	chr5	88985665	88986166	501
cCREs362535	chr5	89143584	89144323	739
cCREs362584	chr5	89361909	89362410	501
cCREs362636	chr5	89592408	89592909	501
cCREs362729	chr5	89898323	89898824	501
cCREs362810	chr5	90338424	90338925	501
cCREs362858	chr5	90610552	90611053	501
cCREs362886	chr5	90698054	90698555	501
cCREs362936	chr5	90965312	90965813	501
cCREs362969	chr5	91136852	91137353	501
cCREs362978	chr5	91199687	91200188	501
cCREs362989	chr5	91262459	91263370	911
cCREs362990	chr5	91270319	91270820	501
cCREs363020	chr5	91370180	91370937	757
cCREs363061	chr5	91526121	91526665	544
cCREs363204	chr5	92092390	92092891	501
cCREs363268	chr5	92360294	92360795	501
cCREs363303	chr5	92474793	92475294	501
cCREs363362	chr5	92740677	92741178	501
cCREs363371	chr5	92788843	92789690	847
cCREs363406	chr5	92903075	92903790	715
cCREs363463	chr5	93088376	93089077	701
cCREs363530	chr5	95918398	95918899	501
cCREs363575	chr5	96202169	96202677	508
cCREs363674	chr5	96583950	96584451	501
cCREs363781	chr5	97012729	97013241	512
cCREs363831	chr5	97238296	97238797	501
cCREs363848	chr5	97320045	97320596	551
cCREs363901	chr5	97628231	97628919	688
cCREs364028	chr5	98375139	98375658	519
cCREs364038	chr5	98434125	98434626	501
cCREs364080	chr5	98707626	98708127	501
cCREs364236	chr5	99367920	99368421	501
cCREs364369	chr5	99788372	99788873	501
cCREs364612	chr5	100797458	100797969	511
cCREs364650	chr5	100954513	100955198	685
cCREs364770	chr5	101785306	101785835	529
cCREs364808	chr5	101876321	101876822	501
cCREs365170	chr5	103353625	103354126	501
cCREs365197	chr5	103467584	103468085	501
cCREs365315	chr5	103945563	103946064	501
cCREs365323	chr5	103993520	103994021	501
cCREs365430	chr5	104420362	104420948	586
cCREs365432	chr5	104427482	104427983	501
cCREs365502	chr5	105404063	105404564	501
cCREs365523	chr5	105470492	105471659	1167
cCREs365530	chr5	105487005	105487524	519
cCREs365576	chr5	105625096	105626306	1210
cCREs365587	chr5	105672271	105672772	501
cCREs365747	chr5	106276800	106277301	501
cCREs365846	chr5	106888369	106888894	525
cCREs365850	chr5	106928098	106928599	501
cCREs365851	chr5	106934011	106934512	501
cCREs365874	chr5	107069952	107070453	501
cCREs366021	chr5	107571304	107571824	520
cCREs366137	chr5	108403119	108403620	501
cCREs366171	chr5	108603360	108603918	558
cCREs366172	chr5	108608540	108609041	501
cCREs366175	chr5	108628254	108628755	501
cCREs366199	chr5	108734890	108735391	501
cCREs366216	chr5	109750458	109750959	501
cCREs366250	chr5	110267698	110268199	501
cCREs366256	chr5	110319992	110320534	542
cCREs366408	chr5	111009336	111010157	821
cCREs366579	chr5	111545257	111545758	501
cCREs366636	chr5	111743365	111743914	549
cCREs366653	chr5	111819308	111819811	503
cCREs366735	chr5	112210595	112211096	501
cCREs366835	chr5	112494371	112495232	861
cCREs366860	chr5	112557400	112557901	501
cCREs366880	chr5	112627252	112627785	533
cCREs366949	chr5	112867617	112868118	501
cCREs367155	chr5	113557553	113558054	501
cCREs367228	chr5	113779712	113780467	755
cCREs367235	chr5	113793113	113793747	634
cCREs367248	chr5	113853466	113853967	501
cCREs367395	chr5	114495921	114496450	529
cCREs367437	chr5	114633876	114634377	501
cCREs367463	chr5	114720515	114721016	501
cCREs367595	chr5	115329762	115330263	501
cCREs367806	chr5	116273458	116273959	501
cCREs367831	chr5	116371321	116371822	501
cCREs368389	chr5	118582285	118582786	501
cCREs368449	chr5	118751372	118751909	537
cCREs368699	chr5	120284942	120285443	501
cCREs368835	chr5	120960032	120960573	541
cCREs368994	chr5	121461604	121462105	501
cCREs368995	chr5	121469247	121470174	927
cCREs369024	chr5	121611437	121611938	501
cCREs369044	chr5	121744124	121744685	561
cCREs369241	chr5	122436386	122437035	649
cCREs369300	chr5	122649853	122650354	501
cCREs369330	chr5	122782037	122782593	556
cCREs369378	chr5	123004909	123005410	501
cCREs369454	chr5	123335934	123336435	501
cCREs369455	chr5	123336536	123337040	504
cCREs369495	chr5	123512054	123512754	700
cCREs369501	chr5	123530176	123530677	501
cCREs369638	chr5	124132550	124133051	501
cCREs369713	chr5	124341680	124342450	770
cCREs369750	chr5	124496180	124496681	501
cCREs369809	chr5	124873847	124874348	501
cCREs369862	chr5	125034609	125035115	506
cCREs369875	chr5	125066416	125066924	508
cCREs370024	chr5	125527617	125528138	521
cCREs370073	chr5	125666609	125667133	524
cCREs370284	chr5	126586453	126587004	551
cCREs370504	chr5	127585133	127585634	501
cCREs370545	chr5	127761105	127761615	510
cCREs370608	chr5	128048731	128049232	501
cCREs370786	chr5	128831784	128832285	501
cCREs370879	chr5	129141819	129142320	501
cCREs370880	chr5	129143223	129143724	501
cCREs371002	chr5	129565023	129565524	501
cCREs371036	chr5	129789332	129789833	501
cCREs371055	chr5	129981805	129982306	501
cCREs371103	chr5	130151948	130152449	501
cCREs371328	chr5	130986809	130987310	501
cCREs371490	chr5	131641087	131641861	774
cCREs371530	chr5	131774060	131774561	501
cCREs371575	chr5	131928505	131929006	501
cCREs371604	chr5	132035263	132036112	849
cCREs371666	chr5	132289276	132289777	501
cCREs371687	chr5	132347593	132348094	501
cCREs371722	chr5	132466713	132467420	707
cCREs371727	chr5	132479247	132479766	519
cCREs371743	chr5	132551291	132551792	501
cCREs371926	chr5	133767574	133768075	501
cCREs372037	chr5	134262379	134262880	501
cCREs372111	chr5	134517541	134518042	501
cCREs372286	chr5	135485111	135485612	501
cCREs372402	chr5	136004482	136004983	501
cCREs372406	chr5	136019698	136020252	554
cCREs372441	chr5	136199933	136200434	501
cCREs372537	chr5	136529006	136529558	552
cCREs372632	chr5	137051184	137051685	501
cCREs372724	chr5	137612812	137613313	501
cCREs372778	chr5	137883470	137883971	501
cCREs372823	chr5	138556764	138557265	501
cCREs372906	chr5	138976858	138977367	509
cCREs372907	chr5	138977683	138978477	794
cCREs372909	chr5	138983650	138984151	501
cCREs372925	chr5	139031481	139032175	694
cCREs372986	chr5	139220129	139221050	921
cCREs372998	chr5	139265164	139265665	501
cCREs373028	chr5	139347186	139347687	501
cCREs373213	chr5	140100536	140101037	501
cCREs373279	chr5	140290920	140291432	512
cCREs373288	chr5	140314330	140314831	501
cCREs373391	chr5	140753183	140753703	520
cCREs373417	chr5	140812034	140812583	549
cCREs373495	chr5	141231115	141231616	501
cCREs373511	chr5	141317067	141317568	501
cCREs373520	chr5	141357402	141357903	501
cCREs373655	chr5	142007676	142008177	501
cCREs373817	chr5	142657174	142657734	560
cCREs373887	chr5	142908809	142910404	1595
cCREs373920	chr5	143043872	143044424	552
cCREs374013	chr5	143530679	143531180	501
cCREs374081	chr5	143907385	143907886	501
cCREs374083	chr5	143931810	143932398	588
cCREs374115	chr5	144098379	144098912	533
cCREs374295	chr5	144889995	144890496	501
cCREs374365	chr5	145195621	145196122	501
cCREs374378	chr5	146151417	146152234	817
cCREs374605	chr5	147048119	147048620	501
cCREs374719	chr5	147685547	147686285	738
cCREs374740	chr5	147819027	147819528	501
cCREs374751	chr5	147873428	147873951	523
cCREs374887	chr5	148435074	148435575	501
cCREs374926	chr5	148588083	148588599	516
cCREs374929	chr5	148599396	148599897	501
cCREs374982	chr5	148769321	148769822	501
cCREs374990	chr5	148791271	148791772	501
cCREs375148	chr5	149420565	149421066	501
cCREs375150	chr5	149425244	149425745	501
cCREs375222	chr5	149675749	149676250	501
cCREs375308	chr5	150007135	150007688	553
cCREs375389	chr5	150272890	150273413	523
cCREs375642	chr5	151298162	151298663	501
cCREs375727	chr6	3517477	3518143	666
cCREs375759	chr6	3759641	3760142	501
cCREs375781	chr6	3961289	3961790	501
cCREs375912	chr6	4603815	4604316	501
cCREs376010	chr6	5080054	5080576	522
cCREs376041	chr6	5168093	5168613	520
cCREs376082	chr6	5379039	5379540	501
cCREs376286	chr6	6188661	6189170	509
cCREs376424	chr6	6808200	6808701	501
cCREs376732	chr6	8415666	8416171	505
cCREs376743	chr6	8435187	8435688	501
cCREs376804	chr6	8671737	8672238	501
cCREs376806	chr6	8674890	8675391	501
cCREs376883	chr6	8946098	8946599	501
cCREs376921	chr6	9066568	9067076	508
cCREs376969	chr6	9243827	9244352	525
cCREs377150	chr6	11295352	11295853	501
cCREs377178	chr6	11549285	11549786	501
cCREs377294	chr6	12255401	12255902	501
cCREs377300	chr6	12310186	12310687	501
cCREs377326	chr6	12432161	12432662	501
cCREs377382	chr6	12662331	12663009	678
cCREs377434	chr6	12974824	12975325	501
cCREs377645	chr6	14195555	14196056	501
cCREs377739	chr6	14973020	14973521	501
cCREs377759	chr6	15072070	15072571	501
cCREs377792	chr6	15271643	15272159	516
cCREs377811	chr6	15350365	15350866	501
cCREs377872	chr6	15754037	15754538	501
cCREs377946	chr6	16290079	16290580	501
cCREs377982	chr6	16513799	16514300	501
cCREs378030	chr6	16834959	16835460	501
cCREs378047	chr6	16919993	16920494	501
cCREs378152	chr6	17353115	17353616	501
cCREs378202	chr6	17529384	17530119	735
cCREs378220	chr6	17606177	17606678	501
cCREs378358	chr6	18131670	18132381	711
cCREs378370	chr6	18224753	18225254	501
cCREs378394	chr6	18345412	18345913	501
cCREs378436	chr6	18451580	18452087	507
cCREs378539	chr6	18798324	18798825	501
cCREs378554	chr6	18840542	18841043	501
cCREs378606	chr6	19260156	19260790	634
cCREs378688	chr6	20284613	20285114	501
cCREs378755	chr6	20962595	20963096	501
cCREs378824	chr6	21411794	21412295	501
cCREs378838	chr6	21448252	21448753	501
cCREs379027	chr6	22174542	22175043	501
cCREs379033	chr6	22190794	22191295	501
cCREs379053	chr6	22272984	22273838	854
cCREs379103	chr6	22444573	22445075	502
cCREs379105	chr6	22452219	22452720	501
cCREs379404	chr6	23942222	23942728	506
cCREs379636	chr6	25084819	25085715	896
cCREs379699	chr6	25445264	25445824	560
cCREs379705	chr6	25483288	25483789	501
cCREs379721	chr6	25654852	25655353	501
cCREs379764	chr6	25900916	25901417	501
cCREs379770	chr6	25943755	25944256	501
cCREs379890	chr6	27249655	27250156	501
cCREs379944	chr6	27515967	27516468	501
cCREs379956	chr6	27599262	27599763	501
cCREs380168	chr6	28477481	28477982	501
cCREs380324	chr6	28837652	28838164	512
cCREs380327	chr6	28844704	28845239	535
cCREs380356	chr6	28916453	28917271	818
cCREs380424	chr6	29089399	29089900	501
cCREs380450	chr6	29173542	29174043	501
cCREs380478	chr6	29318788	29319359	571
cCREs380539	chr6	29562056	29562557	501
cCREs380606	chr6	29856318	29856819	501
cCREs380672	chr6	30152588	30153133	545
cCREs380721	chr6	30387209	30387710	501
cCREs380813	chr6	30735736	30736237	501
cCREs380906	chr6	31122773	31123786	1013
cCREs381019	chr6	31486199	31486700	501
cCREs381178	chr6	32120849	32121363	514
cCREs381237	chr6	32321056	32321557	501
cCREs381276	chr6	32427631	32428132	501
cCREs381394	chr6	32807984	32808508	524
cCREs381430	chr6	32952566	32953072	506
cCREs381445	chr6	32988818	32989319	501
cCREs381462	chr6	33050590	33051091	501
cCREs381475	chr6	33110436	33110937	501
cCREs381520	chr6	33328229	33328733	504
cCREs381713	chr6	34011469	34011970	501
cCREs381781	chr6	34262271	34262818	547
cCREs381828	chr6	34490343	34490850	507
cCREs381873	chr6	34651198	34651832	634
cCREs381894	chr6	34720354	34720888	534
cCREs381954	chr6	34959061	34959562	501
cCREs381973	chr6	35038249	35038750	501
cCREs381994	chr6	35193095	35193596	501
cCREs382283	chr6	36585576	36586077	501
cCREs382312	chr6	36703454	36703955	501
cCREs382332	chr6	36768960	36769461	501
cCREs382365	chr6	36860276	36860777	501
cCREs382450	chr6	37086301	37086826	525
cCREs382489	chr6	37203854	37204403	549
cCREs382562	chr6	37392739	37393240	501
cCREs382630	chr6	37716194	37716695	501
cCREs382635	chr6	37735558	37736377	819
cCREs382694	chr6	38129212	38129713	501
cCREs382722	chr6	38185927	38186428	501
cCREs382846	chr6	38732610	38733115	505
cCREs382847	chr6	38735143	38735644	501
cCREs382900	chr6	38887023	38887524	501
cCREs382901	chr6	38896978	38897479	501
cCREs382922	chr6	38955472	38955973	501
cCREs382977	chr6	39186384	39186885	501
cCREs383020	chr6	39336147	39336708	561
cCREs383263	chr6	40128645	40129158	513
cCREs383370	chr6	40427737	40428263	526
cCREs383580	chr6	41818784	41819285	501
cCREs383756	chr6	42913235	42913736	501
cCREs383776	chr6	43152084	43152585	501
cCREs383791	chr6	43198776	43199277	501
cCREs383807	chr6	43256289	43256790	501
cCREs383922	chr6	43704901	43705402	501
cCREs384124	chr6	45248510	45249011	501
cCREs384312	chr6	46211593	46212094	501
cCREs384600	chr6	47527698	47528199	501
cCREs384606	chr6	47583548	47584049	501
cCREs384623	chr6	47804744	47805245	501
cCREs384652	chr6	47951598	47952099	501
cCREs384733	chr6	48414218	48414732	514
cCREs384750	chr6	48479209	48479785	576
cCREs384778	chr6	48586846	48587362	516
cCREs384794	chr6	48639226	48639891	665
cCREs384841	chr6	48859407	48859908	501
cCREs385000	chr6	49782920	49783431	511
cCREs385205	chr6	50475468	50475969	501
cCREs385467	chr6	51577823	51578324	501
cCREs385601	chr6	52261522	52262023	501
cCREs385672	chr6	52673646	52674399	753
cCREs385679	chr6	52686784	52687352	568
cCREs385690	chr6	52747789	52748311	522
cCREs385715	chr6	52820435	52820936	501
cCREs385718	chr6	52830587	52831088	501
cCREs385768	chr6	52949118	52949619	501
cCREs385822	chr6	53117086	53117587	501
cCREs385838	chr6	53214600	53215103	503
cCREs385859	chr6	53333366	53333867	501
cCREs385861	chr6	53345308	53345809	501
cCREs385864	chr6	53352066	53352643	577
cCREs385879	chr6	53425897	53426586	689
cCREs385953	chr6	53733434	53733935	501
cCREs386045	chr6	54047358	54047927	569
cCREs386101	chr6	54187603	54188104	501
cCREs386134	chr6	54273288	54273854	566
cCREs386138	chr6	54283293	54283845	552
cCREs386142	chr6	54291646	54292219	573
cCREs386161	chr6	54364396	54365229	833
cCREs386173	chr6	54405637	54406226	589
cCREs386219	chr6	54520609	54521110	501
cCREs386329	chr6	54947257	54947773	516
cCREs386331	chr6	54950842	54951343	501
cCREs386342	chr6	55002195	55002696	501
cCREs386417	chr6	55237772	55238558	786
cCREs386450	chr6	55327762	55328263	501
cCREs386678	chr6	56313277	56313778	501
cCREs386750	chr6	56628121	56628622	501
cCREs386806	chr6	56848927	56849736	809
cCREs386808	chr6	56851781	56852291	510
cCREs386834	chr6	56906939	56907478	539
cCREs386886	chr6	57561795	57562360	565
cCREs386940	chr6	57819887	57820388	501
cCREs386975	chr6	58305196	58305697	501
cCREs387282	chr6	60722359	60722860	501
cCREs387369	chr6	61106858	61107359	501
cCREs387402	chr6	61260352	61260853	501
cCREs387438	chr6	61422229	61422730	501
cCREs387510	chr6	61763202	61763863	661
cCREs387638	chr6	62587550	62588051	501
cCREs387652	chr6	62663119	62663732	613
cCREs387752	chr6	63515566	63516098	532
cCREs387757	chr6	63552020	63552521	501
cCREs387802	chr6	63855204	63855705	501
cCREs387826	chr6	63951851	63952352	501
cCREs387898	chr6	64318098	64318599	501
cCREs387985	chr6	64825021	64825522	501
cCREs388008	chr6	64976868	64977369	501
cCREs388013	chr6	65049876	65050377	501
cCREs388162	chr6	65770688	65771189	501
cCREs388173	chr6	65811402	65812066	664
cCREs388193	chr6	65887066	65887594	528
cCREs388246	chr6	66222092	66222593	501
cCREs388316	chr6	66852746	66853394	648
cCREs388317	chr6	66863737	66864501	764
cCREs388323	chr6	66899418	66899919	501
cCREs388343	chr6	66956405	66956906	501
cCREs388372	chr6	67043018	67043519	501
cCREs388396	chr6	67125469	67126451	982
cCREs388404	chr6	67147516	67148038	522
cCREs388770	chr6	70796485	70796986	501
cCREs388778	chr6	70825560	70826061	501
cCREs388876	chr6	71376879	71377380	501
cCREs388966	chr6	71726712	71727213	501
cCREs389008	chr6	71870486	71870987	501
cCREs389055	chr6	72071043	72071544	501
cCREs389127	chr6	72343936	72344437	501
cCREs389178	chr6	72528211	72528906	695
cCREs389325	chr6	73098249	73098775	526
cCREs389335	chr6	73160974	73161475	501
cCREs389375	chr6	73332927	73333428	501
cCREs389401	chr6	73460388	73460889	501
cCREs389783	chr6	76651262	76652138	876
cCREs389784	chr6	76652996	76653497	501
cCREs389885	chr6	77034101	77034602	501
cCREs390228	chr6	78198384	78198885	501
cCREs390253	chr6	78328391	78328892	501
cCREs390272	chr6	78533880	78534381	501
cCREs390285	chr6	78610534	78611036	502
cCREs390288	chr6	78621026	78621774	748
cCREs390312	chr6	78823866	78824367	501
cCREs390363	chr6	79329411	79329918	507
cCREs390385	chr6	79508859	79509386	527
cCREs390465	chr6	80145065	80145769	704
cCREs390478	chr6	80195272	80195773	501
cCREs390674	chr6	81247126	81247627	501
cCREs390764	chr6	81729303	81730180	877
cCREs390810	chr6	81924972	81925473	501
cCREs390833	chr6	82014859	82015360	501
cCREs390927	chr6	82455569	82456307	738
cCREs391041	chr6	82936191	82936692	501
cCREs391043	chr6	82959964	82960471	507
cCREs391093	chr6	83169678	83170179	501
cCREs391116	chr6	83281971	83282673	702
cCREs391217	chr6	83627670	83628171	501
cCREs391222	chr6	83666107	83666608	501
cCREs391230	chr6	83754511	83755012	501
cCREs391245	chr6	83819634	83820135	501
cCREs391313	chr6	84189090	84189620	530
cCREs391364	chr6	84397773	84398465	692
cCREs391387	chr6	84496486	84496987	501
cCREs391434	chr6	84731165	84731666	501
cCREs391462	chr6	84863805	84864344	539
cCREs391501	chr6	85040651	85041186	535
cCREs391505	chr6	85056784	85057316	532
cCREs391662	chr6	85861189	85861713	524
cCREs391835	chr6	86523245	86523746	501
cCREs391862	chr6	86644657	86645170	513
cCREs391864	chr6	86654224	86654981	757
cCREs391888	chr6	86762241	86762812	571
cCREs391889	chr6	86763908	86764437	529
cCREs392155	chr6	87737860	87738818	958
cCREs392159	chr6	87757125	87757945	820
cCREs392194	chr6	87909104	87909609	505
cCREs392207	chr6	87992644	87993220	576
cCREs392209	chr6	87995276	87995953	677
cCREs392215	chr6	88015727	88016228	501
cCREs392247	chr6	88165034	88165535	501
cCREs392294	chr6	88364571	88365072	501
cCREs392370	chr6	88666404	88666925	521
cCREs392396	chr6	88757419	88757920	501
cCREs392402	chr6	88764324	88764832	508
cCREs392459	chr6	88930030	88930565	535
cCREs392827	chr6	90697820	90698321	501
cCREs392859	chr6	90767105	90767606	501
cCREs392893	chr6	90852282	90852801	519
cCREs392915	chr6	90907688	90908189	501
cCREs392984	chr6	91119397	91119898	501
cCREs392988	chr6	91130392	91130893	501
cCREs393046	chr6	91306458	91306959	501
cCREs393083	chr6	91476019	91476520	501
cCREs393110	chr6	91569488	91570396	908
cCREs393136	chr6	91658490	91659059	569
cCREs393153	chr6	91709841	91710342	501
cCREs393223	chr6	91912221	91912761	540
cCREs393428	chr6	92615571	92616091	520
cCREs393596	chr6	93278209	93278710	501
cCREs393618	chr6	93406390	93406891	501
cCREs393699	chr6	93760563	93761077	514
cCREs393751	chr6	93946562	93947084	522
cCREs394045	chr6	94971615	94972446	831
cCREs394050	chr6	94990440	94990941	501
cCREs394073	chr6	95102221	95102722	501
cCREs394352	chr6	96387912	96388413	501
cCREs394547	chr6	97369490	97369991	501
cCREs394583	chr6	97480955	97481456	501
cCREs394685	chr6	97851662	97852174	512
cCREs394690	chr6	97867376	97867877	501
cCREs394710	chr6	97924153	97924654	501
cCREs394749	chr6	98056855	98057356	501
cCREs394864	chr6	98497373	98497874	501
cCREs394880	chr6	98562280	98562781	501
cCREs395115	chr6	99381751	99382382	631
cCREs395268	chr6	99877119	99877620	501
cCREs395322	chr6	100058851	100059352	501
cCREs395388	chr6	100223529	100224030	501
cCREs395392	chr6	100244698	100245342	644
cCREs395407	chr6	100298063	100298630	567
cCREs395440	chr6	100412311	100413014	703
cCREs395482	chr6	100565231	100565755	524
cCREs395530	chr6	100748153	100748654	501
cCREs395590	chr6	100973596	100974112	516
cCREs395615	chr6	101090758	101091293	535
cCREs395671	chr6	101268208	101268726	518
cCREs395694	chr6	101313893	101314394	501
cCREs395695	chr6	101316034	101316562	528
cCREs395766	chr6	101539172	101539673	501
cCREs395770	chr6	101554499	101555000	501
cCREs395884	chr6	102099424	102099925	501
cCREs395969	chr6	102509177	102509678	501
cCREs396165	chr6	103491436	103491937	501
cCREs396237	chr6	103728010	103728511	501
cCREs396255	chr6	103798003	103798504	501
cCREs396331	chr6	104175234	104175735	501
cCREs396364	chr6	104433255	104433756	501
cCREs396464	chr6	104927453	104927954	501
cCREs396495	chr6	105108261	105108794	533
cCREs396625	chr6	105867675	105868628	953
cCREs396731	chr6	106339098	106339609	511
cCREs396847	chr6	106720738	106721267	529
cCREs396853	chr6	106770056	106770862	806
cCREs396993	chr6	107428526	107429027	501
cCREs397033	chr6	107570974	107571486	512
cCREs397098	chr6	107874971	107875487	516
cCREs397337	chr6	108680257	108680758	501
cCREs397368	chr6	108809387	108809888	501
cCREs397370	chr6	108811330	108811831	501
cCREs397533	chr6	109778501	109779339	838
cCREs397589	chr6	110140935	110141436	501
cCREs397659	chr6	110701808	110702309	501
cCREs397752	chr6	111107356	111107857	501
cCREs397819	chr6	111429128	111429934	806
cCREs397965	chr6	112039538	112040039	501
cCREs397988	chr6	112154787	112155288	501
cCREs398176	chr6	112803171	112803705	534
cCREs398258	chr6	113047264	113047847	583
cCREs398461	chr6	113886873	113887374	501
cCREs398909	chr6	115416026	115416527	501
cCREs399009	chr6	115895967	115896468	501
cCREs399090	chr6	116146204	116146705	501
cCREs399129	chr6	116309283	116309784	501
cCREs399137	chr6	116339688	116340205	517
cCREs399177	chr6	116519841	116520547	706
cCREs399286	chr6	116997003	116997504	501
cCREs399303	chr6	117078410	117078923	513
cCREs399482	chr6	117861687	117862209	522
cCREs399537	chr6	118086249	118086750	501
cCREs399540	chr6	118092556	118093057	501
cCREs399917	chr6	119447038	119447539	501
cCREs399999	chr6	119744752	119745768	1016
cCREs400001	chr6	119753733	119754234	501
cCREs400005	chr6	119767908	119768686	778
cCREs400039	chr6	119971584	119972509	925
cCREs400050	chr6	120074328	120074892	564
cCREs400094	chr6	120275978	120276479	501
cCREs400114	chr6	120389934	120390457	523
cCREs400205	chr6	120881861	120882362	501
cCREs400219	chr6	120923723	120924224	501
cCREs400477	chr6	122328153	122328654	501
cCREs400480	chr6	122334894	122335402	508
cCREs400718	chr6	124591410	124591911	501
cCREs400941	chr6	125492544	125493569	1025
cCREs400943	chr6	125496767	125497268	501
cCREs400981	chr6	125606761	125607559	798
cCREs401206	chr6	126673195	126673696	501
cCREs401290	chr6	127061494	127061995	501
cCREs401344	chr6	127335280	127335976	696
cCREs401376	chr6	127465526	127466027	501
cCREs401486	chr6	127833955	127834456	501
cCREs401598	chr6	128110414	128110915	501
cCREs401607	chr6	128125558	128126059	501
cCREs401611	chr6	128131642	128132156	514
cCREs401665	chr6	128341301	128341896	595
cCREs401715	chr6	128568982	128569483	501
cCREs401738	chr6	128717141	128717642	501
cCREs401810	chr6	129113155	129113723	568
cCREs401963	chr6	131519925	131520445	520
cCREs402103	chr6	134183187	134183688	501
cCREs402124	chr6	134253214	134254178	964
cCREs402199	chr6	134541689	134542193	504
cCREs402240	chr6	134687022	134687523	501
cCREs402252	chr6	134721069	134721570	501
cCREs402254	chr6	134723177	134723678	501
cCREs402259	chr6	134731898	134732399	501
cCREs402262	chr6	134743424	134743925	501
cCREs402266	chr6	134760818	134761419	601
cCREs402268	chr6	134762684	134763185	501
cCREs402782	chr6	136570148	136570667	519
cCREs402867	chr6	136932892	136933393	501
cCREs403016	chr6	137375738	137376239	501
cCREs403071	chr6	137540696	137541197	501
cCREs403131	chr6	137714806	137715307	501
cCREs403145	chr6	137771459	137772174	715
cCREs403164	chr6	137827970	137828675	705
cCREs403197	chr6	137969496	137970029	533
cCREs403246	chr6	138164633	138165134	501
cCREs403249	chr6	138173501	138174002	501
cCREs403279	chr6	138355043	138355551	508
cCREs403363	chr6	138737511	138738012	501
cCREs403413	chr6	139020220	139020721	501
cCREs403422	chr6	139078860	139079361	501
cCREs403448	chr6	139224204	139224718	514
cCREs403559	chr6	139776102	139776884	782
cCREs403729	chr6	140340005	140340528	523
cCREs403808	chr6	140555429	140555930	501
cCREs403939	chr6	141099748	141100302	554
cCREs404174	chr6	142477172	142477688	516
cCREs404191	chr6	142533041	142533892	851
cCREs404193	chr6	142539667	142540168	501
cCREs404398	chr6	143247161	143247675	514
cCREs404505	chr6	143678212	143678713	501
cCREs404654	chr6	144210554	144211055	501
cCREs404666	chr6	144289450	144289951	501
cCREs404686	chr6	144357553	144358064	511
cCREs404720	chr6	144507262	144507763	501
cCREs404954	chr6	145453246	145453747	501
cCREs404957	chr6	145462217	145462718	501
cCREs404963	chr6	145472806	145473488	682
cCREs405007	chr6	145651077	145651578	501
cCREs405049	chr6	145779296	145780327	1031
cCREs405125	chr6	146133980	146134481	501
cCREs405129	chr6	146147730	146148231	501
cCREs405137	chr6	146163638	146164139	501
cCREs405141	chr6	146176160	146176710	550
cCREs405152	chr6	146221351	146222398	1047
cCREs405180	chr6	146315964	146316465	501
cCREs405187	chr6	146338083	146338584	501
cCREs405193	chr6	146355799	146356306	507
cCREs405208	chr6	146406092	146406593	501
cCREs405216	chr6	146422027	146422528	501
cCREs405237	chr6	146492761	146493262	501
cCREs405238	chr6	146493506	146494007	501
cCREs405307	chr6	146799228	146799732	504
cCREs405330	chr6	146890275	146890776	501
cCREs405483	chr6	147480353	147480854	501
cCREs405657	chr6	148286404	148286917	513
cCREs405736	chr6	148534819	148535779	960
cCREs405808	chr6	148814446	148814947	501
cCREs405858	chr6	149122536	149123050	514
cCREs406009	chr7	3717878	3718379	501
cCREs406013	chr7	3955078	3955579	501
cCREs406113	chr7	4731625	4732126	501
cCREs406146	chr7	4908968	4909469	501
cCREs406249	chr7	6719827	6720328	501
cCREs406302	chr7	7118294	7118848	554
cCREs406304	chr7	7122622	7123123	501
cCREs406310	chr7	7206657	7207326	669
cCREs406312	chr7	7268422	7269166	744
cCREs406421	chr7	16022926	16023446	520
cCREs406441	chr7	16109945	16110462	517
cCREs406473	chr7	16223794	16224295	501
cCREs406534	chr7	16522372	16522873	501
cCREs406595	chr7	16825722	16826249	527
cCREs406642	chr7	16965779	16966314	535
cCREs406680	chr7	17081343	17081852	509
cCREs406702	chr7	18876720	18877221	501
cCREs406750	chr7	19080401	19080917	516
cCREs406865	chr7	19551549	19552050	501
cCREs406886	chr7	19630467	19630968	501
cCREs406973	chr7	24334725	24335226	501
cCREs407032	chr7	24551961	24552679	718
cCREs407067	chr7	24856568	24857325	757
cCREs407199	chr7	25539667	25540213	546
cCREs407215	chr7	25648823	25649355	532
cCREs407330	chr7	27340536	27341037	501
cCREs407359	chr7	27493595	27494096	501
cCREs407383	chr7	27600357	27600876	519
cCREs407388	chr7	27609262	27609763	501
cCREs407455	chr7	28162100	28162601	501
cCREs407471	chr7	28322226	28323131	905
cCREs407477	chr7	28356841	28357718	877
cCREs407600	chr7	28954524	28955358	834
cCREs407655	chr7	29293026	29294116	1090
cCREs407687	chr7	29381431	29381948	517
cCREs407698	chr7	29412871	29413388	517
cCREs407701	chr7	29423720	29424221	501
cCREs407711	chr7	29442821	29443322	501
cCREs407731	chr7	29491736	29492340	604
cCREs407905	chr7	30769005	30769706	701
cCREs407930	chr7	30916657	30917202	545
cCREs407931	chr7	30920252	30920753	501
cCREs407944	chr7	31014250	31014957	707
cCREs407981	chr7	31168038	31168865	827
cCREs408054	chr7	34372237	34372738	501
cCREs408071	chr7	34524119	34524620	501
cCREs408084	chr7	34591566	34592067	501
cCREs408131	chr7	34752157	34752865	708
cCREs408145	chr7	34808469	34808970	501
cCREs408224	chr7	35145073	35146013	940
cCREs408245	chr7	35238351	35238852	501
cCREs408281	chr7	35434184	35434872	688
cCREs408405	chr7	36090179	36090933	754
cCREs408475	chr7	36640151	36640652	501
cCREs408497	chr7	36721932	36722451	519
cCREs408546	chr7	36964055	36964556	501
cCREs408591	chr7	37293148	37293649	501
cCREs408621	chr7	37402655	37403339	684
cCREs408624	chr7	37413399	37413900	501
cCREs408631	chr7	37434712	37435213	501
cCREs408658	chr7	37551917	37552418	501
cCREs408678	chr7	37602933	37603447	514
cCREs408687	chr7	37638630	37639163	533
cCREs408692	chr7	37650997	37651498	501
cCREs408735	chr7	37819231	37819732	501
cCREs408754	chr7	37930519	37931020	501
cCREs408761	chr7	37945885	37946494	609
cCREs408765	chr7	37974474	37974979	505
cCREs408766	chr7	37978816	37979317	501
cCREs408808	chr7	38194380	38194907	527
cCREs408829	chr7	39456359	39456860	501
cCREs408831	chr7	39461813	39462314	501
cCREs408838	chr7	39570974	39571769	795
cCREs408839	chr7	39571850	39572351	501
cCREs408840	chr7	39586365	39587097	732
cCREs408844	chr7	39600249	39600750	501
cCREs408945	chr7	40319178	40319679	501
cCREs408990	chr7	40531943	40532444	501
cCREs409026	chr7	40773579	40774322	743
cCREs409070	chr7	41396759	41397260	501
cCREs409136	chr7	43658346	43658847	501
cCREs409163	chr7	43820453	43820954	501
cCREs409164	chr7	43824106	43824628	522
cCREs409246	chr7	44503901	44504402	501
cCREs409495	chr7	45687053	45687554	501
cCREs409528	chr7	45811462	45811963	501
cCREs409556	chr7	45974130	45974948	818
cCREs409708	chr7	46654240	46654741	501
cCREs409760	chr7	46948140	46948641	501
cCREs409764	chr7	46978948	46979480	532
cCREs409765	chr7	46979570	46980088	518
cCREs409856	chr7	48858339	48858840	501
cCREs409929	chr7	49104434	49104954	520
cCREs410096	chr7	49518010	49518511	501
cCREs410178	chr7	49875560	49876061	501
cCREs410194	chr7	49957845	49958346	501
cCREs410249	chr7	50240925	50241426	501
cCREs410332	chr7	50595824	50596325	501
cCREs410354	chr7	50718685	50719186	501
cCREs410409	chr7	51058675	51059176	501
cCREs410463	chr7	51493907	51494408	501
cCREs410550	chr7	51973375	51973903	528
cCREs410726	chr7	53749792	53750293	501
cCREs410749	chr7	53973256	53973757	501
cCREs410750	chr7	53975438	53975939	501
cCREs410836	chr7	54655173	54655674	501
cCREs410877	chr7	54856504	54857025	521
cCREs410925	chr7	55163770	55164304	534
cCREs410944	chr7	55299233	55299734	501
cCREs411006	chr7	55814885	55815386	501
cCREs411037	chr7	55927829	55928427	598
cCREs411094	chr7	56185240	56185741	501
cCREs411127	chr7	56399355	56399856	501
cCREs411145	chr7	56498011	56498512	501
cCREs411180	chr7	56697407	56698194	787
cCREs411181	chr7	56706564	56707065	501
cCREs411223	chr7	56883397	56884264	867
cCREs411517	chr7	58447176	58447677	501
cCREs411547	chr7	58638744	58639245	501
cCREs411573	chr7	58728161	58728662	501
cCREs411610	chr7	58870606	58871144	538
cCREs411652	chr7	59979047	59979585	538
cCREs411662	chr7	60131197	60131698	501
cCREs411678	chr7	60808652	60809153	501
cCREs411680	chr7	60839567	60840068	501
cCREs411738	chr7	62056023	62056582	559
cCREs411890	chr7	63632112	63632643	531
cCREs411927	chr7	63769491	63769992	501
cCREs412007	chr7	64100443	64100990	547
cCREs412128	chr7	64633577	64634078	501
cCREs412456	chr7	65895692	65896197	505
cCREs412492	chr7	66030456	66030957	501
cCREs412599	chr7	66406958	66407949	991
cCREs412635	chr7	66600608	66601442	834
cCREs412919	chr7	67799009	67799510	501
cCREs413151	chr7	68700604	68701474	870
cCREs413234	chr7	69248214	69248848	634
cCREs413299	chr7	69888080	69888581	501
cCREs413398	chr7	70519405	70519938	533
cCREs413415	chr7	70647139	70647642	503
cCREs413500	chr7	71214531	71215062	531
cCREs413557	chr7	71479939	71480468	529
cCREs413558	chr7	71481657	71482170	513
cCREs413962	chr7	73484873	73485393	520
cCREs414206	chr7	74380033	74380534	501
cCREs414293	chr7	74637340	74637841	501
cCREs414357	chr7	74971762	74972263	501
cCREs414464	chr7	75340110	75340611	501
cCREs414489	chr7	75420797	75421298	501
cCREs414506	chr7	75505850	75506724	874
cCREs414547	chr7	75648306	75648807	501
cCREs414549	chr7	75652778	75653279	501
cCREs414555	chr7	75669259	75669925	666
cCREs414658	chr7	76195354	76195855	501
cCREs414664	chr7	76222583	76223443	860
cCREs414756	chr7	76789954	76790455	501
cCREs414783	chr7	76963424	76963925	501
cCREs414840	chr7	77421429	77421930	501
cCREs414885	chr7	77735037	77735538	501
cCREs414906	chr7	77884786	77885287	501
cCREs415463	chr7	80015227	80015830	603
cCREs415494	chr7	80130574	80131103	529
cCREs415697	chr7	80895788	80896289	501
cCREs415752	chr7	81264661	81265197	536
cCREs415762	chr7	81304623	81305142	519
cCREs415775	chr7	81352129	81352646	517
cCREs415956	chr7	82189553	82190501	948
cCREs415983	chr7	82272738	82273239	501
cCREs415987	chr7	82280044	82280597	553
cCREs415994	chr7	82305992	82306848	856
cCREs416005	chr7	82368350	82368851	501
cCREs416371	chr7	84194012	84194513	501
cCREs416405	chr7	84314149	84314650	501
cCREs416446	chr7	84423798	84424299	501
cCREs416478	chr7	84553672	84554188	516
cCREs416500	chr7	84637466	84637998	532
cCREs416515	chr7	84734759	84735260	501
cCREs416592	chr7	87507987	87508488	501
cCREs416635	chr7	87808902	87809605	703
cCREs416639	chr7	87832635	87833136	501
cCREs416673	chr7	88049810	88050315	505
cCREs416676	chr7	88054780	88055629	849
cCREs416747	chr7	88460709	88461210	501
cCREs416748	chr7	88463233	88463734	501
cCREs416756	chr7	88503060	88503687	627
cCREs416821	chr7	88957489	88957990	501
cCREs416851	chr7	89096789	89097290	501
cCREs416858	chr7	89124966	89125467	501
cCREs416916	chr7	89371483	89372349	866
cCREs416964	chr7	89554319	89554820	501
cCREs417012	chr7	89742148	89742649	501
cCREs417019	chr7	89761228	89762076	848
cCREs417077	chr7	90046457	90046958	501
cCREs417078	chr7	90047575	90048076	501
cCREs417083	chr7	90058648	90059186	538
cCREs417089	chr7	90077748	90078253	505
cCREs417100	chr7	90119340	90119863	523
cCREs417108	chr7	90173039	90173540	501
cCREs417125	chr7	90257885	90258397	512
cCREs417138	chr7	90332305	90333152	847
cCREs417147	chr7	90355923	90356436	513
cCREs417326	chr7	91316322	91316823	501
cCREs417496	chr7	91921926	91922427	501
cCREs417805	chr7	93361352	93361853	501
cCREs417893	chr7	94211216	94211717	501
cCREs417957	chr7	94734723	94735224	501
cCREs417967	chr7	94828632	94829226	594
cCREs417978	chr7	94872583	94873084	501
cCREs418053	chr7	95473633	95474411	778
cCREs418074	chr7	95616013	95616514	501
cCREs418080	chr7	95664625	95665126	501
cCREs418107	chr7	95770972	95771473	501
cCREs418108	chr7	95772221	95772722	501
cCREs418122	chr7	95859327	95859828	501
cCREs418132	chr7	95910868	95911626	758
cCREs418250	chr7	96354134	96354653	519
cCREs418259	chr7	96387031	96387532	501
cCREs418452	chr7	96906107	96906708	601
cCREs418488	chr7	97054969	97055470	501
cCREs418498	chr7	97112855	97113356	501
cCREs418562	chr7	97423096	97423597	501
cCREs418612	chr7	97687714	97688259	545
cCREs418657	chr7	97926756	97927464	708
cCREs418671	chr7	98085234	98085773	539
cCREs418681	chr7	98119275	98119824	549
cCREs418710	chr7	98202516	98203034	518
cCREs418774	chr7	98548107	98548608	501
cCREs418795	chr7	98634357	98635317	960
cCREs418810	chr7	98696150	98696651	501
cCREs418864	chr7	98882430	98882931	501
cCREs418865	chr7	98886713	98887214	501
cCREs418945	chr7	99110210	99110731	521
cCREs418968	chr7	99186016	99186576	560
cCREs419016	chr7	99378706	99379210	504
cCREs419113	chr7	99692135	99692822	687
cCREs419118	chr7	99706184	99707693	1509
cCREs419182	chr7	100000597	100001137	540
cCREs419209	chr7	100126453	100126954	501
cCREs419269	chr7	100396820	100397350	530
cCREs419279	chr7	100437114	100437646	532
cCREs419393	chr7	100896917	100897418	501
cCREs419451	chr7	101142867	101143402	535
cCREs419474	chr7	101260405	101260906	501
cCREs419568	chr7	101530841	101531342	501
cCREs419600	chr7	101685235	101685736	501
cCREs419734	chr7	102280717	102281236	519
cCREs419877	chr7	104194587	104195088	501
cCREs419914	chr7	105159297	105159798	501
cCREs419979	chr7	105557693	105558224	531
cCREs420044	chr7	105824339	105824840	501
cCREs420092	chr7	107326878	107327379	501
cCREs420147	chr7	107612662	107613310	648
cCREs420162	chr7	107678347	107678848	501
cCREs420180	chr7	107724019	107724520	501
cCREs420214	chr7	108520930	108521453	523
cCREs420219	chr7	108816466	108816967	501
cCREs420222	chr7	108900222	108900723	501
cCREs420265	chr7	109050021	109050528	507
cCREs420279	chr7	109101883	109102384	501
cCREs420311	chr7	109261238	109261739	501
cCREs420319	chr7	109305954	109306455	501
cCREs420393	chr7	109657793	109658337	544
cCREs420397	chr7	109686521	109687248	727
cCREs420415	chr7	109771998	109772499	501
cCREs420448	chr7	109895363	109895869	506
cCREs420471	chr7	110013160	110013661	501
cCREs420933	chr7	111919678	111920179	501
cCREs421115	chr7	112507171	112507672	501
cCREs421193	chr7	112797619	112798120	501
cCREs421250	chr7	113055486	113055987	501
cCREs421419	chr7	113743942	113744443	501
cCREs421506	chr7	114079136	114079780	644
cCREs421613	chr7	114780519	114781033	514
cCREs421655	chr7	115037276	115037777	501
cCREs421684	chr7	115200982	115201694	712
cCREs421686	chr7	115208798	115209314	516
cCREs421897	chr7	116202192	116202835	643
cCREs421981	chr7	116568960	116569480	520
cCREs422091	chr7	117123782	117124303	521
cCREs422277	chr7	117730043	117730544	501
cCREs422386	chr7	118212940	118213449	509
cCREs422466	chr7	118520164	118520665	501
cCREs422496	chr7	118630730	118631233	503
cCREs422515	chr7	118718042	118718549	507
cCREs422548	chr7	118822051	118822552	501
cCREs422652	chr7	119203621	119204122	501
cCREs422695	chr7	119485132	119485633	501
cCREs422698	chr7	119491713	119492214	501
cCREs422721	chr7	119664206	119664707	501
cCREs422786	chr7	120054537	120055327	790
cCREs422796	chr7	120104002	120104503	501
cCREs422871	chr7	120658497	120658998	501
cCREs423555	chr7	123425070	123425669	599
cCREs423633	chr7	123945109	123945637	528
cCREs423726	chr7	124302528	124303029	501
cCREs423729	chr7	124316827	124317328	501
cCREs423880	chr7	125067698	125068409	711
cCREs423932	chr7	125413783	125414284	501
cCREs423940	chr7	125446826	125447327	501
cCREs423994	chr7	125649428	125649929	501
cCREs424207	chr7	126564609	126565110	501
cCREs424216	chr7	126603534	126604058	524
cCREs424284	chr7	126923946	126924490	544
cCREs424356	chr7	127300208	127300709	501
cCREs424357	chr7	127319228	127319729	501
cCREs424389	chr7	127543895	127544396	501
cCREs424453	chr7	127910315	127911120	805
cCREs424628	chr7	128911109	128911645	536
cCREs424642	chr7	129024859	129025360	501
cCREs424780	chr7	129722299	129722805	506
cCREs424810	chr7	129879307	129880133	826
cCREs424827	chr7	129946867	129947677	810
cCREs424829	chr7	129954893	129955394	501
cCREs424830	chr7	129958358	129958872	514
cCREs424833	chr7	129974131	129974636	505
cCREs424836	chr7	129980767	129981276	509
cCREs424912	chr7	130304583	130305090	507
cCREs425042	chr7	130838486	130838987	501
cCREs425064	chr7	130908377	130908878	501
cCREs425101	chr7	131099246	131099794	548
cCREs425166	chr7	131564419	131564920	501
cCREs425455	chr7	132651395	132651896	501
cCREs425547	chr7	132905791	132906292	501
cCREs425757	chr7	133852454	133852955	501
cCREs425919	chr7	134525836	134526347	511
cCREs426095	chr7	135322286	135323276	990
cCREs426520	chr7	137636656	137637157	501
cCREs426648	chr7	138259095	138259700	605
cCREs426770	chr7	138768114	138768615	501
cCREs426792	chr7	138865035	138865536	501
cCREs426824	chr7	138993153	138993698	545
cCREs427055	chr7	139811182	139811683	501
cCREs427136	chr7	140117186	140117687	501
cCREs427229	chr7	140871607	140872270	663
cCREs427264	chr7	141046815	141047574	759
cCREs427327	chr7	141384810	141385333	523
cCREs427368	chr7	141550208	141550909	701
cCREs427395	chr7	141658380	141658920	540
cCREs427419	chr7	141869114	141869615	501
cCREs427555	chr7	142555941	142556442	501
cCREs427666	chr7	143251925	143252426	501
cCREs427708	chr7	143424842	143425343	501
cCREs427735	chr7	143537846	143538347	501
cCREs427783	chr7	143838388	143838912	524
cCREs427785	chr7	143863529	143864068	539
cCREs427868	chr7	144198498	144198999	501
cCREs428303	chr8	4296963	4297464	501
cCREs428395	chr8	5386563	5387064	501
cCREs428404	chr8	5476447	5476948	501
cCREs428411	chr8	5553096	5553891	795
cCREs428507	chr8	6384076	6384577	501
cCREs428556	chr8	6735925	6736426	501
cCREs428567	chr8	6823080	6823581	501
cCREs428590	chr8	7058108	7058609	501
cCREs428679	chr8	7739422	7739939	517
cCREs428695	chr8	7858356	7858857	501
cCREs428699	chr8	7876139	7876640	501
cCREs428776	chr8	8239385	8239979	594
cCREs428904	chr8	8675746	8676458	712
cCREs428932	chr8	8800912	8801413	501
cCREs428988	chr8	9038971	9039472	501
cCREs429061	chr8	9265872	9266373	501
cCREs429117	chr8	9445700	9446224	524
cCREs429201	chr8	9769013	9769535	522
cCREs429278	chr8	10132741	10133242	501
cCREs429337	chr8	10339529	10340030	501
cCREs429394	chr8	10513473	10514014	541
cCREs429446	chr8	10655091	10655592	501
cCREs429513	chr8	10910307	10911509	1202
cCREs429593	chr8	11210926	11211427	501
cCREs429674	chr8	11444044	11444545	501
cCREs429719	chr8	11620217	11620718	501
cCREs429986	chr8	12630069	12630570	501
cCREs430037	chr8	12791594	12792095	501
cCREs430048	chr8	12809629	12810130	501
cCREs430126	chr8	13084312	13084813	501
cCREs430171	chr8	13322713	13323214	501
cCREs430282	chr8	13702238	13703661	1423
cCREs430347	chr8	14011650	14012151	501
cCREs430616	chr8	14890609	14891110	501
cCREs430642	chr8	14964256	14964757	501
cCREs430701	chr8	15158527	15159028	501
cCREs430901	chr8	16204170	16204676	506
cCREs431098	chr8	17033515	17034016	501
cCREs431157	chr8	17295384	17295885	501
cCREs431188	chr8	17413993	17414534	541
cCREs431217	chr8	17520305	17520806	501
cCREs431287	chr8	17878391	17878892	501
cCREs431319	chr8	18158764	18159265	501
cCREs431350	chr8	18368199	18368700	501
cCREs431375	chr8	18546829	18547832	1003
cCREs431406	chr8	18679091	18680054	963
cCREs431571	chr8	22070352	22070853	501
cCREs431582	chr8	22157490	22157991	501
cCREs431608	chr8	22302033	22302534	501
cCREs431663	chr8	22601722	22602698	976
cCREs431709	chr8	22777712	22778416	704
cCREs431749	chr8	22948593	22949094	501
cCREs431801	chr8	23162491	23162992	501
cCREs431808	chr8	23178173	23178695	522
cCREs431850	chr8	23420300	23420988	688
cCREs432141	chr8	24481148	24481649	501
cCREs432319	chr8	25316275	25316776	501
cCREs432472	chr8	25984837	25985350	513
cCREs432481	chr8	26012863	26013364	501
cCREs432583	chr8	26490080	26490581	501
cCREs432597	chr8	26554406	26554907	501
cCREs432748	chr8	27089785	27090311	526
cCREs432776	chr8	27182648	27183149	501
cCREs432923	chr8	28115462	28115963	501
cCREs433071	chr8	28771822	28772323	501
cCREs433381	chr8	30626240	30626741	501
cCREs433514	chr8	31241083	31241584	501
cCREs433620	chr8	31872017	31872518	501
cCREs433748	chr8	32410104	32410605	501
cCREs433889	chr8	33077529	33078036	507
cCREs433893	chr8	33085997	33087045	1048
cCREs433897	chr8	33109335	33109848	513
cCREs433967	chr8	33492244	33492857	613
cCREs433986	chr8	33565208	33565709	501
cCREs433993	chr8	33609495	33610611	1116
cCREs434233	chr8	34588524	34589025	501
cCREs434241	chr8	34610291	34610797	506
cCREs434290	chr8	34791231	34791732	501
cCREs434347	chr8	34964228	34964729	501
cCREs434365	chr8	35036084	35036585	501
cCREs434614	chr8	35893598	35894099	501
cCREs434666	chr8	36088494	36089034	540
cCREs434675	chr8	36118344	36118845	501
cCREs434905	chr8	36814041	36814542	501
cCREs434925	chr8	36883741	36884242	501
cCREs434963	chr8	36995659	36996160	501
cCREs434964	chr8	36999113	36999614	501
cCREs435005	chr8	37226955	37227523	568
cCREs435072	chr8	37675323	37675824	501
cCREs435154	chr8	38259878	38260379	501
cCREs435215	chr8	38596972	38597500	528
cCREs435400	chr8	39768339	39768840	501
cCREs435457	chr8	40177203	40177704	501
cCREs435477	chr8	40292133	40292634	501
cCREs435506	chr8	40440026	40440527	501
cCREs435525	chr8	40504390	40504891	501
cCREs435628	chr8	41013485	41013986	501
cCREs435641	chr8	41039367	41039903	536
cCREs435659	chr8	41076610	41077111	501
cCREs435724	chr8	41370629	41371543	914
cCREs435745	chr8	41490242	41490743	501
cCREs435914	chr8	42388770	42389271	501
cCREs435918	chr8	42403023	42403524	501
cCREs435963	chr8	42815172	42815853	681
cCREs435991	chr8	42979439	42980205	766
cCREs436031	chr8	43281933	43282434	501
cCREs436049	chr8	43399917	43400424	507
cCREs436106	chr8	44068131	44068655	524
cCREs436187	chr8	44580225	44580726	501
cCREs436242	chr8	44905189	44906008	819
cCREs436369	chr8	45414918	45415763	845
cCREs436491	chr8	45786454	45786955	501
cCREs436711	chr8	46652731	46653381	650
cCREs436784	chr8	46881149	46881815	666
cCREs436793	chr8	46905479	46905995	516
cCREs436822	chr8	47014675	47015176	501
cCREs436836	chr8	47058484	47058985	501
cCREs436854	chr8	47162376	47162877	501
cCREs436936	chr8	47503303	47503804	501
cCREs436985	chr8	47690496	47691811	1315
cCREs437151	chr8	48328631	48329132	501
cCREs437377	chr8	49254402	49254903	501
cCREs437421	chr8	49441304	49441805	501
cCREs437446	chr8	49562157	49562828	671
cCREs437542	chr8	50127213	50127714	501
cCREs437680	chr8	50846518	50847019	501
cCREs437712	chr8	51229352	51229853	501
cCREs437736	chr8	51458324	51458825	501
cCREs437742	chr8	51494673	51495213	540
cCREs437919	chr8	53509860	53510361	501
cCREs437970	chr8	53781913	53782414	501
cCREs438092	chr8	54459130	54459631	501
cCREs438105	chr8	54504871	54505372	501
cCREs438149	chr8	54665311	54665812	501
cCREs438348	chr8	56281937	56282438	501
cCREs438355	chr8	56301209	56302375	1166
cCREs438386	chr8	56453602	56454103	501
cCREs438403	chr8	56506433	56506934	501
cCREs438423	chr8	56619552	56620053	501
cCREs438516	chr8	57458538	57459039	501
cCREs438608	chr8	57769972	57770473	501
cCREs438641	chr8	57868200	57868701	501
cCREs438736	chr8	58271723	58272242	519
cCREs438754	chr8	58399154	58399655	501
cCREs438798	chr8	58645860	58646361	501
cCREs439063	chr8	60566878	60567379	501
cCREs439086	chr8	60648439	60648940	501
cCREs439125	chr8	60806076	60806577	501
cCREs439219	chr8	61261770	61262271	501
cCREs439243	chr8	61310972	61311473	501
cCREs439284	chr8	61423082	61423583	501
cCREs439334	chr8	61595708	61596209	501
cCREs439337	chr8	61608006	61608524	518
cCREs439401	chr8	61922621	61923122	501
cCREs439485	chr8	62625406	62625907	501
cCREs439536	chr8	63117700	63118541	841
cCREs439723	chr8	64368836	64369337	501
cCREs439826	chr8	64753679	64754180	501
cCREs439848	chr8	64798970	64799471	501
cCREs439885	chr8	64911846	64912391	545
cCREs439894	chr8	64928321	64928905	584
cCREs439921	chr8	65080695	65081196	501
cCREs439928	chr8	65110993	65111508	515
cCREs439982	chr8	65496686	65497202	516
cCREs439983	chr8	65497454	65497955	501
cCREs439985	chr8	65510713	65511214	501
cCREs439989	chr8	65561085	65561914	829
cCREs440065	chr8	65941245	65941776	531
cCREs440073	chr8	65993125	65993638	513
cCREs440125	chr8	66229853	66230386	533
cCREs440127	chr8	66232596	66233097	501
cCREs440186	chr8	66451878	66452379	501
cCREs440300	chr8	66960962	66961463	501
cCREs440502	chr8	67914356	67914857	501
cCREs440504	chr8	67918172	67918813	641
cCREs440562	chr8	68146999	68147525	526
cCREs440577	chr8	68189412	68190047	635
cCREs440972	chr8	70194161	70195066	905
cCREs441037	chr8	70420217	70420718	501
cCREs441075	chr8	70552860	70553365	505
cCREs441152	chr8	70807260	70807786	526
cCREs441212	chr8	71295130	71295631	501
cCREs441216	chr8	71315313	71315820	507
cCREs441261	chr8	71540727	71541228	501
cCREs441273	chr8	71588518	71589019	501
cCREs441368	chr8	72241404	72241905	501
cCREs441411	chr8	72367031	72367532	501
cCREs441421	chr8	72412724	72413225	501
cCREs441426	chr8	72424170	72424671	501
cCREs441451	chr8	72565875	72566378	503
cCREs441500	chr8	72828939	72829831	892
cCREs441529	chr8	72963916	72964417	501
cCREs441549	chr8	73042979	73043480	501
cCREs441624	chr8	73277860	73278361	501
cCREs441646	chr8	73322535	73323059	524
cCREs441655	chr8	73339554	73340055	501
cCREs441852	chr8	74904175	74904676	501
cCREs442144	chr8	76651985	76652486	501
cCREs442204	chr8	77027528	77028047	519
cCREs442209	chr8	77042181	77042687	506
cCREs442373	chr8	77558202	77558703	501
cCREs442380	chr8	77621130	77621631	501
cCREs442512	chr8	78253520	78254027	507
cCREs442555	chr8	78537879	78538397	518
cCREs442566	chr8	78574358	78574863	505
cCREs442624	chr8	78777831	78778332	501
cCREs442653	chr8	78975365	78975866	501
cCREs442689	chr8	79089551	79090052	501
cCREs442720	chr8	79167827	79168427	600
cCREs442753	chr8	79277702	79278231	529
cCREs442763	chr8	79307516	79308017	501
cCREs442869	chr8	79828723	79829224	501
cCREs442884	chr8	79927209	79927710	501
cCREs442917	chr8	80054155	80054668	513
cCREs442936	chr8	80176634	80177145	511
cCREs442958	chr8	80295262	80295763	501
cCREs443020	chr8	80695148	80695649	501
cCREs443022	chr8	80699029	80699530	501
cCREs443054	chr8	80840171	80840672	501
cCREs443099	chr8	80989330	80989831	501
cCREs443218	chr8	81611328	81611829	501
cCREs443272	chr8	81833086	81833587	501
cCREs443341	chr8	82235772	82236509	737
cCREs443359	chr8	82293705	82294417	712
cCREs443360	chr8	82300358	82300859	501
cCREs443389	chr8	82408113	82408614	501
cCREs443394	chr8	82485223	82485724	501
cCREs443527	chr8	83062752	83063253	501
cCREs443608	chr8	83395580	83396081	501
cCREs443646	chr8	83623792	83624335	543
cCREs443659	chr8	83672876	83673385	509
cCREs443699	chr8	83910793	83911503	710
cCREs443750	chr8	84165400	84165930	530
cCREs443999	chr8	85028211	85029133	922
cCREs444034	chr8	85339746	85340416	670
cCREs444051	chr8	85447035	85447907	872
cCREs444118	chr8	85823428	85823929	501
cCREs444182	chr8	86182179	86182680	501
cCREs444238	chr8	86388888	86389389	501
cCREs444387	chr8	86892629	86893130	501
cCREs444388	chr8	86898008	86898557	549
cCREs444535	chr8	87636910	87637411	501
cCREs444664	chr8	88139346	88139899	553
cCREs444809	chr8	88720942	88721461	519
cCREs444826	chr8	88784349	88784850	501
cCREs444895	chr8	89141828	89143009	1181
cCREs444929	chr8	89298768	89299315	547
cCREs444977	chr8	89528990	89529491	501
cCREs445027	chr8	89814035	89814536	501
cCREs445055	chr8	89942026	89942527	501
cCREs445125	chr8	90273849	90274356	507
cCREs445317	chr8	91205875	91206389	514
cCREs445342	chr8	91298678	91299192	514
cCREs445403	chr8	91509113	91509614	501
cCREs445407	chr8	91514597	91515334	737
cCREs445482	chr8	91847268	91847769	501
cCREs445544	chr8	92176056	92176571	515
cCREs445721	chr8	93219629	93220130	501
cCREs445870	chr8	93904771	93905420	649
cCREs446287	chr8	95397748	95398249	501
cCREs446289	chr8	95409523	95410072	549
cCREs446322	chr8	95555946	95556447	501
cCREs446379	chr8	95740752	95741265	513
cCREs446426	chr8	95984045	95984546	501
cCREs446546	chr8	96652844	96653345	501
cCREs446594	chr8	96964123	96964624	501
cCREs446847	chr8	98721403	98721920	517
cCREs446900	chr8	99109266	99109768	502
cCREs447115	chr8	100172718	100173284	566
cCREs447178	chr8	100623983	100624484	501
cCREs447199	chr8	100712075	100712576	501
cCREs447234	chr8	100934760	100935271	511
cCREs447281	chr8	101326515	101327277	762
cCREs447470	chr8	102479997	102480498	501
cCREs447490	chr8	102556556	102557057	501
cCREs447500	chr8	102594693	102595194	501
cCREs447505	chr8	102613795	102614296	501
cCREs447595	chr8	102920554	102921055	501
cCREs447900	chr8	104038675	104039186	511
cCREs447955	chr8	104227884	104228385	501
cCREs448089	chr8	105134927	105135428	501
cCREs448236	chr8	105715810	105716744	934
cCREs448243	chr8	105748111	105749097	986
cCREs448261	chr8	105821284	105821785	501
cCREs448294	chr8	105962343	105962844	501
cCREs448308	chr8	106052300	106052816	516
cCREs448395	chr8	106368665	106369166	501
cCREs448455	chr8	106625945	106626446	501
cCREs448566	chr8	107076219	107076923	704
cCREs448609	chr8	107209371	107209955	584
cCREs448978	chr8	109026625	109027126	501
cCREs449041	chr8	109422665	109423166	501
cCREs449104	chr8	109728359	109728860	501
cCREs449108	chr8	109746129	109746630	501
cCREs449167	chr8	109997625	109998126	501
cCREs449175	chr8	110025787	110026323	536
cCREs449183	chr8	110068199	110068700	501
cCREs449328	chr8	110680620	110681121	501
cCREs449480	chr8	111289215	111289716	501
cCREs449510	chr8	111447914	111448649	735
cCREs449541	chr8	111540753	111541254	501
cCREs449572	chr8	111617816	111618360	544
cCREs449604	chr8	111722691	111723192	501
cCREs449666	chr8	111939052	111939553	501
cCREs449683	chr8	111999976	112000477	501
cCREs450048	chr8	113539632	113540504	872
cCREs450071	chr8	113680140	113680641	501
cCREs450075	chr8	113703739	113704274	535
cCREs450181	chr8	114201790	114202291	501
cCREs450302	chr8	114654021	114654522	501
cCREs450388	chr8	115024125	115024626	501
cCREs450695	chr8	116586516	116587017	501
cCREs450738	chr8	116744459	116744960	501
cCREs450772	chr8	116916484	116916985	501
cCREs450880	chr8	117356176	117356677	501
cCREs451085	chr8	118192522	118193043	521
cCREs451207	chr8	118609300	118609812	512
cCREs451375	chr8	119125853	119126354	501
cCREs451527	chr8	119594946	119595697	751
cCREs451542	chr8	119647130	119647631	501
cCREs451679	chr8	120117155	120117656	501
cCREs451683	chr8	120122271	120122772	501
cCREs451720	chr8	120222142	120222643	501
cCREs451912	chr8	120773539	120774040	501
cCREs452012	chr8	121340894	121341395	501
cCREs452021	chr8	121376003	121376546	543
cCREs452083	chr8	121600478	121600979	501
cCREs452124	chr8	121747853	121748354	501
cCREs452138	chr8	121797833	121798588	755
cCREs452191	chr8	121964707	121965225	518
cCREs452271	chr8	122256360	122256861	501
cCREs452308	chr8	122385742	122386428	686
cCREs452422	chr8	122823295	122823796	501
cCREs452441	chr8	122903832	122904388	556
cCREs452557	chr8	123416401	123417032	631
cCREs452754	chr8	124261791	124262309	518
cCREs452779	chr8	124324509	124325010	501
cCREs452865	chr8	124570710	124571211	501
cCREs453154	chr8	125590279	125590792	513
cCREs453294	chr8	126113869	126114370	501
cCREs453411	chr8	126506965	126507466	501
cCREs453452	chr8	126619010	126619511	501
cCREs453557	chr8	126976598	126977101	503
cCREs453613	chr8	127207420	127207933	513
cCREs453623	chr8	127250687	127251198	511
cCREs453632	chr8	127274629	127275146	517
cCREs453985	chr8	128546847	128547348	501
cCREs454034	chr8	128835379	128836058	679
cCREs454037	chr8	128874902	128875403	501
cCREs454059	chr9	3449062	3449563	501
cCREs454096	chr9	3876636	3877389	753
cCREs454191	chr9	4746974	4747475	501
cCREs454199	chr9	4794252	4794838	586
cCREs454201	chr9	4859215	4859716	501
cCREs454225	chr9	5291228	5291729	501
cCREs454331	chr9	6362366	6363043	677
cCREs454336	chr9	6406258	6406759	501
cCREs454386	chr9	7011786	7012287	501
cCREs454456	chr9	7608821	7609322	501
cCREs454461	chr9	7629213	7629751	538
cCREs454497	chr9	7817108	7817609	501
cCREs454498	chr9	7818368	7819014	646
cCREs454513	chr9	7907538	7908061	523
cCREs454633	chr9	8734996	8735497	501
cCREs454666	chr9	8941058	8941559	501
cCREs454724	chr9	9165208	9166161	953
cCREs454944	chr9	10400622	10401123	501
cCREs455007	chr9	10788394	10788895	501
cCREs455028	chr9	10900859	10901360	501
cCREs455256	chr9	13456633	13457452	819
cCREs455283	chr9	13514367	13514868	501
cCREs455317	chr9	13609984	13610508	524
cCREs455373	chr9	13834717	13835724	1007
cCREs455376	chr9	13845515	13846039	524
cCREs455539	chr9	14538119	14538620	501
cCREs455560	chr9	14594537	14595068	531
cCREs455582	chr9	14649823	14650324	501
cCREs455594	chr9	14683502	14684003	501
cCREs455733	chr9	15364907	15365408	501
cCREs455736	chr9	15373850	15374351	501
cCREs455740	chr9	15397118	15397619	501
cCREs455774	chr9	15517869	15518887	1018
cCREs455827	chr9	15724744	15725245	501
cCREs455831	chr9	15737518	15738019	501
cCREs455856	chr9	15882086	15882587	501
cCREs455882	chr9	15964466	15964967	501
cCREs455888	chr9	15982683	15983184	501
cCREs456220	chr9	18301308	18301881	573
cCREs456223	chr9	18319902	18320403	501
cCREs456329	chr9	20864804	20865305	501
cCREs456389	chr9	21174888	21176059	1171
cCREs456408	chr9	21257678	21258179	501
cCREs456427	chr9	21372830	21373331	501
cCREs456438	chr9	21425964	21426929	965
cCREs456458	chr9	21507004	21507505	501
cCREs456476	chr9	21589707	21590208	501
cCREs456542	chr9	21836985	21837486	501
cCREs456588	chr9	22049647	22050153	506
cCREs456597	chr9	22081030	22081531	501
cCREs456726	chr9	22718428	22718929	501
cCREs456774	chr9	22940286	22940787	501
cCREs456843	chr9	23230590	23231452	862
cCREs456867	chr9	23332217	23332718	501
cCREs456991	chr9	23793928	23794429	501
cCREs456993	chr9	23797753	23798254	501
cCREs457142	chr9	24499650	24500151	501
cCREs457176	chr9	24849731	24850268	537
cCREs457188	chr9	24923090	24923591	501
cCREs457209	chr9	25051792	25052293	501
cCREs457274	chr9	25283815	25284613	798
cCREs457314	chr9	25478161	25478662	501
cCREs457663	chr9	27152424	27152925	501
cCREs457669	chr9	27172215	27172716	501
cCREs457726	chr9	27328096	27328602	506
cCREs457856	chr9	27846543	27847094	551
cCREs457873	chr9	27906785	27907297	512
cCREs457936	chr9	28093296	28093797	501
cCREs457986	chr9	28235612	28236113	501
cCREs458053	chr9	28432173	28432690	517
cCREs458105	chr9	28592073	28592608	535
cCREs458226	chr9	28989717	28990260	543
cCREs458660	chr9	30378177	30378790	613
cCREs458678	chr9	30466847	30467348	501
cCREs458738	chr9	30761886	30763643	1757
cCREs458741	chr9	30784127	30784635	508
cCREs458752	chr9	30820707	30821208	501
cCREs458755	chr9	30834965	30835466	501
cCREs458798	chr9	31048010	31048511	501
cCREs458848	chr9	31229863	31230813	950
cCREs458876	chr9	31326091	31326626	535
cCREs458922	chr9	31591080	31591581	501
cCREs459035	chr9	32156585	32157315	730
cCREs459074	chr9	32253004	32253505	501
cCREs459206	chr9	32749719	32750220	501
cCREs459410	chr9	34041693	34042209	516
cCREs459445	chr9	34257849	34258355	506
cCREs459453	chr9	34288576	34289077	501
cCREs459460	chr9	34331884	34332385	501
cCREs459534	chr9	34569610	34570111	501
cCREs459536	chr9	34572554	34573055	501
cCREs459565	chr9	34661613	34662535	922
cCREs459727	chr9	35035775	35036402	627
cCREs459752	chr9	35137169	35137670	501
cCREs459762	chr9	35169386	35169887	501
cCREs459823	chr9	35428029	35428553	524
cCREs459862	chr9	35576373	35576874	501
cCREs460007	chr9	37044133	37044634	501
cCREs460109	chr9	37394412	37394924	512
cCREs460182	chr9	37659596	37660102	506
cCREs460189	chr9	37712057	37712558	501
cCREs460358	chr9	40100362	40101180	818
cCREs460526	chr9	40654488	40654989	501
cCREs460607	chr9	40988566	40989067	501
cCREs460650	chr9	41120950	41121451	501
cCREs460675	chr9	41210370	41210877	507
cCREs460707	chr9	41360431	41360970	539
cCREs460743	chr9	41478174	41478675	501
cCREs460823	chr9	41755113	41756109	996
cCREs460857	chr9	41886486	41886987	501
cCREs460932	chr9	42119000	42119521	521
cCREs461014	chr9	42410137	42410638	501
cCREs461026	chr9	42436919	42437420	501
cCREs461046	chr9	42495442	42495969	527
cCREs461346	chr9	43520862	43521833	971
cCREs461348	chr9	43529526	43530043	517
cCREs461353	chr9	43541727	43542259	532
cCREs461519	chr9	44135892	44136431	539
cCREs461654	chr9	44781778	44782346	568
cCREs461669	chr9	44823492	44823993	501
cCREs461714	chr9	45036791	45037292	501
cCREs461752	chr9	45186959	45187509	550
cCREs461862	chr9	45565506	45566042	536
cCREs462062	chr9	46239629	46240188	559
cCREs462115	chr9	46493575	46494076	501
cCREs462373	chr9	47608033	47608534	501
cCREs462429	chr9	47741331	47741832	501
cCREs462595	chr9	48397824	48398325	501
cCREs462598	chr9	48413159	48413660	501
cCREs462822	chr9	49270946	49271458	512
cCREs462842	chr9	49361638	49362300	662
cCREs462945	chr9	49668514	49669015	501
cCREs463202	chr9	50692599	50693107	508
cCREs463206	chr9	50700499	50701313	814
cCREs463289	chr9	50949648	50950156	508
cCREs463380	chr9	51363954	51364483	529
cCREs463475	chr9	51809093	51809594	501
cCREs463819	chr9	53329782	53330283	501
cCREs464069	chr9	54651479	54651980	501
cCREs464225	chr9	55421400	55421901	501
cCREs464257	chr9	55590591	55591410	819
cCREs464261	chr9	55605774	55606592	818
cCREs464592	chr9	57092269	57092783	514
cCREs464708	chr9	57772826	57773492	666
cCREs464713	chr9	57795384	57795885	501
cCREs464946	chr9	58525683	58526184	501
cCREs465215	chr9	59991446	59991947	501
cCREs465254	chr9	60123242	60123743	501
cCREs465264	chr9	60163372	60163873	501
cCREs465309	chr9	60317540	60318066	526
cCREs465320	chr9	60352251	60352835	584
cCREs465423	chr9	60758950	60760154	1204
cCREs465598	chr9	61461788	61462331	543
cCREs465620	chr9	61542250	61542751	501
cCREs465637	chr9	61604804	61605305	501
cCREs466021	chr9	63106714	63107215	501
cCREs466081	chr9	63382369	63382870	501
cCREs466116	chr9	63591682	63592183	501
cCREs466144	chr9	63679047	63679548	501
cCREs466172	chr9	63739556	63740057	501
cCREs466422	chr9	64828557	64829058	501
cCREs466433	chr9	64909382	64909883	501
cCREs466445	chr9	64953260	64953790	530
cCREs466480	chr9	65111422	65112072	650
cCREs466517	chr9	65280013	65280737	724
cCREs466637	chr9	65834513	65835469	956
cCREs466692	chr9	66138126	66138639	513
cCREs466700	chr9	66213493	66214044	551
cCREs466729	chr9	66339533	66340034	501
cCREs466744	chr9	66487257	66487758	501
cCREs466768	chr9	66603559	66604060	501
cCREs466935	chr9	67261776	67262277	501
cCREs467069	chr9	67791126	67791627	501
cCREs467278	chr9	68843458	68844208	750
cCREs467440	chr9	69420805	69421389	584
cCREs467451	chr9	69467462	69467963	501
cCREs467582	chr9	70219566	70220068	502
cCREs467660	chr9	70547416	70547919	503
cCREs467737	chr9	70913938	70914584	646
cCREs467742	chr9	70925021	70925522	501
cCREs467897	chr9	71622513	71623026	513
cCREs468000	chr9	72017671	72018192	521
cCREs468013	chr9	72095495	72096039	544
cCREs468083	chr9	72434938	72435531	593
cCREs468103	chr9	72526651	72527152	501
cCREs468136	chr9	72691905	72692406	501
cCREs468162	chr9	72780332	72780893	561
cCREs468495	chr9	74368728	74369229	501
cCREs468563	chr9	74860360	74860861	501
cCREs468601	chr9	74983245	74983746	501
cCREs468695	chr9	75315340	75315841	501
cCREs468718	chr9	75400586	75401087	501
cCREs468894	chr9	76112681	76113182	501
cCREs468987	chr9	76754531	76755032	501
cCREs468996	chr9	76786439	76786940	501
cCREs469032	chr9	76950229	76950730	501
cCREs469197	chr9	77631609	77632110	501
cCREs469376	chr9	78460596	78461148	552
cCREs469377	chr9	78463275	78464174	899
cCREs469399	chr9	78543034	78543535	501
cCREs469463	chr9	78927715	78928216	501
cCREs469466	chr9	78956841	78957349	508
cCREs469474	chr9	79010215	79010738	523
cCREs469487	chr9	79057076	79057577	501
cCREs469721	chr9	80169517	80170051	534
cCREs469835	chr9	80697141	80697642	501
cCREs469844	chr9	80720056	80720557	501
cCREs469981	chr9	81779674	81780199	525
cCREs470015	chr9	81973564	81974065	501
cCREs470152	chr9	82890746	82891248	502
cCREs470258	chr9	83341085	83341620	535
cCREs470262	chr9	83347443	83348262	819
cCREs470328	chr9	83579915	83580416	501
cCREs470343	chr9	83614583	83615113	530
cCREs470399	chr9	83791839	83792340	501
cCREs470401	chr9	83798798	83799299	501
cCREs470430	chr9	83961785	83962286	501
cCREs470500	chr9	84257810	84258311	501
cCREs470505	chr9	84276360	84277174	814
cCREs470565	chr9	84620062	84620563	501
cCREs470579	chr9	84755719	84756250	531
cCREs470581	chr9	84773866	84774379	513
cCREs470643	chr9	85199698	85200237	539
cCREs470866	chr9	86251407	86251912	505
cCREs470926	chr9	86472448	86472949	501
cCREs470928	chr9	86478154	86479123	969
cCREs470966	chr9	86614816	86615317	501
cCREs470991	chr9	86691109	86691610	501
cCREs471039	chr9	86831205	86831742	537
cCREs471157	chr9	87410608	87411168	560
cCREs471169	chr9	87503957	87504458	501
cCREs471212	chr9	87826471	87826972	501
cCREs471224	chr9	87887749	87888250	501
cCREs471246	chr9	88023726	88024548	822
cCREs471287	chr9	88236858	88237359	501
cCREs471338	chr9	88430099	88430600	501
cCREs471371	chr9	88931915	88932416	501
cCREs471437	chr9	89562720	89563221	501
cCREs471487	chr9	89781922	89782433	511
cCREs471577	chr9	90122062	90122584	522
cCREs471634	chr9	90300269	90300770	501
cCREs471710	chr9	90919633	90920203	570
cCREs471722	chr9	91048861	91049362	501
cCREs471875	chr9	92051839	92052877	1038
cCREs472032	chr9	92749728	92750279	551
cCREs472206	chr9	93852296	93852936	640
cCREs472257	chr9	94136561	94137062	501
cCREs472319	chr9	94439121	94440117	996
cCREs472348	chr9	94531142	94531697	555
cCREs472422	chr9	94772620	94773286	666
cCREs472544	chr9	95136645	95137156	511
cCREs472614	chr9	95366210	95366715	505
cCREs472773	chr9	96148705	96149206	501
cCREs472798	chr9	96242825	96243357	532
cCREs473022	chr9	97089069	97089570	501
cCREs473063	chr9	97319470	97319971	501
cCREs473136	chr9	97566368	97566869	501
cCREs473227	chr9	97820657	97821158	501
cCREs473399	chr9	98448615	98449116	501
cCREs473631	chr9	99506354	99506855	501
cCREs473672	chr9	99755917	99756447	530
cCREs473677	chr9	99771215	99771716	501
cCREs473682	chr9	99791537	99792235	698
cCREs473716	chr9	100045537	100046038	501
cCREs473739	chr9	100201083	100201631	548
cCREs473944	chr9	101391542	101392055	513
cCREs473970	chr9	101502769	101503270	501
cCREs474007	chr9	101663665	101664168	503
cCREs474048	chr9	101901126	101901627	501
cCREs474085	chr9	102025743	102026592	849
cCREs474091	chr9	102040887	102041436	549
cCREs474141	chr9	102205427	102206031	604
cCREs474175	chr9	102300188	102300720	532
cCREs474182	chr9	102317081	102317967	886
cCREs474229	chr9	102533485	102534015	530
cCREs474264	chr9	102671152	102671950	798
cCREs474392	chr9	103171977	103172861	884
cCREs474589	chr9	103881633	103882134	501
cCREs474624	chr9	104019971	104020506	535
cCREs474637	chr9	104097030	104097531	501
cCREs474639	chr9	104099536	104100037	501
cCREs474874	chr9	105054086	105054587	501
cCREs474978	chr9	105445794	105446301	507
cCREs475051	chr9	105730826	105731562	736
cCREs475145	chr9	106166634	106167181	547
cCREs475177	chr9	106262230	106262763	533
cCREs475510	chr9	107614943	107615469	526
cCREs475624	chr9	108118810	108119311	501
cCREs475638	chr9	108149769	108150278	509
cCREs475669	chr9	108267611	108268137	526
cCREs475682	chr9	108357604	108358105	501
cCREs475731	chr9	108594575	108595076	501
cCREs475776	chr9	108785336	108785837	501
cCREs475783	chr9	108806185	108806686	501
cCREs475814	chr9	108984498	108985004	506
cCREs475850	chr9	109143529	109144593	1064
cCREs475901	chr9	109889673	109890174	501
cCREs475915	chr9	109955890	109956409	519
cCREs475993	chr9	110335349	110335863	514
cCREs476098	chr9	110787097	110787641	544
cCREs476163	chr9	111081814	111082332	518
cCREs476608	chr9	112854848	112855349	501
cCREs476664	chr9	113083281	113083782	501
cCREs476890	chr9	113947966	113948711	745
cCREs476920	chr9	114056313	114056814	501
cCREs476934	chr9	114122933	114123576	643
cCREs477024	chr9	114767928	114768439	511
cCREs477278	chr9	115671081	115671586	505
cCREs477340	chr9	115893100	115893601	501
cCREs477418	chr9	116149668	116150169	501
cCREs477477	chr9	116352188	116352689	501
cCREs477896	chr9	118194625	118195126	501
cCREs478052	chr9	118839266	118839816	550
cCREs478145	chr9	119091201	119091702	501
cCREs478210	chr9	119435728	119436633	905
cCREs478223	chr9	119469997	119470498	501
cCREs478321	chr9	119903589	119904090	501
cCREs478421	chr9	120292267	120292786	519
cCREs478866	chr9	121828146	121828647	501
cCREs478949	chr9	122119992	122120502	510
cCREs479006	chr9	122269563	122270453	890
cCREs479205	chr9	123104381	123104943	562
cCREs479221	chr9	123163883	123164384	501
cCREs479372	chr9	123799143	123799644	501
cCREs479469	chrX	6142335	6142836	501
cCREs479506	chrX	6527212	6527713	501
cCREs479683	chrX	8186513	8187020	507
cCREs479812	chrX	9975021	9975522	501
cCREs479887	chrX	10516532	10517049	517
cCREs479973	chrX	11198403	11199180	777
cCREs480163	chrX	12187645	12188146	501
cCREs480225	chrX	12615022	12615550	528
cCREs480248	chrX	12829785	12830304	519
cCREs480442	chrX	14503558	14504059	501
cCREs480462	chrX	14682452	14682953	501
cCREs480537	chrX	16149182	16149683	501
cCREs480617	chrX	17073336	17073837	501
cCREs480678	chrX	17556517	17557018	501
cCREs480719	chrX	18379978	18381248	1270
cCREs480720	chrX	18389867	18390460	593
cCREs480723	chrX	18410833	18411334	501
cCREs480825	chrX	19422290	19422791	501
cCREs481034	chrX	22277012	22277524	512
cCREs481083	chrX	22862726	22863227	501
cCREs481132	chrX	23403792	23404293	501
cCREs481217	chrX	36199380	36199881	501
cCREs481340	chrX	37140132	37140637	505
cCREs481537	chrX	40138571	40139072	501
cCREs481678	chrX	41518856	41519357	501
cCREs481967	chrX	45123519	45124100	581
cCREs481968	chrX	45130126	45130627	501
cCREs481997	chrX	46041094	46041609	515
cCREs482067	chrX	47161060	47161561	501
cCREs482304	chrX	48900908	48901409	501
cCREs482317	chrX	49018009	49018510	501
cCREs482329	chrX	49086672	49087393	721
cCREs482341	chrX	49128077	49128578	501
cCREs482488	chrX	51011123	51011624	501
cCREs482490	chrX	51019834	51020351	517
cCREs482503	chrX	51160213	51160947	734
cCREs482518	chrX	51334880	51335694	814
cCREs482753	chrX	52787946	52788447	501
cCREs482757	chrX	52815802	52816303	501
cCREs482811	chrX	53236472	53236973	501
cCREs482855	chrX	53827628	53828129	501
cCREs483054	chrX	57799638	57800139	501
cCREs483073	chrX	57963224	57963725	501
cCREs483086	chrX	58092854	58093997	1143
cCREs483201	chrX	59269145	59269646	501
cCREs483334	chrX	60945941	60946442	501
cCREs483629	chrX	66271627	66272128	501
cCREs483766	chrX	68598007	68598508	501
cCREs483791	chrX	68933726	68934227	501
cCREs483841	chrX	69506855	69507373	518
cCREs483889	chrX	69836050	69836551	501
cCREs483965	chrX	70588035	70588820	785
cCREs484091	chrX	71423914	71424415	501
cCREs484102	chrX	71452642	71453145	503
cCREs484206	chrX	72766498	72766999	501
cCREs484357	chrX	74035152	74035714	562
cCREs484408	chrX	75032199	75032700	501
cCREs484414	chrX	75083029	75083530	501
cCREs484450	chrX	75810480	75810981	501
cCREs484596	chrX	77416782	77417283	501
cCREs484692	chrX	78615014	78615831	817
cCREs484838	chrX	82687720	82688221	501
cCREs484840	chrX	82751867	82752369	502
cCREs484901	chrX	83441937	83442438	501
cCREs485129	chrX	85827896	85828490	594
cCREs485133	chrX	85864645	85865614	969
cCREs485268	chrX	87726799	87727312	513
cCREs485281	chrX	87950476	87950977	501
cCREs485358	chrX	89573975	89574476	501
cCREs485433	chrX	92058580	92059086	506
cCREs485434	chrX	92060096	92060597	501
cCREs485457	chrX	92468530	92469083	553
cCREs485515	chrX	93097490	93097991	501
cCREs485604	chrX	93822643	93823240	597
cCREs485759	chrX	95412010	95412511	501
cCREs485946	chrX	98577761	98578262	501
cCREs485948	chrX	98605077	98605578	501
cCREs485971	chrX	98841561	98842492	931
cCREs485978	chrX	98866220	98866721	501
cCREs486024	chrX	99090901	99091402	501
cCREs486103	chrX	99457413	99457914	501
cCREs486315	chrX	101002373	101002874	501
cCREs486329	chrX	101211660	101212161	501
cCREs486441	chrX	102006693	102007194	501
cCREs486732	chrX	104809283	104809941	658
cCREs486749	chrX	105032908	105033441	533
cCREs486791	chrX	105377768	105378269	501
cCREs486886	chrX	106795770	106796293	523
cCREs486976	chrX	108576718	108577414	696
cCREs487179	chrX	112694326	112694849	523
cCREs487232	chrX	113573802	113574324	522
cCREs487502	chrX	121301878	121302379	501
cCREs487528	chrX	122342746	122343533	787
cCREs487619	chrX	129100507	129101008	501
cCREs487674	chrX	129864734	129865249	515
cCREs487721	chrX	130311121	130311622	501
cCREs487928	chrX	133503063	133503564	501
cCREs487964	chrX	133685744	133686245	501
cCREs487970	chrX	133712733	133713234	501
cCREs488145	chrX	134998776	134999762	986
cCREs488161	chrX	135260563	135261064	501
cCREs488200	chrX	135787406	135787907	501
cCREs488314	chrX	136807902	136808403	501
cCREs488316	chrX	136815971	136816472	501
cCREs488523	chrX	139059228	139059729	501
cCREs488578	chrX	139644036	139644537	501
cCREs488688	chrX	140366728	140367441	713
cCREs488711	chrX	140488606	140489120	514
cCREs488790	chrX	140963340	140963841	501
cCREs488869	chrX	142043001	142043502	501
cCREs488873	chrX	142064120	142064621	501
cCREs488954	chrX	142677695	142678196	501
cCREs488991	chrX	142838737	142839238	501
cCREs489341	chrX	145463838	145464339	501
cCREs489444	chrX	146732820	146733966	1146
cCREs489527	chrX	150550178	150550679	501
cCREs489675	chrX	152657261	152658205	944
cCREs489784	chrX	155160042	155160591	549
cCREs490020	chrX	157692914	157693606	692
cCREs490029	chrX	157728344	157728845	501
cCREs490119	chrX	158585812	158586319	507
cCREs490163	chrX	158855384	158855897	513
cCREs490277	chrX	159737598	159738127	529
cCREs490302	chrX	159846901	159847412	511
cCREs490326	chrX	159921138	159921639	501
cCREs490378	chrX	160385367	160385868	501
cCREs490443	chrX	160781410	160782130	720
cCREs490444	chrX	160782271	160782797	526
cCREs490873	chrX	163867667	163868461	794
cCREs490918	chrX	164175047	164175548	501
cCREs490966	chrX	164422875	164423382	507
cCREs490993	chrX	164622235	164622736	501
cCREs491099	chrX	165484683	165485577	894
cCREs491135	chrX	165998771	165999272	501
cCREs491167	chrX	166224448	166224949	501
cCREs491412	chrX	167391764	167392508	744
cCREs491446	chrX	167636571	167637298	727
cCREs491511	chrX	167951112	167951652	540
cCREs491512	chrX	167968195	167968696	501
cCREs491705	chrX	169318438	169318939	501
cCREs491719	chrX	169386636	169387150	514
cCREs491749	chrX	169767364	169767876	512
cCREs491795	chrY	1157796	1158297	501
cCREs377	chr1	5508379	5508886	507
cCREs945	chr1	9857505	9858006	501
cCREs1699	chr1	13513670	13514210	540
cCREs1910	chr1	14579307	14579823	516
cCREs1913	chr1	14595921	14596427	506
cCREs2228	chr1	16228078	16228685	607
cCREs3568	chr1	23433568	23434111	543
cCREs3682	chr1	23983022	23983547	525
cCREs4739	chr1	30779123	30780005	882
cCREs5302	chr1	33903447	33904024	577
cCREs5458	chr1	34290197	34290939	742
cCREs5467	chr1	34312079	34312616	537
cCREs5496	chr1	34464234	34465045	811
cCREs5509	chr1	34522105	34522634	529
cCREs5786	chr1	35810501	35811043	542
cCREs5788	chr1	35813541	35814059	518
cCREs5839	chr1	36052534	36053065	531
cCREs5840	chr1	36058723	36059243	520
cCREs5864	chr1	36133570	36134079	509
cCREs5908	chr1	36262031	36262576	545
cCREs5910	chr1	36270539	36271157	618
cCREs5911	chr1	36273208	36273764	556
cCREs5948	chr1	36437150	36437679	529
cCREs5992	chr1	36573755	36574271	516
cCREs6044	chr1	36753926	36754793	867
cCREs6095	chr1	36914446	36914975	529
cCREs6108	chr1	36960787	36961330	543
cCREs6152	chr1	37154133	37154660	527
cCREs6248	chr1	37474007	37474524	517
cCREs6253	chr1	37486345	37486910	565
cCREs6255	chr1	37491607	37492132	525
cCREs6257	chr1	37500573	37501317	744
cCREs6271	chr1	37561846	37562442	596
cCREs6279	chr1	37602217	37602730	513
cCREs6280	chr1	37605629	37606135	506
cCREs6808	chr1	39468922	39469429	507
cCREs6814	chr1	39492970	39493567	597
cCREs6825	chr1	39525721	39526224	503
cCREs6841	chr1	39579064	39579578	514
cCREs6892	chr1	39784655	39785172	517
cCREs6927	chr1	39915986	39916573	587
cCREs6935	chr1	39932695	39933688	993
cCREs7053	chr1	40294378	40295622	1244
cCREs7071	chr1	40355859	40356369	510
cCREs7086	chr1	40409813	40410332	519
cCREs7087	chr1	40415446	40415952	506
cCREs7869	chr1	43735297	43735824	527
cCREs8179	chr1	45826736	45828102	1366
cCREs8186	chr1	45857966	45858488	522
cCREs8188	chr1	45861540	45862071	531
cCREs8192	chr1	45868424	45869217	793
cCREs8195	chr1	45880789	45881908	1119
cCREs8199	chr1	45894149	45894666	517
cCREs8202	chr1	45901815	45902330	515
cCREs8207	chr1	45916142	45916648	506
cCREs8341	chr1	46873401	46874282	881
cCREs8356	chr1	46921532	46922100	568
cCREs9000	chr1	51480341	51480848	507
cCREs9157	chr1	51934441	51935363	922
cCREs9572	chr1	53850807	53851811	1004
cCREs9733	chr1	54569022	54569537	515
cCREs9806	chr1	54810065	54810596	531
cCREs9863	chr1	55028775	55029306	531
cCREs9917	chr1	55418885	55419435	550
cCREs9941	chr1	55506967	55507489	522
cCREs9943	chr1	55512754	55513521	767
cCREs9974	chr1	55612702	55613374	672
cCREs10404	chr1	57639007	57639569	562
cCREs10658	chr1	58727017	58727752	735
cCREs10665	chr1	58743199	58743981	782
cCREs10675	chr1	58802281	58803313	1032
cCREs10714	chr1	58989802	58990323	521
cCREs11001	chr1	60579720	60580395	675
cCREs11094	chr1	60937258	60937782	524
cCREs11097	chr1	60941172	60941932	760
cCREs11388	chr1	62229062	62229659	597
cCREs11445	chr1	62482970	62483473	503
cCREs11481	chr1	62608597	62609124	527
cCREs11533	chr1	62766516	62767336	820
cCREs11535	chr1	62770343	62770963	620
cCREs11834	chr1	63980679	63981282	603
cCREs12098	chr1	64928467	64928993	526
cCREs12161	chr1	65227561	65228091	530
cCREs12205	chr1	65473080	65473603	523
cCREs13064	chr1	69654842	69655819	977
cCREs13519	chr1	71974642	71975168	526
cCREs14082	chr1	74024732	74026091	1359
cCREs14120	chr1	74133861	74134502	641
cCREs14197	chr1	74368914	74369463	549
cCREs14199	chr1	74374885	74375812	927
cCREs14252	chr1	74701993	74702741	748
cCREs14268	chr1	74781989	74782547	558
cCREs15372	chr1	79848637	79849147	510
cCREs15499	chr1	80401905	80402407	502
cCREs15563	chr1	80626709	80627210	501
cCREs15575	chr1	80664428	80665646	1218
cCREs15576	chr1	80665697	80666210	513
cCREs15577	chr1	80671683	80672187	504
cCREs16421	chr1	84317754	84318258	504
cCREs16425	chr1	84350233	84350741	508
cCREs16449	chr1	84428569	84429073	504
cCREs16593	chr1	85598537	85599085	548
cCREs16604	chr1	85735645	85736175	530
cCREs16725	chr1	86190765	86191292	527
cCREs16738	chr1	86233742	86234898	1156
cCREs16775	chr1	86399276	86399787	511
cCREs16777	chr1	86406215	86406764	549
cCREs16778	chr1	86406875	86407412	537
cCREs16781	chr1	86416888	86417439	551
cCREs17061	chr1	87620072	87620972	900
cCREs17064	chr1	87626322	87626856	534
cCREs17174	chr1	88227026	88227819	793
cCREs17175	chr1	88246448	88247361	913
cCREs17176	chr1	88252899	88253839	940
cCREs17269	chr1	88567134	88567654	520
cCREs17283	chr1	88612842	88613774	932
cCREs17303	chr1	88699312	88699827	515
cCREs17401	chr1	89042909	89043411	502
cCREs17419	chr1	89108482	89109134	652
cCREs17811	chr1	90467594	90468339	745
cCREs18031	chr1	91235270	91235832	562
cCREs18037	chr1	91251306	91251817	511
cCREs18249	chr1	92034169	92034726	557
cCREs18257	chr1	92051605	92052698	1093
cCREs18505	chr1	92920774	92921277	503
cCREs18556	chr1	93125154	93125792	638
cCREs18621	chr1	93410881	93411402	521
cCREs18871	chr1	95322941	95323460	519
cCREs18886	chr1	95397115	95397644	529
cCREs18906	chr1	95492937	95493704	767
cCREs18922	chr1	95590019	95590544	525
cCREs19161	chr1	97659121	97659824	703
cCREs19164	chr1	97672775	97673282	507
cCREs19167	chr1	97676071	97676964	893
cCREs20280	chr1	105170955	105171461	506
cCREs20396	chr1	105747086	105747652	566
cCREs20458	chr1	105997170	105997704	534
cCREs20469	chr1	106030288	106030792	504
cCREs20605	chr1	106549015	106549982	967
cCREs20615	chr1	106581755	106582266	511
cCREs20684	chr1	106814806	106815744	938
cCREs20708	chr1	106933621	106934122	501
cCREs22242	chr1	119498473	119499311	838
cCREs22351	chr1	120020227	120020999	772
cCREs22365	chr1	120075403	120075930	527
cCREs22607	chr1	121307063	121307593	530
cCREs22617	chr1	121334239	121334745	506
cCREs23346	chr1	125441170	125442116	946
cCREs23353	chr1	125466585	125467100	515
cCREs23772	chr1	127135627	127136196	569
cCREs23785	chr1	127207098	127207604	506
cCREs23795	chr1	127224991	127225508	517
cCREs24001	chr1	127849970	127850500	530
cCREs24195	chr1	128712759	128713278	519
cCREs24197	chr1	128721916	128722618	702
cCREs24774	chr1	131339659	131340191	532
cCREs24784	chr1	131360733	131361268	535
cCREs24786	chr1	131364314	131364831	517
cCREs24867	chr1	131700312	131700835	523
cCREs25029	chr1	132317328	132317860	532
cCREs25337	chr1	133269857	133270633	776
cCREs25530	chr1	134065089	134065790	701
cCREs25629	chr1	134419991	134420524	533
cCREs25670	chr1	134679383	134679889	506
cCREs25871	chr1	135427317	135427871	554
cCREs25903	chr1	135516587	135517364	777
cCREs25970	chr1	135669709	135670231	522
cCREs25986	chr1	135725803	135726377	574
cCREs26101	chr1	136124189	136124719	530
cCREs26109	chr1	136134961	136135507	546
cCREs26518	chr1	137852190	137852708	518
cCREs26575	chr1	138039107	138039678	571
cCREs26614	chr1	138237190	138237735	545
cCREs26620	chr1	138261450	138261983	533
cCREs26631	chr1	138322600	138323134	534
cCREs26645	chr1	138384022	138384577	555
cCREs26671	chr1	138516878	138517833	955
cCREs26770	chr1	139003462	139003964	502
cCREs26773	chr1	139007464	139007994	530
cCREs27553	chr1	144002604	144003116	512
cCREs27603	chr1	144200435	144200962	527
cCREs27629	chr1	144330236	144331158	922
cCREs28165	chr1	148893493	148894070	577
cCREs28166	chr1	148903054	148903576	522
cCREs28338	chr1	149831059	149831564	505
cCREs28361	chr1	149911004	149911527	523
cCREs28365	chr1	149940216	149940735	519
cCREs28368	chr1	149953950	149954471	521
cCREs28640	chr1	151270556	151271065	509
cCREs28643	chr1	151284953	151285505	552
cCREs28651	chr1	151306996	151307507	511
cCREs28655	chr1	151320334	151320862	528
cCREs28658	chr1	151338151	151338743	592
cCREs28706	chr1	151597747	151598368	621
cCREs28712	chr1	151620636	151621173	537
cCREs28736	chr1	151689493	151690009	516
cCREs28741	chr1	151702825	151703339	514
cCREs28814	chr1	151958348	151958901	553
cCREs29075	chr1	152796687	152797213	526
cCREs29076	chr1	152798043	152798586	543
cCREs29080	chr1	152804839	152805375	536
cCREs29082	chr1	152807523	152808043	520
cCREs29093	chr1	152832228	152832732	504
cCREs29284	chr1	153491825	153492342	517
cCREs29285	chr1	153501460	153502515	1055
cCREs29372	chr1	153785561	153786074	513
cCREs29424	chr1	154006003	154006518	515
cCREs29425	chr1	154008404	154009166	762
cCREs29432	chr1	154033774	154034604	830
cCREs29450	chr1	154097589	154098140	551
cCREs29453	chr1	154115456	154116758	1302
cCREs29581	chr1	154617660	154618419	759
cCREs29741	chr1	155074787	155075614	827
cCREs29838	chr1	155390948	155391973	1025
cCREs29861	chr1	155483632	155484147	515
cCREs29947	chr1	155901278	155901780	502
cCREs29967	chr1	156028311	156028846	535
cCREs30035	chr1	156437285	156437790	505
cCREs30174	chr1	156986120	156987198	1078
cCREs31025	chr1	160233747	160234473	726
cCREs31037	chr1	160268280	160268785	505
cCREs31318	chr1	161517303	161517822	519
cCREs31357	chr1	161734780	161735331	551
cCREs31387	chr1	161896034	161896546	512
cCREs31572	chr1	162564912	162565429	517
cCREs31875	chr1	163963938	163964755	817
cCREs31903	chr1	164135232	164135761	529
cCREs32206	chr1	165154120	165154623	503
cCREs32222	chr1	165209953	165210530	577
cCREs32325	chr1	165651086	165651660	574
cCREs32335	chr1	165672104	165672872	768
cCREs32336	chr1	165675102	165675620	518
cCREs32340	chr1	165681080	165681844	764
cCREs32341	chr1	165682360	165682913	553
cCREs32344	chr1	165689789	165690320	531
cCREs32348	chr1	165697476	165697984	508
cCREs32356	chr1	165724086	165725053	967
cCREs32440	chr1	166138101	166138924	823
cCREs32511	chr1	166345330	166346683	1353
cCREs32779	chr1	167517683	167518222	539
cCREs33444	chr1	170161758	170162338	580
cCREs33469	chr1	170282360	170282884	524
cCREs33618	chr1	170709463	170709972	509
cCREs33652	chr1	170795654	170796182	528
cCREs33686	chr1	170898327	170898867	540
cCREs33688	chr1	170903305	170903870	565
cCREs33691	chr1	170924435	170924943	508
cCREs33693	chr1	170939217	170939763	546
cCREs33694	chr1	170953120	170953625	505
cCREs33706	chr1	171006290	171006792	502
cCREs33707	chr1	171018603	171019152	549
cCREs33715	chr1	171050781	171051292	511
cCREs33717	chr1	171059134	171059661	527
cCREs33778	chr1	171271981	171272527	546
cCREs33789	chr1	171326536	171327044	508
cCREs33803	chr1	171388744	171389247	503
cCREs33804	chr1	171390066	171390570	504
cCREs33815	chr1	171450917	171451485	568
cCREs33819	chr1	171466480	171466986	506
cCREs33881	chr1	171840353	171840864	511
cCREs33891	chr1	171917434	171918198	764
cCREs33897	chr1	171957288	171957820	532
cCREs33982	chr1	172277063	172277582	519
cCREs34018	chr1	172347330	172347856	526
cCREs34233	chr1	173420245	173420832	587
cCREs34236	chr1	173427276	173427880	604
cCREs34276	chr1	173742200	173742709	509
cCREs34281	chr1	173809213	173809727	514
cCREs34289	chr1	173961437	173961945	508
cCREs34976	chr1	176823751	176824253	502
cCREs34987	chr1	176853150	176853694	544
cCREs35215	chr1	177713856	177714551	695
cCREs35219	chr1	177737376	177737941	565
cCREs35273	chr1	178342552	178343058	506
cCREs35653	chr1	179842521	179843022	501
cCREs35750	chr1	180260913	180261415	502
cCREs35766	chr1	180302661	180303190	529
cCREs35790	chr1	180366329	180366952	623
cCREs35873	chr1	180587735	180588287	552
cCREs35878	chr1	180616737	180617244	507
cCREs35907	chr1	180835180	180836149	969
cCREs35917	chr1	180888138	180889119	981
cCREs35934	chr1	180956977	180957566	589
cCREs35993	chr1	181257483	181258020	537
cCREs36145	chr1	181860531	181861189	658
cCREs36237	chr1	182255005	182255526	521
cCREs36439	chr1	182935399	182935905	506
cCREs36440	chr1	182937577	182938289	712
cCREs36742	chr1	184329144	184330085	941
cCREs36766	chr1	184444140	184444658	518
cCREs36777	chr1	184484659	184485245	586
cCREs36788	chr1	184535550	184536168	618
cCREs36806	chr1	184614712	184615536	824
cCREs37084	chr1	185674559	185675072	513
cCREs37269	chr1	186508263	186508775	512
cCREs37356	chr1	186855338	186856052	714
cCREs37521	chr1	187653332	187653890	558
cCREs37993	chr1	189659729	189660235	506
cCREs38348	chr1	191197853	191198607	754
cCREs38349	chr1	191201138	191201655	517
cCREs38358	chr1	191249930	191250445	515
cCREs38416	chr1	191458216	191458731	515
cCREs38485	chr1	191724327	191725142	815
cCREs38492	chr1	191756465	191757252	787
cCREs38523	chr1	191875653	191876162	509
cCREs38540	chr1	191955060	191955645	585
cCREs38566	chr1	192087918	192088533	615
cCREs38894	chr1	193160225	193160760	535
cCREs38907	chr1	193201311	193201845	534
cCREs39411	chr1	194927668	194928396	728
cCREs39693	chr10	4126182	4127001	819
cCREs39826	chr10	4786900	4787406	506
cCREs40339	chr10	7232709	7233226	517
cCREs40425	chr10	7833598	7834317	719
cCREs40461	chr10	8009788	8010290	502
cCREs40464	chr10	8021947	8022464	517
cCREs40466	chr10	8028776	8029409	633
cCREs40474	chr10	8065677	8066192	515
cCREs40493	chr10	8135159	8135731	572
cCREs40641	chr10	8759127	8759641	514
cCREs41106	chr10	10395718	10396541	823
cCREs41119	chr10	10456914	10457455	541
cCREs41704	chr10	12836187	12836923	736
cCREs41716	chr10	12866788	12867294	506
cCREs41789	chr10	13184057	13184564	507
cCREs41867	chr10	13438318	13438888	570
cCREs42009	chr10	13933263	13933790	527
cCREs42019	chr10	13988212	13988731	519
cCREs42093	chr10	14174019	14174614	595
cCREs42097	chr10	14186212	14187023	811
cCREs42098	chr10	14189013	14189580	567
cCREs42225	chr10	14678210	14678784	574
cCREs42488	chr10	16652143	16652893	750
cCREs42537	chr10	16996745	16997246	501
cCREs42586	chr10	17200771	17201826	1055
cCREs42638	chr10	17431010	17431514	504
cCREs42683	chr10	17613240	17613750	510
cCREs42696	chr10	17669364	17669906	542
cCREs43037	chr10	18964756	18965333	577
cCREs43052	chr10	19033630	19034147	517
cCREs43064	chr10	19093845	19094735	890
cCREs43129	chr10	19506355	19506901	546
cCREs43133	chr10	19546784	19547293	509
cCREs43134	chr10	19547958	19548473	515
cCREs43139	chr10	19582911	19583437	526
cCREs43158	chr10	19691725	19692254	529
cCREs43223	chr10	19939151	19940064	913
cCREs43260	chr10	20058807	20059312	505
cCREs43560	chr10	21192389	21192924	535
cCREs43783	chr10	21946638	21947437	799
cCREs43835	chr10	22302293	22303134	841
cCREs44104	chr10	23858016	23858575	559
cCREs44134	chr10	24039933	24040908	975
cCREs44285	chr10	24635197	24635963	766
cCREs44287	chr10	24641373	24642193	820
cCREs44349	chr10	24930092	24930601	509
cCREs44452	chr10	25284372	25285457	1085
cCREs44474	chr10	25366617	25367144	527
cCREs44495	chr10	25427416	25427973	557
cCREs44826	chr10	26797290	26797799	509
cCREs45562	chr10	30674718	30675254	536
cCREs46125	chr10	34113206	34113746	540
cCREs46142	chr10	34171650	34172160	510
cCREs46155	chr10	34209934	34210453	519
cCREs46519	chr10	37112624	37113126	502
cCREs46534	chr10	37189935	37190471	536
cCREs46536	chr10	37194995	37195498	503
cCREs46556	chr10	37258992	37259516	524
cCREs46578	chr10	37338076	37338593	517
cCREs46667	chr10	37720713	37721508	795
cCREs46678	chr10	37782338	37783058	720
cCREs46940	chr10	39412788	39413775	987
cCREs47225	chr10	40476434	40477351	917
cCREs47497	chr10	41529819	41530407	588
cCREs47506	chr10	41571012	41571534	522
cCREs47639	chr10	42131194	42131978	784
cCREs47691	chr10	42270635	42271186	551
cCREs47778	chr10	42680481	42681005	524
cCREs47819	chr10	42862262	42862816	554
cCREs48089	chr10	43765186	43766209	1023
cCREs48100	chr10	43855866	43856817	951
cCREs48182	chr10	44327038	44327545	507
cCREs48240	chr10	44538822	44539532	710
cCREs48246	chr10	44589160	44590288	1128
cCREs48258	chr10	44631528	44632359	831
cCREs48260	chr10	44638592	44639125	533
cCREs49179	chr10	51422469	51422983	514
cCREs49180	chr10	51453571	51454405	834
cCREs49181	chr10	51455336	51456216	880
cCREs49188	chr10	51526058	51526562	504
cCREs49189	chr10	51528982	51529490	508
cCREs49651	chr10	53888467	53889064	597
cCREs49663	chr10	53927371	53928385	1014
cCREs49722	chr10	54119242	54119757	515
cCREs50582	chr10	59236344	59236881	537
cCREs50590	chr10	59264981	59265554	573
cCREs50604	chr10	59310050	59310575	525
cCREs50776	chr10	59887381	59887901	520
cCREs50900	chr10	60252557	60253093	536
cCREs50902	chr10	60260059	60261010	951
cCREs50908	chr10	60273289	60273816	527
cCREs50922	chr10	60344072	60344967	895
cCREs50924	chr10	60348923	60349553	630
cCREs50932	chr10	60366955	60367545	590
cCREs50934	chr10	60371238	60372058	820
cCREs51000	chr10	60739529	60740369	840
cCREs51149	chr10	61369690	61371172	1482
cCREs51162	chr10	61422786	61423297	511
cCREs51381	chr10	62287422	62288184	762
cCREs51414	chr10	62430366	62430887	521
cCREs51430	chr10	62541520	62542032	512
cCREs51444	chr10	62582188	62582690	502
cCREs51489	chr10	62948482	62948984	502
cCREs52212	chr10	66851885	66852392	507
cCREs52238	chr10	66930642	66931154	512
cCREs52240	chr10	66932551	66933057	506
cCREs52242	chr10	66937066	66937573	507
cCREs52274	chr10	67042819	67043667	848
cCREs52287	chr10	67068885	67069441	556
cCREs52324	chr10	67186823	67187622	799
cCREs52361	chr10	67297140	67298357	1217
cCREs52413	chr10	67579791	67580594	803
cCREs52448	chr10	67712548	67713529	981
cCREs52553	chr10	68074838	68075653	815
cCREs52555	chr10	68085507	68086031	524
cCREs52565	chr10	68125004	68125545	541
cCREs52603	chr10	68240748	68241529	781
cCREs52649	chr10	68445811	68447108	1297
cCREs52820	chr10	69259717	69260402	685
cCREs52835	chr10	69308997	69309525	528
cCREs54253	chr10	75145962	75146474	512
cCREs54371	chr10	75591129	75592046	917
cCREs54391	chr10	75675225	75676089	864
cCREs54406	chr10	75710146	75710682	536
cCREs54431	chr10	75834250	75834797	547
cCREs54761	chr10	77266187	77266726	539
cCREs54779	chr10	77314697	77315234	537
cCREs54845	chr10	77540643	77541179	536
cCREs54849	chr10	77550914	77551426	512
cCREs54925	chr10	77963967	77964485	518
cCREs54927	chr10	77970446	77970955	509
cCREs54953	chr10	78086591	78087570	979
cCREs54956	chr10	78096019	78097107	1088
cCREs54965	chr10	78134902	78135795	893
cCREs55003	chr10	78264725	78265262	537
cCREs55042	chr10	78366335	78367257	922
cCREs55077	chr10	78480854	78481389	535
cCREs55128	chr10	79506595	79507116	521
cCREs55174	chr10	79697810	79698440	630
cCREs55207	chr10	79837988	79838502	514
cCREs55212	chr10	79857443	79857953	510
cCREs55258	chr10	80017317	80017823	506
cCREs55259	chr10	80018651	80019319	668
cCREs55260	chr10	80024117	80024923	806
cCREs55262	chr10	80033046	80033610	564
cCREs55270	chr10	80051715	80052483	768
cCREs55283	chr10	80105344	80105947	603
cCREs55439	chr10	80694925	80695714	789
cCREs55551	chr10	81134168	81134672	504
cCREs55565	chr10	81191257	81191790	533
cCREs55657	chr10	81519524	81520050	526
cCREs55658	chr10	81524142	81524662	520
cCREs55878	chr10	83301602	83302190	588
cCREs55994	chr10	83946476	83946977	501
cCREs56045	chr10	84163702	84164270	568
cCREs56108	chr10	84395199	84395712	513
cCREs56110	chr10	84397190	84397757	567
cCREs56127	chr10	84423791	84424874	1083
cCREs56158	chr10	84549084	84549585	501
cCREs56178	chr10	84615435	84615973	538
cCREs56305	chr10	85125580	85126083	503
cCREs56487	chr10	85969807	85970328	521
cCREs56891	chr10	87674927	87675492	565
cCREs56922	chr10	87830585	87831133	548
cCREs56927	chr10	87842457	87842969	512
cCREs57001	chr10	88228601	88229274	673
cCREs57042	chr10	88409725	88410594	869
cCREs57116	chr10	88799242	88799766	524
cCREs57331	chr10	89703007	89703509	502
cCREs57854	chr10	91701654	91702274	620
cCREs58226	chr10	93326323	93326851	528
cCREs58229	chr10	93335775	93336523	748
cCREs58282	chr10	93575878	93576400	522
cCREs58410	chr10	94122445	94123206	761
cCREs58508	chr10	94471409	94471915	506
cCREs58520	chr10	94505174	94505981	807
cCREs58643	chr10	94923164	94923681	517
cCREs58772	chr10	95262293	95263159	866
cCREs58777	chr10	95279413	95279936	523
cCREs58783	chr10	95291068	95291575	507
cCREs58805	chr10	95371824	95372382	558
cCREs58855	chr10	95548068	95548969	901
cCREs59048	chr10	96294636	96295138	502
cCREs59074	chr10	96374181	96375025	844
cCREs59624	chr10	98831413	98831920	507
cCREs59635	chr10	98880645	98881149	504
cCREs59639	chr10	98894399	98894908	509
cCREs59664	chr10	98966656	98967200	544
cCREs59666	chr10	98972272	98972790	518
cCREs59723	chr10	99133249	99133776	527
cCREs59741	chr10	99181416	99181932	516
cCREs59782	chr10	99301970	99302487	517
cCREs59848	chr10	99485491	99486028	537
cCREs59919	chr10	99711036	99711998	962
cCREs59969	chr10	99926542	99927093	551
cCREs60027	chr10	100138501	100139033	532
cCREs61481	chr10	108178297	108178805	508
cCREs62294	chr10	111102215	111102733	518
cCREs62316	chr10	111159693	111160209	516
cCREs62574	chr10	112002508	112003020	512
cCREs62586	chr10	112139759	112140292	533
cCREs63226	chr10	115328442	115328996	554
cCREs63272	chr10	115530618	115531155	537
cCREs63331	chr10	115805873	115806398	525
cCREs63333	chr10	115816516	115817768	1252
cCREs63607	chr10	116923996	116924864	868
cCREs63707	chr10	117288165	117288689	524
cCREs63828	chr10	117829709	117830222	513
cCREs63832	chr10	117840500	117841005	505
cCREs63836	chr10	117860824	117861415	591
cCREs63838	chr10	117866559	117867322	763
cCREs63850	chr10	117896699	117897649	950
cCREs63886	chr10	118051958	118052502	544
cCREs63887	chr10	118052980	118053483	503
cCREs63896	chr10	118097878	118098394	516
cCREs64036	chr10	118796395	118797062	667
cCREs64441	chr10	120219876	120220383	507
cCREs64536	chr10	120815210	120815720	510
cCREs64543	chr10	120847729	120848250	521
cCREs64647	chr10	121375227	121375765	538
cCREs64688	chr10	121496517	121497029	512
cCREs64718	chr10	121590998	121591517	519
cCREs64938	chr10	122576606	122577108	502
cCREs64946	chr10	122614652	122615206	554
cCREs64991	chr10	122774100	122774629	529
cCREs65034	chr10	122882533	122883043	510
cCREs65604	chr10	125735640	125736153	513
cCREs65608	chr10	125748955	125749474	519
cCREs65959	chr10	127323423	127323956	533
cCREs66036	chr10	127594312	127594870	558
cCREs66057	chr10	127650001	127650509	508
cCREs66086	chr10	127736908	127737440	532
cCREs66268	chr10	128780075	128780655	580
cCREs66435	chr11	3173381	3174665	1284
cCREs66541	chr11	3676314	3676887	573
cCREs66668	chr11	4188759	4189578	819
cCREs66672	chr11	4195608	4196115	507
cCREs66683	chr11	4232591	4233120	529
cCREs66684	chr11	4236132	4236639	507
cCREs66685	chr11	4237417	4237921	504
cCREs66716	chr11	4382264	4382769	505
cCREs66720	chr11	4400449	4400968	519
cCREs66756	chr11	4599900	4600409	509
cCREs66856	chr11	4974266	4975256	990
cCREs66862	chr11	4989128	4989650	522
cCREs66867	chr11	5012245	5012858	613
cCREs66992	chr11	5505680	5506603	923
cCREs66994	chr11	5512044	5512884	840
cCREs67028	chr11	5734830	5735368	538
cCREs67204	chr11	6520721	6521225	504
cCREs67215	chr11	6560815	6561346	531
cCREs67672	chr11	8629760	8630275	515
cCREs67695	chr11	8688797	8689303	506
cCREs67698	chr11	8701322	8702270	948
cCREs67863	chr11	9534745	9535284	539
cCREs68131	chr11	11558622	11559130	508
cCREs68135	chr11	11573594	11574126	532
cCREs68148	chr11	11691640	11692143	503
cCREs68155	chr11	11730007	11730531	524
cCREs68162	chr11	11763038	11763845	807
cCREs68927	chr11	16637607	16638130	523
cCREs69003	chr11	16932081	16932604	523
cCREs69011	chr11	16969584	16970091	507
cCREs69014	chr11	16978240	16978745	505
cCREs69023	chr11	17004878	17005401	523
cCREs69052	chr11	17166588	17167105	517
cCREs69337	chr11	18924867	18925407	540
cCREs69606	chr11	20168887	20169391	504
cCREs69610	chr11	20192947	20193783	836
cCREs69620	chr11	20240384	20240973	589
cCREs69624	chr11	20248176	20248693	517
cCREs69658	chr11	20403398	20403899	501
cCREs69668	chr11	20468610	20469113	503
cCREs69768	chr11	20957646	20958826	1180
cCREs69799	chr11	21046149	21046696	547
cCREs70132	chr11	22807441	22807967	526
cCREs70135	chr11	22813720	22814453	733
cCREs70334	chr11	23762513	23763148	635
cCREs70342	chr11	23805711	23806215	504
cCREs70343	chr11	23810661	23811191	530
cCREs70959	chr11	26452590	26453378	788
cCREs70986	chr11	26601464	26602262	798
cCREs70987	chr11	26604206	26604707	501
cCREs70991	chr11	26639405	26639933	528
cCREs70992	chr11	26640180	26641023	843
cCREs71181	chr11	28439810	28440324	514
cCREs71360	chr11	29496872	29497632	760
cCREs71370	chr11	29549362	29549894	532
cCREs71390	chr11	29653715	29654592	877
cCREs71399	chr11	29705229	29705732	503
cCREs71406	chr11	29727845	29728365	520
cCREs71455	chr11	29874667	29875192	525
cCREs72075	chr11	32542639	32543164	525
cCREs72084	chr11	32563294	32564045	751
cCREs72089	chr11	32570862	32571476	614
cCREs72453	chr11	34031340	34031851	511
cCREs72459	chr11	34046617	34047375	758
cCREs72468	chr11	34072132	34072779	647
cCREs72566	chr11	34389395	34389901	506
cCREs72617	chr11	34773494	34774010	516
cCREs73825	chr11	40134999	40135516	517
cCREs73971	chr11	40855715	40856218	503
cCREs74526	chr11	43353584	43354115	531
cCREs74801	chr11	44372818	44373348	530
cCREs74803	chr11	44381906	44382735	829
cCREs74846	chr11	44540121	44540700	579
cCREs75307	chr11	46454373	46455184	811
cCREs75309	chr11	46461267	46461837	570
cCREs75847	chr11	48900604	48901363	759
cCREs75848	chr11	48901962	48902480	518
cCREs75852	chr11	48993931	48994672	741
cCREs75861	chr11	49084623	49085388	765
cCREs75888	chr11	49195698	49196450	752
cCREs75897	chr11	49235714	49236245	531
cCREs75898	chr11	49237589	49238090	501
cCREs76071	chr11	50038699	50039201	502
cCREs76109	chr11	50162244	50162796	552
cCREs76135	chr11	50238305	50238825	520
cCREs76136	chr11	50240170	50240676	506
cCREs76137	chr11	50243755	50244302	547
cCREs76143	chr11	50259491	50260066	575
cCREs76418	chr11	51594671	51595262	591
cCREs76491	chr11	51921299	51922176	877
cCREs76493	chr11	51925502	51926041	539
cCREs76494	chr11	51927064	51927572	508
cCREs76496	chr11	51931659	51932179	520
cCREs76913	chr11	53748554	53749084	530
cCREs76925	chr11	53794753	53795664	911
cCREs77162	chr11	54884325	54884854	529
cCREs77207	chr11	55154609	55155441	832
cCREs77217	chr11	55208173	55208691	518
cCREs77280	chr11	55449217	55450009	792
cCREs77282	chr11	55453550	55454076	526
cCREs77786	chr11	57533098	57533715	617
cCREs77942	chr11	58183455	58184118	663
cCREs77956	chr11	58224259	58224777	518
cCREs78064	chr11	58959057	58959588	531
cCREs78176	chr11	59514327	59515254	927
cCREs78180	chr11	59526609	59527119	510
cCREs78184	chr11	59541285	59541794	509
cCREs78185	chr11	59542426	59542974	548
cCREs78189	chr11	59554137	59555002	865
cCREs78468	chr11	60835102	60835608	506
cCREs78548	chr11	61142193	61142713	520
cCREs78679	chr11	61652965	61653570	605
cCREs78686	chr11	61684096	61684627	531
cCREs78724	chr11	61843415	61843924	509
cCREs78950	chr11	63046378	63046900	522
cCREs78952	chr11	63050982	63051505	523
cCREs78960	chr11	63090949	63091462	513
cCREs78972	chr11	63131191	63131756	565
cCREs78977	chr11	63151537	63152317	780
cCREs79121	chr11	63908428	63908943	515
cCREs79264	chr11	64610278	64611167	889
cCREs79520	chr11	65675548	65676072	524
cCREs80261	chr11	68502338	68503305	967
cCREs80365	chr11	68871605	68872184	579
cCREs80393	chr11	69033489	69033991	502
cCREs80406	chr11	69078697	69079284	587
cCREs80580	chr11	69930890	69931463	573
cCREs80601	chr11	70038051	70038825	774
cCREs80619	chr11	70084513	70085052	539
cCREs80621	chr11	70091939	70092469	530
cCREs80657	chr11	70254849	70255680	831
cCREs80664	chr11	70289165	70289760	595
cCREs80673	chr11	70374246	70374776	530
cCREs80684	chr11	70446651	70447158	507
cCREs80687	chr11	70459189	70460270	1081
cCREs80688	chr11	70472690	70473211	521
cCREs80720	chr11	70679858	70680362	504
cCREs80751	chr11	70786962	70787511	549
cCREs80814	chr11	71144604	71145121	517
cCREs80823	chr11	71251285	71251812	527
cCREs81132	chr11	72457888	72458554	666
cCREs81153	chr11	72538060	72538589	529
cCREs81154	chr11	72540381	72540925	544
cCREs81175	chr11	72697173	72697754	581
cCREs81232	chr11	72953671	72954251	580
cCREs81240	chr11	72998717	72999265	548
cCREs81251	chr11	73024382	73024956	574
cCREs81396	chr11	74572586	74573160	574
cCREs81409	chr11	74647883	74648464	581
cCREs81482	chr11	75075312	75076086	774
cCREs81496	chr11	75136552	75137507	955
cCREs81523	chr11	75208909	75209851	942
cCREs81539	chr11	75251535	75252244	709
cCREs81569	chr11	75324372	75324892	520
cCREs81590	chr11	75428936	75429448	512
cCREs81596	chr11	75458631	75459153	522
cCREs81619	chr11	75549807	75550362	555
cCREs81628	chr11	75571131	75571646	515
cCREs81632	chr11	75592583	75593116	533
cCREs81633	chr11	75594402	75595406	1004
cCREs81646	chr11	75636490	75636993	503
cCREs81649	chr11	75644687	75645200	513
cCREs81875	chr11	76482089	76483069	980
cCREs81916	chr11	76587902	76588417	515
cCREs81925	chr11	76628601	76629123	522
cCREs82035	chr11	77371144	77371686	542
cCREs82044	chr11	77411203	77411724	521
cCREs82078	chr11	77520545	77521083	538
cCREs82219	chr11	78213009	78213534	525
cCREs82375	chr11	78982574	78983460	886
cCREs82377	chr11	78984669	78985293	624
cCREs82384	chr11	79023296	79023866	570
cCREs82402	chr11	79076378	79076931	553
cCREs82420	chr11	79118736	79119254	518
cCREs82456	chr11	79278563	79279403	840
cCREs82459	chr11	79287385	79287904	519
cCREs82507	chr11	79527923	79528430	507
cCREs82534	chr11	79622984	79623487	503
cCREs82634	chr11	80067456	80067987	531
cCREs82651	chr11	80168159	80168998	839
cCREs82652	chr11	80169549	80170054	505
cCREs82653	chr11	80171785	80172329	544
cCREs82727	chr11	80522798	80523319	521
cCREs83118	chr11	81973582	81974097	515
cCREs83131	chr11	82004691	82005233	542
cCREs83132	chr11	82006675	82007461	786
cCREs83138	chr11	82023627	82024211	584
cCREs83144	chr11	82047913	82048459	546
cCREs83152	chr11	82077949	82078516	567
cCREs83156	chr11	82087901	82088416	515
cCREs83159	chr11	82101040	82101988	948
cCREs83365	chr11	82952502	82953007	505
cCREs83386	chr11	83077978	83078512	534
cCREs83449	chr11	83454071	83455035	964
cCREs83467	chr11	83540894	83541410	516
cCREs83470	chr11	83550002	83550821	819
cCREs83473	chr11	83572161	83572673	512
cCREs83479	chr11	83595612	83596145	533
cCREs83489	chr11	83640074	83640586	512
cCREs83495	chr11	83655642	83656195	553
cCREs83497	chr11	83663483	83663990	507
cCREs83524	chr11	83834175	83834680	505
cCREs83656	chr11	84554771	84555279	508
cCREs83994	chr11	86577169	86577735	566
cCREs84035	chr11	86745956	86746465	509
cCREs84096	chr11	87019409	87019913	504
cCREs84243	chr11	87755240	87755750	510
cCREs84244	chr11	87756414	87756931	517
cCREs84596	chr11	89076113	89076807	694
cCREs85651	chr11	94386174	94386678	504
cCREs85710	chr11	94589272	94590139	867
cCREs85731	chr11	94707577	94708101	524
cCREs85852	chr11	95291938	95292454	516
cCREs85853	chr11	95292956	95293776	820
cCREs85993	chr11	95835155	95835672	517
cCREs86104	chr11	96765535	96766068	533
cCREs86128	chr11	96880168	96880875	707
cCREs86151	chr11	96966746	96968028	1282
cCREs86207	chr11	97190860	97191427	567
cCREs86369	chr11	97829881	97830805	924
cCREs86590	chr11	98816704	98817212	508
cCREs86620	chr11	98917267	98917786	519
cCREs86877	chr11	100342996	100343504	508
cCREs86887	chr11	100378378	100379188	810
cCREs86957	chr11	100701211	100701762	551
cCREs86984	chr11	100805364	100806059	695
cCREs87257	chr11	101971985	101972551	566
cCREs87361	chr11	102429036	102429541	505
cCREs87363	chr11	102431972	102432481	509
cCREs87488	chr11	103006357	103007505	1148
cCREs87506	chr11	103053154	103053671	517
cCREs87536	chr11	103174945	103175459	514
cCREs87564	chr11	103281704	103282220	516
cCREs87572	chr11	103307851	103308361	510
cCREs87618	chr11	103470402	103470957	555
cCREs87709	chr11	103979314	103979823	509
cCREs87712	chr11	103983992	103984738	746
cCREs87822	chr11	104367693	104368252	559
cCREs87859	chr11	104596354	104596919	565
cCREs87972	chr11	105368777	105369343	566
cCREs87993	chr11	105447597	105448137	540
cCREs88014	chr11	105502222	105502737	515
cCREs88016	chr11	105506214	105506719	505
cCREs88192	chr11	106305706	106306231	525
cCREs88214	chr11	106410676	106411185	509
cCREs88234	chr11	106498658	106499193	535
cCREs88276	chr11	106623561	106624063	502
cCREs88300	chr11	106752091	106752595	504
cCREs88301	chr11	106758967	106759480	513
cCREs88429	chr11	107317433	107318250	817
cCREs89025	chr11	109380589	109381125	536
cCREs89045	chr11	109468072	109468573	501
cCREs89046	chr11	109470100	109470605	505
cCREs89223	chr11	110165726	110166329	603
cCREs89259	chr11	110372150	110373060	910
cCREs89445	chr11	111290488	111291046	558
cCREs90018	chr11	113746848	113747617	769
cCREs90292	chr11	114693937	114694954	1017
cCREs90330	chr11	114818005	114818712	707
cCREs90346	chr11	114879639	114880151	512
cCREs90349	chr11	114890031	114890545	514
cCREs90350	chr11	114897952	114898488	536
cCREs90363	chr11	114960297	114960908	611
cCREs90370	chr11	115001402	115002123	721
cCREs90372	chr11	115004022	115004536	514
cCREs90389	chr11	115138835	115139351	516
cCREs90402	chr11	115189158	115189706	548
cCREs90403	chr11	115192064	115192727	663
cCREs90501	chr11	115512660	115513168	508
cCREs90522	chr11	115630948	115631466	518
cCREs90529	chr11	115654007	115654565	558
cCREs90630	chr11	116093573	116094487	914
cCREs90702	chr11	116423969	116424491	522
cCREs90752	chr11	116615627	116616502	875
cCREs90878	chr11	117086882	117087415	533
cCREs90879	chr11	117088200	117088948	748
cCREs90903	chr11	117138033	117138716	683
cCREs90972	chr11	117334026	117334714	688
cCREs91102	chr11	117775501	117776026	525
cCREs91104	chr11	117781486	117782002	516
cCREs91107	chr11	117792100	117793048	948
cCREs91116	chr11	117828760	117829707	947
cCREs91149	chr11	117946234	117947077	843
cCREs91302	chr11	118458783	118459970	1187
cCREs91310	chr11	118479745	118480251	506
cCREs91660	chr11	119729277	119729784	507
cCREs91728	chr11	119917018	119917586	568
cCREs91730	chr11	119925105	119925688	583
cCREs91743	chr11	119954164	119954713	549
cCREs91829	chr11	120218832	120219366	534
cCREs91927	chr11	120629900	120631025	1125
cCREs91953	chr11	120747854	120748546	692
cCREs92049	chr11	121269706	121270660	954
cCREs92067	chr11	121340209	121340767	558
cCREs92197	chr12	3356769	3357292	523
cCREs92219	chr12	3418657	3419229	572
cCREs92312	chr12	3799523	3800054	531
cCREs92448	chr12	4236257	4236781	524
cCREs93336	chr12	8346397	8346898	501
cCREs93339	chr12	8351177	8351746	569
cCREs93356	chr12	8401562	8402679	1117
cCREs93395	chr12	8519390	8520180	790
cCREs93820	chr12	10778385	10778902	517
cCREs94176	chr12	12270455	12270960	505
cCREs95438	chr12	17657428	17657941	513
cCREs95444	chr12	17679514	17680032	518
cCREs95445	chr12	17682145	17682685	540
cCREs95453	chr12	17715656	17716161	505
cCREs95472	chr12	17774708	17775258	550
cCREs95577	chr12	21287215	21287728	513
cCREs95598	chr12	21368325	21368832	507
cCREs95599	chr12	21368964	21369470	506
cCREs95616	chr12	21462573	21463098	525
cCREs95653	chr12	24493243	24493961	718
cCREs95833	chr12	25150613	25151209	596
cCREs97532	chr12	32111416	32111995	579
cCREs97561	chr12	32199357	32199869	512
cCREs97653	chr12	32642428	32642935	507
cCREs97692	chr12	32795567	32796080	513
cCREs97711	chr12	32893187	32893698	511
cCREs97896	chr12	33433772	33434329	557
cCREs98003	chr12	34195407	34195911	504
cCREs98129	chr12	34696694	34697198	504
cCREs98154	chr12	34787329	34787840	511
cCREs98212	chr12	35018571	35019316	745
cCREs98216	chr12	35025863	35026776	913
cCREs98670	chr12	37242492	37243027	535
cCREs99050	chr12	39039713	39040224	511
cCREs99354	chr12	40459775	40460344	569
cCREs99407	chr12	40585689	40586192	503
cCREs100093	chr12	44283214	44283831	617
cCREs100585	chr12	46779827	46780341	514
cCREs100603	chr12	46889613	46890123	510
cCREs101333	chr12	51718597	51719106	509
cCREs101342	chr12	51768228	51769167	939
cCREs101985	chr12	54396405	54397430	1025
cCREs101986	chr12	54398009	54398587	578
cCREs102055	chr12	54791006	54791933	927
cCREs102059	chr12	54820165	54821160	995
cCREs102084	chr12	54998943	54999791	848
cCREs102089	chr12	55019299	55020076	777
cCREs102098	chr12	55299262	55299948	686
cCREs102138	chr12	55450361	55450878	517
cCREs102142	chr12	55459702	55460212	510
cCREs102180	chr12	55569636	55570152	516
cCREs104190	chr12	69419506	69420032	526
cCREs104192	chr12	69422748	69423583	835
cCREs104222	chr12	69532465	69533021	556
cCREs104383	chr12	70140469	70140987	518
cCREs104656	chr12	71006108	71006617	509
cCREs104661	chr12	71040319	71040863	544
cCREs105265	chr12	73609958	73610469	511
cCREs105266	chr12	73610755	73611396	641
cCREs105267	chr12	73613068	73613577	509
cCREs105272	chr12	73632662	73633274	612
cCREs105281	chr12	73658382	73658896	514
cCREs105291	chr12	73687266	73688072	806
cCREs105354	chr12	73881398	73881927	529
cCREs105705	chr12	75414901	75415442	541
cCREs105713	chr12	75448814	75449321	507
cCREs105985	chr12	76537306	76537885	579
cCREs106112	chr12	76957636	76958142	506
cCREs106175	chr12	77288453	77288966	513
cCREs106537	chr12	79072486	79072996	510
cCREs106542	chr12	79092492	79093072	580
cCREs106648	chr12	79630149	79630708	559
cCREs106649	chr12	79633413	79634173	760
cCREs106651	chr12	79642636	79643182	546
cCREs106652	chr12	79646592	79647112	520
cCREs107014	chr12	80851917	80852432	515
cCREs107184	chr12	81719147	81720138	991
cCREs107317	chr12	82225744	82226255	511
cCREs107329	chr12	82256901	82257428	527
cCREs107800	chr12	84173967	84174631	664
cCREs107819	chr12	84243026	84243851	825
cCREs107824	chr12	84275235	84275746	511
cCREs107912	chr12	84748092	84748656	564
cCREs107914	chr12	84751196	84751820	624
cCREs107994	chr12	85122976	85124044	1068
cCREs108001	chr12	85146267	85146827	560
cCREs108034	chr12	85256961	85257757	796
cCREs108055	chr12	85339898	85340405	507
cCREs108058	chr12	85345496	85346025	529
cCREs108060	chr12	85348194	85348732	538
cCREs108140	chr12	85647917	85648448	531
cCREs108153	chr12	85710445	85711174	729
cCREs108589	chr12	87393311	87394231	920
cCREs108664	chr12	88445418	88446167	749
cCREs109394	chr12	91592080	91592599	519
cCREs109425	chr12	91711636	91712171	535
cCREs109428	chr12	91719060	91719576	516
cCREs109431	chr12	91736167	91736686	519
cCREs109438	chr12	91756713	91757230	517
cCREs110116	chr12	95744971	95745540	569
cCREs110533	chr12	98238412	98239162	750
cCREs110543	chr12	98265637	98266615	978
cCREs110906	chr12	99522840	99523354	514
cCREs110922	chr12	99575885	99576387	502
cCREs110936	chr12	99646864	99647380	516
cCREs110967	chr12	99789510	99790033	523
cCREs111036	chr12	100005220	100005725	505
cCREs111040	chr12	100022470	100023018	548
cCREs111097	chr12	100183952	100184479	527
cCREs111300	chr12	100837165	100837723	558
cCREs111454	chr12	101994517	101995283	766
cCREs111606	chr12	102442558	102443088	530
cCREs111607	chr12	102445407	102445931	524
cCREs111669	chr12	102645961	102647248	1287
cCREs111675	chr12	102662920	102664191	1271
cCREs111864	chr12	103343345	103343920	575
cCREs112115	chr12	104777557	104778096	539
cCREs112933	chr12	108088206	108088758	552
cCREs112960	chr12	108170357	108170944	587
cCREs112974	chr12	108211948	108212933	985
cCREs113097	chr12	108635433	108635936	503
cCREs113129	chr12	108761166	108761673	507
cCREs113130	chr12	108764797	108765329	532
cCREs113205	chr12	108990383	108990932	549
cCREs113530	chr12	110764433	110764945	512
cCREs113561	chr12	110854689	110855197	508
cCREs113607	chr12	111093855	111094646	791
cCREs113710	chr12	111437414	111437969	555
cCREs113745	chr12	111592345	111592896	551
cCREs113765	chr12	111675005	111675512	507
cCREs113848	chr12	111930303	111930824	521
cCREs114041	chr12	112632847	112633368	521
cCREs114075	chr12	112760432	112760936	504
cCREs114076	chr12	112761933	112762457	524
cCREs114102	chr12	112864726	112865227	501
cCREs114155	chr12	113031374	113031902	528
cCREs114227	chr12	113427239	113427741	502
cCREs114228	chr12	113430231	113430764	533
cCREs114314	chr12	116435187	116435719	532
cCREs114315	chr12	116436065	116436592	527
cCREs114634	chr12	117478934	117479489	555
cCREs114879	chr12	118648646	118649159	513
cCREs114895	chr12	118757986	118758492	506
cCREs115097	chr13	3519920	3520459	539
cCREs115118	chr13	3636615	3637343	728
cCREs115380	chr13	5511697	5512248	551
cCREs115435	chr13	5725935	5726493	558
cCREs115453	chr13	5802701	5803262	561
cCREs115455	chr13	5804244	5805087	843
cCREs115481	chr13	5887987	5889188	1201
cCREs115486	chr13	5899002	5899664	662
cCREs115494	chr13	5939253	5939804	551
cCREs116051	chr13	8866491	8867203	712
cCREs116065	chr13	9022563	9023087	524
cCREs116083	chr13	9106932	9107921	989
cCREs116089	chr13	9125120	9125643	523
cCREs116287	chr13	9775739	9776315	576
cCREs116296	chr13	9873370	9873902	532
cCREs116305	chr13	9894995	9895544	549
cCREs116838	chr13	12227519	12228653	1134
cCREs116845	chr13	12255784	12256301	517
cCREs116882	chr13	12412041	12412549	508
cCREs116900	chr13	12468368	12468879	511
cCREs116981	chr13	13523530	13524626	1096
cCREs116983	chr13	13528947	13529689	742
cCREs117710	chr13	17878933	17879449	516
cCREs118242	chr13	20187563	20188114	551
cCREs118260	chr13	20220299	20220836	537
cCREs118809	chr13	23705895	23706412	517
cCREs118815	chr13	23717261	23718317	1056
cCREs118831	chr13	23799352	23799866	514
cCREs118894	chr13	24036076	24037020	944
cCREs119111	chr13	24698695	24699200	505
cCREs119135	chr13	24791314	24791825	511
cCREs119379	chr13	25790626	25791780	1154
cCREs119381	chr13	25792954	25793458	504
cCREs119726	chr13	28502019	28502612	593
cCREs119738	chr13	28551604	28552134	530
cCREs119751	chr13	28600685	28601679	994
cCREs119759	chr13	28617470	28617987	517
cCREs119828	chr13	28843872	28844385	513
cCREs120200	chr13	30197889	30198755	866
cCREs120308	chr13	30697585	30698334	749
cCREs120320	chr13	30738308	30738914	606
cCREs120333	chr13	30767678	30768199	521
cCREs120829	chr13	32912732	32913482	750
cCREs120860	chr13	33076912	33077420	508
cCREs120934	chr13	34051595	34052111	516
cCREs121119	chr13	34636726	34637247	521
cCREs121158	chr13	34792978	34793506	528
cCREs121237	chr13	35209468	35210015	547
cCREs121319	chr13	35647316	35647862	546
cCREs121686	chr13	37056561	37057126	565
cCREs121728	chr13	37218543	37219048	505
cCREs121754	chr13	37330923	37331448	525
cCREs121761	chr13	37345107	37345625	518
cCREs121762	chr13	37345802	37346314	512
cCREs121763	chr13	37347713	37348667	954
cCREs121767	chr13	37356504	37357021	517
cCREs121832	chr13	37595139	37595667	528
cCREs121833	chr13	37600099	37600603	504
cCREs121835	chr13	37606210	37606712	502
cCREs121847	chr13	37657994	37658496	502
cCREs121879	chr13	37845581	37846096	515
cCREs121888	chr13	37873173	37873960	787
cCREs122431	chr13	40968572	40969078	506
cCREs122550	chr13	41466115	41467572	1457
cCREs122579	chr13	41596330	41597109	779
cCREs122580	chr13	41599881	41600420	539
cCREs122654	chr13	41865574	41866161	587
cCREs122750	chr13	42245680	42246459	779
cCREs122772	chr13	42367544	42368143	599
cCREs123130	chr13	43496562	43497069	507
cCREs123148	chr13	43554409	43555298	889
cCREs123212	chr13	43765096	43765627	531
cCREs123393	chr13	44482602	44483120	518
cCREs123403	chr13	44504333	44505155	822
cCREs123525	chr13	45005778	45006294	516
cCREs123621	chr13	45371617	45372125	508
cCREs123626	chr13	45391467	45392005	538
cCREs123703	chr13	45625736	45626266	530
cCREs124080	chr13	46875281	46875826	545
cCREs124091	chr13	46904910	46905673	763
cCREs124189	chr13	47232091	47232623	532
cCREs124609	chr13	49189956	49190462	506
cCREs124612	chr13	49200505	49201590	1085
cCREs124621	chr13	49242202	49243204	1002
cCREs124635	chr13	49308982	49309504	522
cCREs124641	chr13	49324172	49324735	563
cCREs124991	chr13	51734480	51734981	501
cCREs125088	chr13	52035712	52036219	507
cCREs125108	chr13	52084936	52085452	516
cCREs125238	chr13	52533566	52534114	548
cCREs125253	chr13	52572414	52572935	521
cCREs125254	chr13	52575422	52575923	501
cCREs125258	chr13	52596628	52597133	505
cCREs125308	chr13	52820206	52820742	536
cCREs125347	chr13	52962290	52962800	510
cCREs125662	chr13	54209338	54209857	519
cCREs125664	chr13	54215694	54216215	521
cCREs125668	chr13	54223115	54223676	561
cCREs125768	chr13	54475670	54476211	541
cCREs125783	chr13	54577721	54578582	861
cCREs125892	chr13	54982913	54983432	519
cCREs125906	chr13	55021076	55021837	761
cCREs125933	chr13	55201617	55202376	759
cCREs125975	chr13	55429158	55429672	514
cCREs125999	chr13	55519535	55520048	513
cCREs126003	chr13	55528335	55528844	509
cCREs126171	chr13	56353106	56353621	515
cCREs126238	chr13	56626472	56626981	509
cCREs126625	chr13	58020371	58021369	998
cCREs126661	chr13	58115150	58115709	559
cCREs126714	chr13	58452898	58453662	764
cCREs126731	chr13	58503562	58504064	502
cCREs127061	chr13	59741607	59742422	815
cCREs127097	chr13	59867007	59867713	706
cCREs127215	chr13	60355750	60356586	836
cCREs127299	chr13	60672921	60673773	852
cCREs127346	chr13	60825985	60826517	532
cCREs127347	chr13	60840040	60840553	513
cCREs127351	chr13	60892237	60893193	956
cCREs127352	chr13	60897253	60897787	534
cCREs127418	chr13	63007399	63007971	572
cCREs127751	chr13	64401784	64402349	565
cCREs127753	chr13	64407900	64408499	599
cCREs127894	chr13	67463722	67464225	503
cCREs127898	chr13	67527080	67527581	501
cCREs128558	chr13	70846880	70847397	517
cCREs128968	chr13	73433511	73434023	512
cCREs128977	chr13	73458631	73459642	1011
cCREs129103	chr13	74004131	74004656	525
cCREs129111	chr13	74022159	74022674	515
cCREs129373	chr13	75845768	75846283	515
cCREs129550	chr13	76596643	76597422	779
cCREs130158	chr13	80952803	80953305	502
cCREs130173	chr13	81025160	81025697	537
cCREs130179	chr13	81050968	81051927	959
cCREs131043	chr13	85507442	85508232	790
cCREs131052	chr13	85553029	85553823	794
cCREs131801	chr13	91169807	91170331	524
cCREs131909	chr13	91635949	91636503	554
cCREs132246	chr13	92923454	92923988	534
cCREs132530	chr13	93976824	93978176	1352
cCREs132627	chr13	94295867	94296393	526
cCREs132669	chr13	94476132	94476636	504
cCREs132928	chr13	95494794	95495333	539
cCREs133173	chr13	96435653	96436168	515
cCREs133207	chr13	96547845	96548387	542
cCREs133330	chr13	97186259	97186760	501
cCREs133808	chr13	98832308	98832878	570
cCREs133862	chr13	98996955	98997733	778
cCREs133957	chr13	99287734	99288256	522
cCREs134229	chr13	100152591	100153116	525
cCREs134231	chr13	100201634	100202398	764
cCREs134232	chr13	100246851	100247607	756
cCREs134247	chr13	100490106	100490944	838
cCREs134270	chr13	100600267	100600899	632
cCREs134532	chr13	101742416	101743124	708
cCREs134542	chr13	101761603	101762106	503
cCREs134739	chr13	102666266	102667244	978
cCREs134740	chr13	102668838	102669354	516
cCREs134747	chr13	102688093	102688610	517
cCREs134749	chr13	102695049	102695945	896
cCREs135101	chr13	104074584	104075164	580
cCREs135639	chr13	106638929	106639448	519
cCREs135664	chr13	106747711	106748237	526
cCREs135741	chr13	106998545	106999329	784
cCREs135896	chr13	107607280	107607904	624
cCREs135941	chr13	107756265	107756774	509
cCREs135987	chr13	107903189	107903984	795
cCREs136388	chr13	109446059	109446609	550
cCREs136691	chr13	110356961	110357465	504
cCREs136791	chr13	110696436	110697101	665
cCREs136797	chr13	110710790	110711317	527
cCREs137054	chr13	111896141	111896797	656
cCREs137065	chr13	111929843	111930378	535
cCREs137070	chr13	111941835	111942337	502
cCREs137181	chr13	112337094	112337623	529
cCREs137194	chr13	112394916	112395423	507
cCREs137205	chr13	112416377	112417558	1181
cCREs137267	chr13	112666561	112667071	510
cCREs137282	chr13	112734961	112735820	859
cCREs137420	chr13	113381630	113382178	548
cCREs137471	chr13	113571951	113572756	805
cCREs137795	chr13	114834518	114835062	544
cCREs138161	chr13	116949489	116950006	517
cCREs138194	chr13	117033591	117034378	787
cCREs138195	chr13	117036216	117036740	524
cCREs138228	chr13	117211279	117212056	777
cCREs138232	chr13	117223009	117223532	523
cCREs138706	chr13	120258756	120260193	1437
cCREs138707	chr13	120299200	120299716	516
cCREs138708	chr13	120299865	120300426	561
cCREs138736	chr14	5971627	5972138	511
cCREs138807	chr14	7913802	7914323	521
cCREs138812	chr14	7923500	7924029	529
cCREs138873	chr14	8102535	8103053	518
cCREs139164	chr14	9487142	9487945	803
cCREs139325	chr14	10208938	10209457	519
cCREs139375	chr14	10438896	10439858	962
cCREs139395	chr14	10534807	10535335	528
cCREs140171	chr14	13361128	13362060	932
cCREs140387	chr14	14684700	14685207	507
cCREs140445	chr14	14971061	14971592	531
cCREs140863	chr14	17410715	17411238	523
cCREs140869	chr14	17427685	17428189	504
cCREs140978	chr14	17879414	17879929	515
cCREs140997	chr14	17953965	17954478	513
cCREs141211	chr14	19712971	19713507	536
cCREs141406	chr14	20422200	20422745	545
cCREs141506	chr14	20829378	20830729	1351
cCREs141571	chr14	21090267	21090789	522
cCREs141730	chr14	21745061	21745573	512
cCREs141926	chr14	22759525	22760044	519
cCREs141934	chr14	22813242	22813794	552
cCREs142214	chr14	23824877	23825453	576
cCREs142667	chr14	25401381	25402121	740
cCREs142703	chr14	25517102	25518181	1079
cCREs142711	chr14	25530301	25530833	532
cCREs142798	chr14	25746992	25747974	982
cCREs142899	chr14	26626543	26627370	827
cCREs143044	chr14	27379125	27379793	668
cCREs143053	chr14	27405365	27405874	509
cCREs143878	chr14	30362248	30362787	539
cCREs143940	chr14	30619911	30620722	811
cCREs143946	chr14	30627279	30627866	587
cCREs143974	chr14	30761138	30761692	554
cCREs143975	chr14	30762855	30763400	545
cCREs144007	chr14	30875966	30876898	932
cCREs144045	chr14	31160412	31160924	512
cCREs144051	chr14	31172612	31173565	953
cCREs144056	chr14	31182914	31184325	1411
cCREs144133	chr14	31482292	31482834	542
cCREs144176	chr14	31682018	31682555	537
cCREs144223	chr14	31930179	31930965	786
cCREs144413	chr14	32783995	32784836	841
cCREs144419	chr14	32812350	32812888	538
cCREs144434	chr14	32877463	32878097	634
cCREs144505	chr14	33184963	33185839	876
cCREs144521	chr14	33240377	33240894	517
cCREs144523	chr14	33244851	33245382	531
cCREs144546	chr14	33324543	33325047	504
cCREs145959	chr14	40919483	40920035	552
cCREs145961	chr14	40924276	40925216	940
cCREs145964	chr14	40933274	40933776	502
cCREs145966	chr14	40936987	40937536	549
cCREs145971	chr14	40947631	40948145	514
cCREs145977	chr14	40959055	40959595	540
cCREs146190	chr14	45179568	45180077	509
cCREs146537	chr14	46863925	46864787	862
cCREs146624	chr14	47187655	47188423	768
cCREs146752	chr14	47754212	47755019	807
cCREs146849	chr14	48139384	48139937	553
cCREs147236	chr14	50357505	50358045	540
cCREs147254	chr14	50829870	50830412	542
cCREs147257	chr14	50864813	50865421	608
cCREs147282	chr14	50998268	50998843	575
cCREs147307	chr14	51128705	51129389	684
cCREs147320	chr14	51185731	51186274	543
cCREs147386	chr14	51941120	51941648	528
cCREs147387	chr14	51942189	51942749	560
cCREs147425	chr14	52133555	52134085	530
cCREs147440	chr14	52267276	52267794	518
cCREs147531	chr14	53766450	53766967	517
cCREs147679	chr14	54383189	54383760	571
cCREs147686	chr14	54413838	54414749	911
cCREs147687	chr14	54417499	54418172	673
cCREs147716	chr14	54569578	54570453	875
cCREs147749	chr14	54712733	54713328	595
cCREs147759	chr14	54742404	54742948	544
cCREs147973	chr14	55697198	55697716	518
cCREs147975	chr14	55713319	55713834	515
cCREs147994	chr14	55788622	55789188	566
cCREs148241	chr14	57386879	57387405	526
cCREs148840	chr14	60204966	60205469	503
cCREs149176	chr14	61518635	61519174	539
cCREs149193	chr14	61665836	61666363	527
cCREs149227	chr14	61835647	61836682	1035
cCREs149232	chr14	61861238	61861759	521
cCREs149457	chr14	62907834	62908342	508
cCREs149495	chr14	63078840	63079354	514
cCREs149496	chr14	63080119	63080640	521
cCREs149500	chr14	63102895	63103455	560
cCREs149771	chr14	64185836	64186361	525
cCREs149935	chr14	64637334	64637857	523
cCREs149984	chr14	64792548	64793051	503
cCREs150026	chr14	64915743	64916329	586
cCREs150033	chr14	64943721	64944233	512
cCREs150534	chr14	66812179	66812789	610
cCREs150566	chr14	66872487	66872989	502
cCREs150588	chr14	66976829	66977466	637
cCREs150623	chr14	67098023	67098622	599
cCREs151190	chr14	70101259	70101790	531
cCREs151213	chr14	70175141	70176227	1086
cCREs151273	chr14	70394945	70395453	508
cCREs151275	chr14	70402349	70402862	513
cCREs151911	chr14	73402031	73402557	526
cCREs151915	chr14	73409995	73410551	556
cCREs151924	chr14	73436339	73436844	505
cCREs152291	chr14	74905910	74906424	514
cCREs152304	chr14	74936797	74937315	518
cCREs152333	chr14	75034173	75034685	512
cCREs152342	chr14	75056750	75057334	584
cCREs152369	chr14	75195502	75196012	510
cCREs152637	chr14	76179302	76179853	551
cCREs152661	chr14	76287679	76288197	518
cCREs152898	chr14	77033324	77033827	503
cCREs152906	chr14	77111309	77111818	509
cCREs153158	chr14	77832314	77832822	508
cCREs153606	chr14	79508648	79509325	677
cCREs153612	chr14	79535240	79535768	528
cCREs154753	chr14	86885347	86886131	784
cCREs154812	chr14	87190617	87191130	513
cCREs156359	chr14	98816930	98817461	531
cCREs156368	chr14	98873416	98873946	530
cCREs156385	chr14	98956727	98957234	507
cCREs157027	chr14	101542305	101542878	573
cCREs157045	chr14	101595584	101596118	534
cCREs157342	chr14	102906876	102907377	501
cCREs157349	chr14	102924588	102925142	554
cCREs157369	chr14	103007617	103008246	629
cCREs157381	chr14	103058910	103059444	534
cCREs157423	chr14	103186360	103187516	1156
cCREs157489	chr14	103481444	103481962	518
cCREs157576	chr14	103785039	103785565	526
cCREs157582	chr14	103815471	103816015	544
cCREs157603	chr14	103920098	103920645	547
cCREs157604	chr14	103929296	103930162	866
cCREs157613	chr14	103978752	103979295	543
cCREs157621	chr14	104029529	104030069	540
cCREs157812	chr14	105288525	105289048	523
cCREs159166	chr14	114865007	114865750	743
cCREs160366	chr14	120262625	120263138	513
cCREs160384	chr14	120306174	120306706	532
cCREs160476	chr14	120583714	120584243	529
cCREs160714	chr14	121317907	121318762	855
cCREs160827	chr14	121648338	121649224	886
cCREs160911	chr14	121907234	121907735	501
cCREs160921	chr14	121937553	121938061	508
cCREs160939	chr14	121994807	121995323	516
cCREs160940	chr14	121996801	121997306	505
cCREs160949	chr14	122013402	122013981	579
cCREs161004	chr14	122261211	122261720	509
cCREs161839	chr15	5302310	5302838	528
cCREs161848	chr15	5348810	5349349	539
cCREs161851	chr15	5415961	5416471	510
cCREs161867	chr15	5517140	5517930	790
cCREs161871	chr15	5539250	5539753	503
cCREs161951	chr15	6241985	6242790	805
cCREs161967	chr15	6334673	6335179	506
cCREs161970	chr15	6341356	6341863	507
cCREs161999	chr15	6500810	6501335	525
cCREs162002	chr15	6522572	6523312	740
cCREs162006	chr15	6554558	6555112	554
cCREs162008	chr15	6556825	6557367	542
cCREs162010	chr15	6562148	6562750	602
cCREs162012	chr15	6569107	6569692	585
cCREs162016	chr15	6577867	6578406	539
cCREs162024	chr15	6601282	6601828	546
cCREs162027	chr15	6623767	6624275	508
cCREs162044	chr15	6705566	6706111	545
cCREs162149	chr15	7088577	7089354	777
cCREs162154	chr15	7113850	7114360	510
cCREs162440	chr15	8635921	8636422	501
cCREs162443	chr15	8642189	8642716	527
cCREs162543	chr15	9122931	9123435	504
cCREs162575	chr15	9429782	9430317	535
cCREs162859	chr15	10876261	10876803	542
cCREs163067	chr15	11716085	11716664	579
cCREs164340	chr15	19675473	19675992	519
cCREs165097	chr15	25287803	25288305	502
cCREs165103	chr15	25321568	25322537	969
cCREs165275	chr15	25828425	25828939	514
cCREs165299	chr15	25891210	25892297	1087
cCREs165751	chr15	27664075	27664577	502
cCREs165808	chr15	27784133	27784649	516
cCREs165861	chr15	27873624	27874418	794
cCREs166010	chr15	28374308	28374812	504
cCREs167179	chr15	34027120	34027650	530
cCREs167191	chr15	34096263	34096774	511
cCREs167293	chr15	34529687	34530527	840
cCREs167404	chr15	35030215	35030744	529
cCREs167489	chr15	35681637	35682152	515
cCREs167494	chr15	35705446	35706030	584
cCREs167751	chr15	36827908	36828443	535
cCREs167768	chr15	36875867	36876755	888
cCREs167771	chr15	36879398	36880140	742
cCREs167786	chr15	36933594	36934119	525
cCREs168132	chr15	38288873	38289466	593
cCREs168160	chr15	38403894	38404411	517
cCREs168174	chr15	38472571	38473104	533
cCREs168176	chr15	38483280	38483794	514
cCREs168181	chr15	38527854	38528390	536
cCREs168210	chr15	38644077	38644828	751
cCREs168923	chr15	41765703	41766209	506
cCREs169966	chr15	48837961	48838533	572
cCREs169970	chr15	48899275	48899781	506
cCREs169971	chr15	48904615	48905128	513
cCREs170174	chr15	50854341	50854844	503
cCREs170741	chr15	53409135	53409640	505
cCREs170777	chr15	53556044	53556877	833
cCREs171178	chr15	55381619	55382139	520
cCREs171596	chr15	57792711	57793702	991
cCREs171675	chr15	58019528	58020031	503
cCREs171726	chr15	58249952	58250472	520
cCREs171870	chr15	58745402	58745907	505
cCREs172089	chr15	59486071	59486590	519
cCREs172145	chr15	59619760	59620301	541
cCREs172183	chr15	59744480	59744992	512
cCREs172233	chr15	59950552	59951339	787
cCREs172627	chr15	62002517	62003268	751
cCREs172639	chr15	62057076	62057967	891
cCREs172672	chr15	62152106	62152621	515
cCREs172739	chr15	62400899	62401679	780
cCREs172939	chr15	63498441	63498973	532
cCREs172940	chr15	63500347	63500874	527
cCREs172966	chr15	63611119	63611718	599
cCREs173053	chr15	64088280	64088782	502
cCREs173484	chr15	65872536	65873045	509
cCREs173715	chr15	66684650	66685521	871
cCREs173738	chr15	66746393	66746899	506
cCREs173765	chr15	66833316	66833828	512
cCREs173770	chr15	66845293	66845804	511
cCREs173876	chr15	67173920	67174447	527
cCREs173908	chr15	67345429	67345932	503
cCREs173926	chr15	67414022	67415012	990
cCREs174106	chr15	68167772	68168280	508
cCREs175263	chr15	73492139	73492692	553
cCREs175264	chr15	73493918	73494441	523
cCREs175267	chr15	73505652	73506716	1064
cCREs175671	chr15	74930284	74931282	998
cCREs175672	chr15	74931552	74932104	552
cCREs175680	chr15	74960678	74961241	563
cCREs175802	chr15	75850731	75851320	589
cCREs175891	chr15	76287620	76288173	553
cCREs175894	chr15	76303538	76304052	514
cCREs175896	chr15	76313156	76313689	533
cCREs176020	chr15	76794726	76795258	532
cCREs176291	chr15	77945625	77946141	516
cCREs176385	chr15	78258162	78258706	544
cCREs176455	chr15	78588860	78589367	507
cCREs176458	chr15	78596807	78597335	528
cCREs176459	chr15	78597776	78598280	504
cCREs176508	chr15	78771675	78772847	1172
cCREs176650	chr15	79323254	79323942	688
cCREs176672	chr15	79396661	79397207	546
cCREs176677	chr15	79413731	79414268	537
cCREs176679	chr15	79422481	79423157	676
cCREs176683	chr15	79434941	79435879	938
cCREs176689	chr15	79446189	79446715	526
cCREs176835	chr15	80042102	80042659	557
cCREs176842	chr15	80071588	80072396	808
cCREs176843	chr15	80074180	80075177	997
cCREs177105	chr15	81021322	81021850	528
cCREs177114	chr15	81045294	81045808	514
cCREs177221	chr15	81568069	81569126	1057
cCREs177381	chr15	82218728	82219243	515
cCREs177453	chr15	82888361	82888864	503
cCREs177509	chr15	83036039	83036558	519
cCREs177554	chr15	83221666	83222215	549
cCREs177566	chr15	83256316	83256938	622
cCREs177638	chr15	83539565	83540374	809
cCREs178347	chr15	86191435	86191956	521
cCREs178351	chr15	86200937	86201642	705
cCREs178352	chr15	86202532	86203067	535
cCREs178357	chr15	86212129	86212651	522
cCREs178971	chr15	88732328	88732836	508
cCREs179056	chr15	89171448	89172098	650
cCREs179059	chr15	89177082	89178018	936
cCREs179068	chr15	89230915	89231449	534
cCREs179355	chr15	90623398	90623937	539
cCREs179484	chr15	91178571	91179089	518
cCREs179487	chr15	91186213	91186728	515
cCREs179501	chr15	91254073	91254580	507
cCREs180004	chr15	93267933	93268716	783
cCREs180013	chr15	93298075	93298595	520
cCREs180633	chr15	95807794	95808317	523
cCREs180794	chr15	96466431	96466971	540
cCREs180862	chr15	96714946	96715462	516
cCREs180877	chr15	96778186	96779124	938
cCREs181043	chr15	97590643	97591156	513
cCREs181360	chr15	99029594	99030543	949
cCREs181361	chr15	99033371	99033969	598
cCREs181444	chr15	99438891	99439701	810
cCREs181721	chr15	100590348	100590938	590
cCREs181732	chr15	100666206	100666709	503
cCREs181733	chr15	100673779	100674280	501
cCREs181744	chr15	100737592	100738152	560
cCREs181904	chr15	101262413	101262948	535
cCREs181921	chr15	101318094	101318602	508
cCREs181941	chr15	101374783	101375369	586
cCREs182061	chr15	102089723	102090370	647
cCREs182089	chr15	102198811	102199339	528
cCREs182126	chr15	102362408	102363261	853
cCREs182133	chr15	102393457	102394212	755
cCREs182300	chr15	103258102	103258769	667
cCREs182333	chr15	103370389	103370982	593
cCREs182368	chr15	103486568	103487092	524
cCREs182430	chr16	3732594	3733139	545
cCREs182451	chr16	3929071	3929598	527
cCREs182528	chr16	4383218	4383971	753
cCREs182641	chr16	4839486	4840003	517
cCREs182643	chr16	4847014	4847517	503
cCREs182674	chr16	4969363	4969864	501
cCREs182685	chr16	5011236	5012136	900
cCREs183283	chr16	7154460	7155467	1007
cCREs183356	chr16	7446737	7447305	568
cCREs183375	chr16	7559074	7559579	505
cCREs183574	chr16	8784695	8785236	541
cCREs183942	chr16	10384049	10385006	957
cCREs183960	chr16	10461121	10461680	559
cCREs184111	chr16	10999744	11000306	562
cCREs184113	chr16	11005932	11006489	557
cCREs184150	chr16	11107722	11108257	535
cCREs184184	chr16	11343255	11343759	504
cCREs184195	chr16	11385695	11386214	519
cCREs184201	chr16	11411657	11412177	520
cCREs184350	chr16	11875134	11875653	519
cCREs184825	chr16	14112702	14113218	516
cCREs185026	chr16	15986119	15986922	803
cCREs185040	chr16	16073013	16073785	772
cCREs185122	chr16	16902251	16902760	509
cCREs185124	chr16	16907731	16908262	531
cCREs185470	chr16	18412686	18413485	799
cCREs185472	chr16	18419349	18419854	505
cCREs185474	chr16	18423061	18423998	937
cCREs185619	chr16	19966912	19967477	565
cCREs185621	chr16	19972878	19973915	1037
cCREs185625	chr16	19982780	19983337	557
cCREs185698	chr16	20357816	20358324	508
cCREs185714	chr16	20424046	20424575	529
cCREs185740	chr16	20537911	20538422	511
cCREs185860	chr16	21382114	21382620	506
cCREs185934	chr16	21641804	21642698	894
cCREs185967	chr16	21826990	21827627	637
cCREs186082	chr16	22444765	22445278	513
cCREs186268	chr16	23181009	23182402	1393
cCREs186306	chr16	23296704	23297226	522
cCREs186317	chr16	23332078	23333134	1056
cCREs186318	chr16	23346475	23347649	1174
cCREs186463	chr16	24011996	24012814	818
cCREs186670	chr16	24826349	24826861	512
cCREs186958	chr16	26049295	26050222	927
cCREs186960	chr16	26057634	26058147	513
cCREs187185	chr16	27374036	27374571	535
cCREs187203	chr16	27434702	27435401	699
cCREs187827	chr16	30114615	30115420	805
cCREs187829	chr16	30123225	30123752	527
cCREs187889	chr16	30395094	30395617	523
cCREs187892	chr16	30416262	30417086	824
cCREs187912	chr16	30511922	30513157	1235
cCREs187919	chr16	30533572	30534074	502
cCREs187988	chr16	30772714	30773252	538
cCREs188027	chr16	30944814	30945425	611
cCREs188306	chr16	32130040	32130638	598
cCREs188318	chr16	32170870	32171386	516
cCREs188322	chr16	32176786	32177723	937
cCREs188325	chr16	32190123	32190652	529
cCREs188392	chr16	32650942	32651473	531
cCREs188412	chr16	32703199	32703745	546
cCREs188499	chr16	33169453	33170206	753
cCREs188675	chr16	33944643	33945211	568
cCREs189274	chr16	35868977	35869729	752
cCREs189364	chr16	36631564	36632430	866
cCREs189378	chr16	36711689	36712218	529
cCREs189380	chr16	36717458	36717968	510
cCREs189417	chr16	36934717	36935489	772
cCREs189418	chr16	36935758	36936307	549
cCREs189430	chr16	36985468	36986245	777
cCREs189707	chr16	38095414	38095922	508
cCREs189795	chr16	38457078	38457626	548
cCREs189851	chr16	38679267	38680147	880
cCREs189858	chr16	38701737	38702251	514
cCREs189862	chr16	38709073	38709580	507
cCREs189863	chr16	38711182	38711693	511
cCREs189868	chr16	38730860	38731594	734
cCREs189875	chr16	38757924	38758950	1026
cCREs189877	chr16	38763453	38763976	523
cCREs189883	chr16	38788955	38789477	522
cCREs189884	chr16	38793039	38793954	915
cCREs190006	chr16	39196799	39197399	600
cCREs191130	chr16	44199007	44199535	528
cCREs191373	chr16	45148426	45149147	721
cCREs191378	chr16	45173802	45174331	529
cCREs191405	chr16	45282928	45283544	616
cCREs191478	chr16	45666097	45666624	527
cCREs192243	chr16	49858438	49858950	512
cCREs192366	chr16	50224892	50225409	517
cCREs192397	chr16	50366571	50367084	513
cCREs193285	chr16	55600915	55601418	503
cCREs193293	chr16	55698390	55699012	622
cCREs193349	chr16	55948847	55949377	530
cCREs193613	chr16	57317074	57317587	513
cCREs193695	chr16	57581986	57582501	515
cCREs193759	chr16	57902485	57902991	506
cCREs193843	chr16	58452944	58453691	747
cCREs193851	chr16	58476312	58476910	598
cCREs193865	chr16	58511337	58511994	657
cCREs193871	chr16	58543062	58543627	565
cCREs194777	chr16	64756221	64756742	521
cCREs195633	chr16	70326249	70327072	823
cCREs196243	chr16	73591134	73591903	769
cCREs196320	chr16	73957604	73958107	503
cCREs196756	chr16	76053446	76053954	508
cCREs196789	chr16	76218245	76218758	513
cCREs196821	chr16	76324876	76325453	577
cCREs196836	chr16	76363591	76364107	516
cCREs196877	chr16	76527516	76528041	525
cCREs196889	chr16	76603905	76604441	536
cCREs196921	chr16	76762519	76763385	866
cCREs196984	chr16	77041468	77042024	556
cCREs197047	chr16	77318110	77318617	507
cCREs197244	chr16	78182081	78182607	526
cCREs197756	chr16	81437431	81437934	503
cCREs198206	chr16	84802125	84802640	515
cCREs198328	chr16	85098984	85099908	924
cCREs198334	chr16	85113864	85114373	509
cCREs198360	chr16	85162731	85163236	505
cCREs198383	chr16	85285295	85285877	582
cCREs198845	chr16	87625253	87625761	508
cCREs198847	chr16	87638042	87638562	520
cCREs199375	chr16	90043726	90044555	829
cCREs199445	chr16	90300801	90301351	550
cCREs199456	chr16	90334033	90334575	542
cCREs199473	chr16	90396065	90397324	1259
cCREs199494	chr16	90458651	90459809	1158
cCREs199660	chr16	91002158	91002679	521
cCREs199676	chr16	91061540	91062050	510
cCREs199723	chr16	91354443	91354960	517
cCREs199724	chr16	91355120	91355635	515
cCREs199730	chr16	91367053	91367601	548
cCREs199765	chr16	91475624	91476786	1162
cCREs199776	chr16	91522036	91523373	1337
cCREs199777	chr16	91526990	91527561	571
cCREs199781	chr16	91538017	91539071	1054
cCREs199860	chr16	91825711	91826226	515
cCREs199896	chr16	91905053	91905611	558
cCREs199906	chr16	91933093	91933618	525
cCREs200033	chr16	92430625	92431203	578
cCREs200101	chr16	92692085	92692597	512
cCREs200120	chr16	92800795	92801381	586
cCREs200126	chr16	92825757	92826272	515
cCREs200135	chr16	92867153	92867807	654
cCREs200137	chr16	92883901	92884418	517
cCREs200167	chr16	93026210	93026717	507
cCREs200168	chr16	93028592	93029096	504
cCREs200207	chr16	93192749	93193267	518
cCREs200499	chr16	94559221	94559790	569
cCREs200828	chr16	95839438	95839940	502
cCREs200835	chr16	95872311	95872882	571
cCREs200849	chr16	95931423	95931932	509
cCREs201364	chr17	3156107	3156611	504
cCREs201453	chr17	3453915	3454831	916
cCREs201937	chr17	5574617	5575121	504
cCREs202007	chr17	5800291	5800800	509
cCREs202069	chr17	6007625	6008439	814
cCREs202362	chr17	7917093	7917599	506
cCREs202364	chr17	7925666	7926218	552
cCREs202392	chr17	8195530	8196190	660
cCREs202393	chr17	8199022	8199529	507
cCREs202395	chr17	8225098	8225622	524
cCREs202398	chr17	8232046	8232581	535
cCREs202404	chr17	8255563	8256154	591
cCREs202551	chr17	8867835	8868353	518
cCREs202757	chr17	9773697	9774203	506
cCREs202888	chr17	10344508	10345034	526
cCREs202893	chr17	10366885	10367542	657
cCREs202900	chr17	10383071	10383871	800
cCREs202902	chr17	10392281	10393135	854
cCREs202914	chr17	10424988	10425770	782
cCREs202915	chr17	10430818	10431691	873
cCREs202947	chr17	10558609	10559537	928
cCREs203012	chr17	10855784	10856288	504
cCREs203031	chr17	10982052	10982573	521
cCREs203559	chr17	13440845	13441658	813
cCREs203587	chr17	13659881	13660402	521
cCREs203844	chr17	14953384	14953923	539
cCREs203865	chr17	15129560	15130503	943
cCREs203896	chr17	15290232	15290810	578
cCREs203955	chr17	15657017	15657772	755
cCREs203957	chr17	15695522	15696025	503
cCREs204144	chr17	17581119	17581636	517
cCREs204156	chr17	17634029	17634533	504
cCREs204181	chr17	17900631	17901196	565
cCREs204184	chr17	18968294	18968800	506
cCREs204248	chr17	22410693	22411211	518
cCREs204286	chr17	23645042	23645597	555
cCREs204332	chr17	23966895	23967508	613
cCREs204401	chr17	24344621	24345133	512
cCREs204541	chr17	25064231	25064783	552
cCREs204544	chr17	25071472	25071991	519
cCREs204689	chr17	25677917	25678495	578
cCREs204873	chr17	26535075	26535793	718
cCREs204899	chr17	26616631	26617214	583
cCREs205022	chr17	27181610	27182121	511
cCREs205191	chr17	27851024	27851529	505
cCREs205301	chr17	28251387	28252062	675
cCREs205391	chr17	28702521	28703218	697
cCREs205402	chr17	28737872	28738418	546
cCREs205458	chr17	29009140	29009647	507
cCREs205567	chr17	29361865	29362727	862
cCREs205570	chr17	29380200	29380742	542
cCREs205572	chr17	29395322	29395859	537
cCREs205592	chr17	29513098	29513647	549
cCREs205677	chr17	29841484	29842651	1167
cCREs205961	chr17	30973159	30973828	669
cCREs205971	chr17	31020833	31021716	883
cCREs205985	chr17	31070247	31071322	1075
cCREs205988	chr17	31074581	31075241	660
cCREs206230	chr17	32053602	32054179	577
cCREs206255	chr17	32163836	32164715	879
cCREs206310	chr17	32534005	32534535	530
cCREs206314	chr17	32607970	32608518	548
cCREs206387	chr17	33563652	33564217	565
cCREs206464	chr17	34092502	34093043	541
cCREs206480	chr17	34198085	34198604	519
cCREs206489	chr17	34239570	34240078	508
cCREs206525	chr17	34564044	34565286	1242
cCREs206609	chr17	35048279	35048802	523
cCREs206610	chr17	35050008	35050624	616
cCREs206614	chr17	35064784	35065575	791
cCREs206643	chr17	35188218	35188738	520
cCREs206646	chr17	35201812	35202329	517
cCREs206749	chr17	35868112	35868646	534
cCREs206879	chr17	37022573	37023075	502
cCREs206913	chr17	37275872	37276391	519
cCREs207233	chr17	42912080	42912740	660
cCREs207234	chr17	42924612	42925130	518
cCREs207290	chr17	43137734	43138261	527
cCREs207291	chr17	43139817	43140349	532
cCREs207675	chr17	44783053	44783574	521
cCREs207852	chr17	45612874	45613397	523
cCREs208093	chr17	46802430	46802941	511
cCREs208237	chr17	47454594	47455112	518
cCREs208268	chr17	47567217	47567729	512
cCREs208286	chr17	47658698	47659288	590
cCREs208412	chr17	48324205	48324721	516
cCREs208438	chr17	48417958	48418681	723
cCREs208851	chr17	50025026	50025849	823
cCREs208966	chr17	50491436	50491950	514
cCREs209029	chr17	50729437	50729992	555
cCREs209033	chr17	50740822	50741390	568
cCREs209037	chr17	50755301	50755821	520
cCREs209082	chr17	50993573	50994086	513
cCREs209112	chr17	51209283	51210044	761
cCREs209113	chr17	51219821	51220331	510
cCREs209137	chr17	51382498	51383001	503
cCREs209438	chr17	53488545	53489088	543
cCREs209448	chr17	53570284	53570787	503
cCREs209703	chr17	55726136	55726661	525
cCREs209704	chr17	55736597	55737118	521
cCREs209705	chr17	55749732	55750249	517
cCREs209730	chr17	56023139	56023843	704
cCREs209794	chr17	56264993	56265502	509
cCREs210007	chr17	57112831	57113375	544
cCREs210039	chr17	57278839	57279362	523
cCREs210040	chr17	57280294	57280821	527
cCREs210043	chr17	57289990	57290810	820
cCREs210052	chr17	57343966	57344791	825
cCREs210053	chr17	57346883	57347409	526
cCREs211190	chr17	64668419	64668947	528
cCREs211211	chr17	64720976	64721505	529
cCREs211449	chr17	65770975	65771654	679
cCREs211454	chr17	65786170	65786696	526
cCREs211835	chr17	67179397	67179911	514
cCREs212278	chr17	69142968	69143480	512
cCREs212344	chr17	69395987	69396818	831
cCREs212714	chr17	70832524	70833026	502
cCREs212730	chr17	70924730	70925270	540
cCREs212739	chr17	70967576	70968087	511
cCREs212771	chr17	71096486	71097053	567
cCREs212775	chr17	71117934	71118445	511
cCREs212779	chr17	71127381	71127904	523
cCREs212782	chr17	71135066	71135580	514
cCREs212786	chr17	71158206	71158725	519
cCREs212824	chr17	71264713	71265249	536
cCREs212857	chr17	71485625	71487024	1399
cCREs213189	chr17	72926940	72927454	514
cCREs213227	chr17	73034354	73034891	537
cCREs213476	chr17	73952199	73952708	509
cCREs213539	chr17	74414370	74415139	769
cCREs213546	chr17	74432543	74433055	512
cCREs213550	chr17	74440435	74440965	530
cCREs213614	chr17	74802693	74803216	523
cCREs213772	chr17	75466880	75467386	506
cCREs213775	chr17	75477631	75478136	505
cCREs213776	chr17	75478812	75479334	522
cCREs213784	chr17	75518110	75518653	543
cCREs214070	chr17	77847720	77848272	552
cCREs214087	chr17	77969133	77969637	504
cCREs214185	chr17	78326289	78326906	617
cCREs214202	chr17	78362213	78362863	650
cCREs214219	chr17	78407549	78408060	511
cCREs214225	chr17	78419141	78419666	525
cCREs214329	chr17	78917644	78918207	563
cCREs214409	chr17	79303200	79303705	505
cCREs214612	chr17	80138379	80139256	877
cCREs214635	chr17	80236771	80237278	507
cCREs214654	chr17	80323694	80324339	645
cCREs214702	chr17	80563663	80564183	520
cCREs215051	chr17	81712385	81712919	534
cCREs215305	chr17	83212352	83212929	577
cCREs215484	chr17	83908651	83909215	564
cCREs215488	chr17	83918354	83919151	797
cCREs215535	chr17	84042912	84043606	694
cCREs215546	chr17	84071773	84072281	508
cCREs215548	chr17	84073933	84075114	1181
cCREs215560	chr17	84107930	84108442	512
cCREs215564	chr17	84118175	84118679	504
cCREs215565	chr17	84118803	84119596	793
cCREs215566	chr17	84126046	84126627	581
cCREs215572	chr17	84145368	84146342	974
cCREs215619	chr17	84293004	84293590	586
cCREs215777	chr17	84935563	84936076	513
cCREs215779	chr17	84939929	84940822	893
cCREs215901	chr17	85488686	85489196	510
cCREs216146	chr17	86446950	86447554	604
cCREs216357	chr17	87246868	87247422	554
cCREs216364	chr17	87283727	87284237	510
cCREs216368	chr17	87301544	87302058	514
cCREs216432	chr17	87550417	87551289	872
cCREs216512	chr17	87984419	87985291	872
cCREs216576	chr17	88340977	88342044	1067
cCREs216612	chr17	88545141	88545673	532
cCREs216618	chr17	88556167	88556686	519
cCREs216619	chr17	88557000	88557507	507
cCREs216628	chr17	88576651	88577153	502
cCREs217664	chr18	4247250	4247761	511
cCREs217666	chr18	4256389	4256901	512
cCREs217677	chr18	4333557	4334074	517
cCREs217689	chr18	4367062	4367609	547
cCREs217707	chr18	4443394	4444248	854
cCREs217849	chr18	4987025	4987985	960
cCREs217998	chr18	5536707	5537235	528
cCREs218221	chr18	6774100	6775080	980
cCREs218462	chr18	8376583	8377491	908
cCREs219045	chr18	11822221	11822745	524
cCREs219151	chr18	12141261	12141787	526
cCREs219340	chr18	12808154	12809139	985
cCREs219426	chr18	13122015	13122516	501
cCREs219767	chr18	14705908	14706414	506
cCREs219878	chr18	15194471	15194972	501
cCREs219882	chr18	15202135	15202636	501
cCREs220773	chr18	20735392	20736243	851
cCREs221549	chr18	24141803	24142862	1059
cCREs221560	chr18	24185528	24186034	506
cCREs221568	chr18	24214875	24215391	516
cCREs222079	chr18	25904581	25905427	846
cCREs223302	chr18	32311646	32312180	534
cCREs223314	chr18	32352527	32353055	528
cCREs223328	chr18	32389585	32390465	880
cCREs223334	chr18	32405243	32405756	513
cCREs223342	chr18	32430574	32431099	525
cCREs223429	chr18	32857099	32857914	815
cCREs223633	chr18	33720201	33720738	537
cCREs223815	chr18	34377670	34378468	798
cCREs223903	chr18	34856148	34856654	506
cCREs223947	chr18	35063270	35063777	507
cCREs224113	chr18	35721904	35722692	788
cCREs224133	chr18	35828336	35828865	529
cCREs224320	chr18	36472205	36472707	502
cCREs224358	chr18	36699453	36700007	554
cCREs224359	chr18	36700307	36700843	536
cCREs224362	chr18	36719847	36720402	555
cCREs224368	chr18	36748995	36749780	785
cCREs224501	chr18	37997355	37997901	546
cCREs224502	chr18	37998296	37999033	737
cCREs224595	chr18	38269119	38269642	523
cCREs224618	chr18	38364849	38365362	513
cCREs224632	chr18	38396737	38397381	644
cCREs224672	chr18	38575879	38576660	781
cCREs224873	chr18	39185455	39186102	647
cCREs224895	chr18	39248935	39249466	531
cCREs224956	chr18	39416333	39417177	844
cCREs225214	chr18	40440443	40440963	520
cCREs226109	chr18	44607499	44608429	930
cCREs226150	chr18	44757640	44758457	817
cCREs226154	chr18	44780782	44781285	503
cCREs226447	chr18	46173833	46174340	507
cCREs226449	chr18	46179164	46179680	516
cCREs226516	chr18	46458085	46458612	527
cCREs226534	chr18	46535076	46535607	531
cCREs226545	chr18	46572790	46573299	509
cCREs226638	chr18	46963354	46963871	517
cCREs226716	chr18	47219210	47219852	642
cCREs226925	chr18	47944624	47945134	510
cCREs227306	chr18	50038039	50038852	813
cCREs227324	chr18	50088648	50089176	528
cCREs227336	chr18	50125516	50126532	1016
cCREs227807	chr18	52683879	52684710	831
cCREs227821	chr18	52750721	52751254	533
cCREs227922	chr18	53187060	53187617	557
cCREs227928	chr18	53229081	53229650	569
cCREs227951	chr18	53311923	53312429	506
cCREs227997	chr18	53497548	53498827	1279
cCREs228448	chr18	55197190	55197699	509
cCREs228875	chr18	56932709	56933238	529
cCREs229592	chr18	60210504	60211018	514
cCREs229593	chr18	60211744	60212513	769
cCREs229733	chr18	60751945	60752480	535
cCREs229768	chr18	60843718	60844320	602
cCREs229975	chr18	61401615	61402147	532
cCREs230078	chr18	61758507	61759330	823
cCREs230182	chr18	62044028	62044534	506
cCREs230198	chr18	62092485	62093027	542
cCREs230349	chr18	62719878	62720469	591
cCREs230745	chr18	64510876	64511381	505
cCREs230849	chr18	64919222	64919903	681
cCREs231034	chr18	65502706	65503230	524
cCREs231035	chr18	65505068	65505652	584
cCREs231053	chr18	65554847	65555416	569
cCREs231113	chr18	65693138	65694017	879
cCREs231146	chr18	65802129	65802711	582
cCREs231291	chr18	66467764	66468266	502
cCREs231296	chr18	66478097	66478629	532
cCREs231494	chr18	67365748	67366252	504
cCREs231625	chr18	67938611	67939155	544
cCREs231728	chr18	68208446	68208950	504
cCREs231894	chr18	68889404	68889923	519
cCREs232046	chr18	69436985	69437532	547
cCREs232154	chr18	69663024	69663945	921
cCREs232166	chr18	69680521	69681103	582
cCREs232365	chr18	70622232	70622926	694
cCREs232899	chr18	73501811	73502395	584
cCREs232956	chr18	73746303	73746992	689
cCREs233245	chr18	74879901	74880432	531
cCREs233302	chr18	75043810	75044339	529
cCREs233770	chr18	76933220	76933739	519
cCREs234001	chr18	77837447	77837966	519
cCREs234004	chr18	77856510	77857041	531
cCREs234065	chr18	78141933	78142475	542
cCREs234066	chr18	78142507	78143012	505
cCREs234392	chr18	79270405	79271146	741
cCREs234396	chr18	79293310	79294229	919
cCREs234401	chr18	79327080	79328104	1024
cCREs234463	chr18	79758679	79759362	683
cCREs234484	chr18	79980862	79981375	513
cCREs234548	chr18	80196086	80196606	520
cCREs234564	chr18	80254960	80255481	521
cCREs234615	chr18	80408560	80409097	537
cCREs234670	chr18	80611870	80612630	760
cCREs234697	chr18	80691464	80692262	798
cCREs234700	chr18	80702350	80703106	756
cCREs234713	chr18	80738830	80739354	524
cCREs235058	chr18	82504900	82505406	506
cCREs235163	chr18	82762644	82763502	858
cCREs235194	chr18	82876224	82876747	523
cCREs235227	chr18	82976523	82977067	544
cCREs235386	chr18	83817405	83817924	519
cCREs235388	chr18	83828313	83828839	526
cCREs235395	chr18	83853704	83854247	543
cCREs235600	chr18	84681774	84682294	520
cCREs236268	chr18	88824479	88824992	513
cCREs236272	chr18	88838198	88838727	529
cCREs236294	chr18	88932025	88932553	528
cCREs236548	chr19	3378546	3379055	509
cCREs236610	chr19	3687551	3688109	558
cCREs236634	chr19	3880358	3880910	552
cCREs236644	chr19	3914484	3915028	544
cCREs236646	chr19	3923292	3924510	1218
cCREs236650	chr19	3931603	3932122	519
cCREs236696	chr19	4164481	4164988	507
cCREs236723	chr19	4283629	4284132	503
cCREs236726	chr19	4294243	4294991	748
cCREs236922	chr19	5408221	5408901	680
cCREs236967	chr19	5660701	5661961	1260
cCREs236978	chr19	5711842	5712364	522
cCREs236982	chr19	5726053	5726587	534
cCREs237088	chr19	6299410	6299928	518
cCREs237101	chr19	6349040	6349925	885
cCREs237198	chr19	6665159	6665661	502
cCREs237204	chr19	6679676	6680316	640
cCREs237219	chr19	6857975	6858479	504
cCREs237234	chr19	6946657	6947179	522
cCREs237249	chr19	7017612	7018146	534
cCREs237315	chr19	7225825	7227063	1238
cCREs237407	chr19	8019815	8020417	602
cCREs237476	chr19	8806787	8807332	545
cCREs237479	chr19	8829571	8830114	543
cCREs237582	chr19	9917720	9918231	511
cCREs237588	chr19	9931076	9931578	502
cCREs237589	chr19	9936481	9936993	512
cCREs237599	chr19	9974832	9975339	507
cCREs237682	chr19	10279606	10280137	531
cCREs237934	chr19	11469176	11469685	509
cCREs237941	chr19	11517301	11517840	539
cCREs237942	chr19	11518314	11518824	510
cCREs237947	chr19	11540059	11540573	514
cCREs237956	chr19	11604544	11605081	537
cCREs237967	chr19	11766394	11766913	519
cCREs238012	chr19	11989229	11989787	558
cCREs238023	chr19	12013140	12013647	507
cCREs238025	chr19	12024093	12024602	509
cCREs238065	chr19	12440077	12440863	786
cCREs238066	chr19	12442503	12443014	511
cCREs238068	chr19	12444913	12445434	521
cCREs238071	chr19	12460838	12461342	504
cCREs238095	chr19	12574076	12574585	509
cCREs238266	chr19	14585217	14586563	1346
cCREs238549	chr19	16149018	16149555	537
cCREs238575	chr19	16222399	16223046	647
cCREs238628	chr19	16407670	16408210	540
cCREs238641	chr19	16456112	16456634	522
cCREs238754	chr19	17125351	17125853	502
cCREs238755	chr19	17131066	17131576	510
cCREs238795	chr19	17252758	17253328	570
cCREs238803	chr19	17275815	17276332	517
cCREs238812	chr19	17319705	17320238	533
cCREs238817	chr19	17333758	17334264	506
cCREs238819	chr19	17344818	17345321	503
cCREs239463	chr19	21065972	21066856	884
cCREs239471	chr19	21115681	21116199	518
cCREs239478	chr19	21144475	21145148	673
cCREs239484	chr19	21175513	21176022	509
cCREs239486	chr19	21179804	21180306	502
cCREs239597	chr19	21645988	21646736	748
cCREs239642	chr19	21817967	21818730	763
cCREs240267	chr19	24155995	24156515	520
cCREs240270	chr19	24163641	24164471	830
cCREs240498	chr19	24988750	24989272	522
cCREs240499	chr19	24990334	24990840	506
cCREs240505	chr19	25036739	25037733	994
cCREs240508	chr19	25052181	25052707	526
cCREs240520	chr19	25096221	25097870	1649
cCREs240530	chr19	25138043	25138945	902
cCREs240543	chr19	25210859	25211834	975
cCREs241363	chr19	28777558	28778359	801
cCREs241539	chr19	29430427	29431394	967
cCREs242046	chr19	31950694	31951511	817
cCREs242104	chr19	32214835	32215356	521
cCREs242116	chr19	32252546	32253096	550
cCREs242138	chr19	32303928	32304492	564
cCREs242152	chr19	32330157	32330701	544
cCREs242159	chr19	32348870	32349726	856
cCREs242227	chr19	32637269	32638009	740
cCREs242299	chr19	32950748	32951278	530
cCREs242310	chr19	32990452	32991046	594
cCREs242349	chr19	33119915	33120417	502
cCREs242469	chr19	34194309	34194814	505
cCREs242482	chr19	34219209	34220077	868
cCREs242532	chr19	34464398	34464903	505
cCREs242547	chr19	34515614	34516118	504
cCREs242824	chr19	36006230	36006752	522
cCREs243168	chr19	37436448	37436968	520
cCREs243632	chr19	40628895	40629413	518
cCREs243635	chr19	40637609	40638110	501
cCREs243637	chr19	40647131	40647935	804
cCREs243641	chr19	40661067	40661577	510
cCREs243651	chr19	40693249	40693776	527
cCREs243713	chr19	40993319	40993821	502
cCREs243796	chr19	41321088	41321599	511
cCREs243797	chr19	41332150	41332651	501
cCREs243798	chr19	41339187	41339901	714
cCREs243799	chr19	41341594	41342116	522
cCREs243806	chr19	41369740	41370252	512
cCREs243810	chr19	41381534	41382051	517
cCREs243814	chr19	41402495	41403021	526
cCREs243818	chr19	41445316	41446089	773
cCREs243914	chr19	41773873	41774851	978
cCREs243953	chr19	42005579	42006081	502
cCREs243960	chr19	42018827	42019441	614
cCREs244268	chr19	43520314	43520838	524
cCREs244300	chr19	43679467	43680001	534
cCREs244345	chr19	43884599	43885546	947
cCREs244574	chr19	45242065	45242596	531
cCREs244691	chr19	45790512	45791257	745
cCREs244841	chr19	46454961	46455507	546
cCREs244855	chr19	46486650	46487157	507
cCREs244868	chr19	46522387	46522890	503
cCREs244930	chr19	46759035	46759538	503
cCREs245063	chr19	47224703	47225214	511
cCREs245074	chr19	47263568	47264084	516
cCREs245134	chr19	47432297	47432894	597
cCREs245139	chr19	47446695	47447546	851
cCREs245155	chr19	47511812	47512377	565
cCREs246207	chr19	53128286	53129326	1040
cCREs246236	chr19	53216523	53217305	782
cCREs246249	chr19	53250916	53251444	528
cCREs246266	chr19	53331809	53332470	661
cCREs246289	chr19	53424529	53425209	680
cCREs246418	chr19	53854935	53855444	509
cCREs246670	chr19	55084903	55085406	503
cCREs246797	chr19	55562806	55563509	703
cCREs246820	chr19	55649312	55649822	510
cCREs246822	chr19	55660085	55660618	533
cCREs246829	chr19	55700605	55701441	836
cCREs246858	chr19	55827557	55828671	1114
cCREs247038	chr19	56600712	56601238	526
cCREs247272	chr19	57355322	57355850	528
cCREs248144	chr19	61244658	61245206	548
cCREs248147	chr19	61265284	61265802	518
cCREs248298	chr2	3760169	3760700	531
cCREs248305	chr2	3788286	3788790	504
cCREs248449	chr2	4449759	4450523	764
cCREs248452	chr2	4457629	4458130	501
cCREs248803	chr2	5804336	5804866	530
cCREs248806	chr2	5811355	5812207	852
cCREs248927	chr2	6363101	6363629	528
cCREs249910	chr2	11196884	11197391	507
cCREs249954	chr2	11398335	11399030	695
cCREs250028	chr2	11708419	11708948	529
cCREs250036	chr2	11739430	11739943	513
cCREs250045	chr2	11771582	11772113	531
cCREs250086	chr2	12084293	12084826	533
cCREs250545	chr2	14228980	14229621	641
cCREs250548	chr2	14249768	14250609	841
cCREs250608	chr2	14631528	14632031	503
cCREs250718	chr2	15028839	15029383	544
cCREs250855	chr2	16135400	16135917	517
cCREs250880	chr2	16334316	16334817	501
cCREs250919	chr2	16456891	16457568	677
cCREs251029	chr2	17065057	17065909	852
cCREs251224	chr2	17870483	17870990	507
cCREs251231	chr2	17885885	17886400	515
cCREs251246	chr2	17951889	17952396	507
cCREs251397	chr2	18835467	18835969	502
cCREs251417	chr2	18903382	18904148	766
cCREs251451	chr2	19004738	19005239	501
cCREs251460	chr2	19059202	19059714	512
cCREs251512	chr2	19351540	19352330	790
cCREs252200	chr2	22746740	22747544	804
cCREs252202	chr2	22752457	22752965	508
cCREs252212	chr2	22790311	22790888	577
cCREs252379	chr2	24311557	24312089	532
cCREs252521	chr2	24926931	24927474	543
cCREs252571	chr2	25194302	25195085	783
cCREs252820	chr2	26360684	26361210	526
cCREs252844	chr2	26482710	26483934	1224
cCREs252863	chr2	26534361	26535052	691
cCREs252924	chr2	26941418	26941958	540
cCREs253013	chr2	27308267	27308872	605
cCREs253021	chr2	27326934	27327474	540
cCREs253032	chr2	27350298	27350820	522
cCREs253050	chr2	27404186	27405295	1109
cCREs253054	chr2	27417607	27419392	1785
cCREs253084	chr2	27554367	27554870	503
cCREs253088	chr2	27563680	27564195	515
cCREs253112	chr2	27687878	27688450	572
cCREs253122	chr2	27716136	27716904	768
cCREs253133	chr2	27744967	27745497	530
cCREs253138	chr2	27762434	27762943	509
cCREs253216	chr2	28092030	28092534	504
cCREs253344	chr2	28479087	28479599	512
cCREs253429	chr2	28841649	28842183	534
cCREs253782	chr2	30407115	30407631	516
cCREs253849	chr2	30678914	30679475	561
cCREs253952	chr2	31060808	31061599	791
cCREs253953	chr2	31062088	31062666	578
cCREs253984	chr2	31162013	31162521	508
cCREs254119	chr2	31726684	31727186	502
cCREs254333	chr2	32506682	32507571	889
cCREs254363	chr2	32590149	32590655	506
cCREs254377	chr2	32637916	32638419	503
cCREs254484	chr2	32992044	32992556	512
cCREs254750	chr2	33838262	33838783	521
cCREs255043	chr2	35195852	35196680	828
cCREs255102	chr2	35433348	35433882	534
cCREs255104	chr2	35441883	35442708	825
cCREs255108	chr2	35449631	35450151	520
cCREs255125	chr2	35495340	35496346	1006
cCREs255357	chr2	36216424	36217405	981
cCREs255367	chr2	36244640	36245174	534
cCREs255372	chr2	36272242	36273022	780
cCREs255584	chr2	38207711	38208218	507
cCREs255643	chr2	38483302	38483818	516
cCREs256477	chr2	43727381	43728419	1038
cCREs256678	chr2	44504242	44504762	520
cCREs256776	chr2	44962142	44962655	513
cCREs256874	chr2	45236110	45236622	512
cCREs256875	chr2	45238615	45239432	817
cCREs256884	chr2	45261874	45262377	503
cCREs256886	chr2	45269980	45270515	535
cCREs256887	chr2	45276667	45277278	611
cCREs256944	chr2	45534703	45535490	787
cCREs257060	chr2	46251461	46252034	573
cCREs257538	chr2	49416863	49417776	913
cCREs257542	chr2	49424708	49425259	551
cCREs257929	chr2	50841832	50842368	536
cCREs258334	chr2	52523016	52523554	538
cCREs259006	chr2	56304809	56305332	523
cCREs259160	chr2	57330639	57331333	694
cCREs259333	chr2	58183597	58184100	503
cCREs259339	chr2	58196763	58197315	552
cCREs259829	chr2	59802590	59803148	558
cCREs259879	chr2	59974922	59976219	1297
cCREs259880	chr2	59976463	59976965	502
cCREs259904	chr2	60046025	60046614	589
cCREs259930	chr2	60176009	60176536	527
cCREs259947	chr2	60288543	60289045	502
cCREs260062	chr2	60810524	60811041	517
cCREs260068	chr2	60821567	60822070	503
cCREs260096	chr2	60883714	60884427	713
cCREs260999	chr2	65188474	65189025	551
cCREs261724	chr2	68382283	68382817	534
cCREs261822	chr2	68824791	68825800	1009
cCREs262090	chr2	69856362	69856875	513
cCREs262346	chr2	70885648	70886175	527
cCREs262541	chr2	71662908	71663464	556
cCREs262578	chr2	71813970	71814595	625
cCREs262589	chr2	71843185	71843805	620
cCREs262594	chr2	71865723	71867060	1337
cCREs262766	chr2	72322934	72323499	565
cCREs262782	chr2	72379105	72379865	760
cCREs263070	chr2	73495672	73496604	932
cCREs263087	chr2	73554084	73554858	774
cCREs263513	chr2	75697917	75698448	531
cCREs263520	chr2	75731043	75731612	569
cCREs263521	chr2	75733073	75733680	607
cCREs263527	chr2	75763249	75763763	514
cCREs263530	chr2	75775109	75775632	523
cCREs263534	chr2	75792327	75793153	826
cCREs263543	chr2	75828808	75829458	650
cCREs264373	chr2	79132122	79132660	538
cCREs264387	chr2	79180614	79181336	722
cCREs264401	chr2	79227883	79228411	528
cCREs264542	chr2	79741900	79742429	529
cCREs264753	chr2	80524131	80524799	668
cCREs265350	chr2	84266741	84267279	538
cCREs265369	chr2	84355211	84355721	510
cCREs265386	chr2	84426149	84426920	771
cCREs265392	chr2	84459593	84460388	795
cCREs265399	chr2	84476521	84477051	530
cCREs265413	chr2	84523904	84524425	521
cCREs265444	chr2	84638285	84638867	582
cCREs265449	chr2	84655708	84656504	796
cCREs265525	chr2	84999440	84999970	530
cCREs265537	chr2	85027216	85027723	507
cCREs265584	chr2	85163725	85164240	515
cCREs265678	chr2	85957955	85959148	1193
cCREs265899	chr2	90478501	90479008	507
cCREs265943	chr2	90577595	90578346	751
cCREs265959	chr2	90649911	90650447	536
cCREs265966	chr2	90673241	90673766	525
cCREs266052	chr2	91051879	91052389	510
cCREs266061	chr2	91082826	91083390	564
cCREs266063	chr2	91086263	91086783	520
cCREs266067	chr2	91096480	91097452	972
cCREs266068	chr2	91098117	91098627	510
cCREs266099	chr2	91206219	91207050	831
cCREs266171	chr2	91484658	91485176	518
cCREs266285	chr2	91965359	91965911	552
cCREs266351	chr2	92253703	92254226	523
cCREs266355	chr2	92259974	92260489	515
cCREs266417	chr2	92483460	92483962	502
cCREs266453	chr2	92605965	92606514	549
cCREs266775	chr2	93589816	93590333	517
cCREs267897	chr2	101175078	101175581	503
cCREs268025	chr2	101766542	101767139	597
cCREs268058	chr2	101881405	101882200	795
cCREs268485	chr2	103145790	103147016	1226
cCREs268487	chr2	103153228	103153736	508
cCREs268540	chr2	103342073	103342587	514
cCREs268613	chr2	103605790	103606292	502
cCREs268637	chr2	103671966	103673114	1148
cCREs268694	chr2	103901437	103901969	532
cCREs268704	chr2	103944868	103945386	518
cCREs268708	chr2	103955626	103956148	522
cCREs268710	chr2	103965417	103965919	502
cCREs268712	chr2	103971628	103972246	618
cCREs270537	chr2	113447210	113448567	1357
cCREs270633	chr2	113820055	113820569	514
cCREs271328	chr2	116932174	116932726	552
cCREs271329	chr2	116942282	116943425	1143
cCREs271343	chr2	116989250	116989754	504
cCREs271344	chr2	116990031	116990575	544
cCREs271375	chr2	117107922	117108480	558
cCREs271565	chr2	117852362	117852874	512
cCREs271580	chr2	117913811	117914322	511
cCREs271600	chr2	118007772	118008475	703
cCREs271601	chr2	118011635	118012153	518
cCREs271646	chr2	118158068	118158570	502
cCREs271742	chr2	118490075	118491069	994
cCREs271749	chr2	118512905	118513427	522
cCREs271753	chr2	118522196	118522728	532
cCREs271838	chr2	118804420	118804944	524
cCREs272048	chr2	120008614	120009152	538
cCREs272072	chr2	120110763	120111294	531
cCREs272142	chr2	120469185	120470163	978
cCREs272164	chr2	120578248	120578751	503
cCREs272173	chr2	120631936	120632443	507
cCREs272464	chr2	122132035	122132553	518
cCREs272468	chr2	122148451	122148963	512
cCREs272534	chr2	122570410	122570919	509
cCREs272536	chr2	122572346	122572879	533
cCREs272555	chr2	122652069	122652869	800
cCREs272587	chr2	122779921	122780854	933
cCREs272976	chr2	124575984	124576487	503
cCREs272992	chr2	124621899	124622460	561
cCREs273246	chr2	125579340	125580129	789
cCREs273305	chr2	125795041	125795554	513
cCREs273439	chr2	126475603	126476119	516
cCREs273544	chr2	127006555	127007057	502
cCREs273566	chr2	127113625	127114431	806
cCREs273571	chr2	127137028	127137535	507
cCREs273580	chr2	127183988	127184527	539
cCREs273657	chr2	127523883	127524856	973
cCREs273794	chr2	128179367	128180400	1033
cCREs273840	chr2	128392310	128393284	974
cCREs273917	chr2	128719298	128719819	521
cCREs273927	chr2	128770897	128771496	599
cCREs273934	chr2	128803379	128803889	510
cCREs274051	chr2	129310580	129311083	503
cCREs274116	chr2	129585662	129586540	878
cCREs274415	chr2	130784848	130785366	518
cCREs274478	chr2	131090778	131091318	540
cCREs274576	chr2	131502503	131503015	512
cCREs274582	chr2	131517486	131517998	512
cCREs274725	chr2	132019198	132020008	810
cCREs274728	chr2	132027302	132027896	594
cCREs274801	chr2	132266010	132267198	1188
cCREs274806	chr2	132274689	132275216	527
cCREs274916	chr2	132695580	132696142	562
cCREs275085	chr2	133480409	133480920	511
cCREs275089	chr2	133495105	133495900	795
cCREs275090	chr2	133497711	133498221	510
cCREs275586	chr2	135725144	135725870	726
cCREs275938	chr2	136936321	136937349	1028
cCREs276236	chr2	138262794	138263314	520
cCREs276775	chr2	140778139	140778653	514
cCREs276777	chr2	140784543	140785074	531
cCREs277353	chr2	143081609	143082199	590
cCREs277600	chr2	143978340	143979187	847
cCREs277608	chr2	144004651	144005634	983
cCREs277665	chr2	144213714	144214222	508
cCREs277683	chr2	144265854	144266357	503
cCREs277704	chr2	144337665	144338173	508
cCREs277966	chr2	145370430	145371210	780
cCREs278078	chr2	145740550	145741241	691
cCREs278100	chr2	145821935	145822469	534
cCREs278111	chr2	145862890	145863612	722
cCREs278112	chr2	145866656	145867188	532
cCREs278152	chr2	146010686	146011205	519
cCREs278679	chr2	148492080	148492633	553
cCREs278707	chr2	148567788	148568465	677
cCREs278792	chr2	148876967	148877836	869
cCREs278795	chr2	148888888	148889475	587
cCREs278987	chr2	150135140	150135922	782
cCREs279023	chr2	150656050	150657043	993
cCREs279030	chr2	150669587	150670107	520
cCREs279033	chr2	150673727	150674339	612
cCREs279072	chr2	150822946	150823460	514
cCREs279092	chr2	150869385	150869899	514
cCREs279123	chr2	150979811	150980382	571
cCREs279524	chr2	153084123	153084678	555
cCREs279527	chr2	153090170	153091238	1068
cCREs279530	chr2	153108767	153109284	517
cCREs279531	chr2	153116996	153117682	686
cCREs279550	chr2	153214601	153215144	543
cCREs279575	chr2	153319099	153319701	602
cCREs279645	chr2	153543817	153544772	955
cCREs279856	chr2	154657801	154658309	508
cCREs279985	chr2	155367549	155368104	555
cCREs280066	chr2	155750881	155751837	956
cCREs280127	chr2	155978986	155979767	781
cCREs280325	chr2	156729505	156730274	769
cCREs280428	chr2	157071454	157071981	527
cCREs280432	chr2	157081512	157082409	897
cCREs280491	chr2	157366741	157367269	528
cCREs280516	chr2	157428338	157428933	595
cCREs280605	chr2	157744546	157745054	508
cCREs280749	chr2	158166536	158167048	512
cCREs280752	chr2	158174402	158174932	530
cCREs280884	chr2	158665979	158666828	849
cCREs281102	chr2	159784632	159785141	509
cCREs281144	chr2	160018941	160019450	509
cCREs281147	chr2	160044493	160045019	526
cCREs281167	chr2	160152035	160152536	501
cCREs281178	chr2	160210467	160211013	546
cCREs281185	chr2	160236721	160238236	1515
cCREs281193	chr2	160275863	160276690	827
cCREs281200	chr2	160326925	160327579	654
cCREs281202	chr2	160350858	160351664	806
cCREs281263	chr2	160627104	160627612	508
cCREs281272	chr2	160667271	160667776	505
cCREs281968	chr2	163595964	163596807	843
cCREs281980	chr2	163641621	163642152	531
cCREs281981	chr2	163642621	163643141	520
cCREs281986	chr2	163662616	163663122	506
cCREs282006	chr2	163710690	163711226	536
cCREs282020	chr2	163761349	163761851	502
cCREs282167	chr2	164441069	164441605	536
cCREs282257	chr2	164866876	164867726	850
cCREs282380	chr2	165285550	165286090	540
cCREs282548	chr2	165852411	165852953	542
cCREs282571	chr2	165922311	165922917	606
cCREs282572	chr2	165927679	165928233	554
cCREs282575	chr2	165947518	165948470	952
cCREs282576	chr2	165949599	165950123	524
cCREs282578	chr2	165954771	165955361	590
cCREs282724	chr2	166419971	166420756	785
cCREs282732	chr2	166446490	166447019	529
cCREs282780	chr2	166627517	166628050	533
cCREs282823	chr2	166745749	166746668	919
cCREs282857	chr2	166874826	166875329	503
cCREs282865	chr2	166900729	166901279	550
cCREs282885	chr2	166966819	166967427	608
cCREs282989	chr2	167368330	167368886	556
cCREs282991	chr2	167375114	167375635	521
cCREs283069	chr2	167649126	167649812	686
cCREs283100	chr2	167759920	167760422	502
cCREs283111	chr2	167805456	167805999	543
cCREs283112	chr2	167814934	167815577	643
cCREs283309	chr2	168538995	168539516	521
cCREs283318	chr2	168563114	168563664	550
cCREs283320	chr2	168569917	168570420	503
cCREs283321	chr2	168573820	168574321	501
cCREs283324	chr2	168579020	168579521	501
cCREs283685	chr2	170168866	170169594	728
cCREs283687	chr2	170174097	170174896	799
cCREs283693	chr2	170195450	170195985	535
cCREs283694	chr2	170201664	170202450	786
cCREs283704	chr2	170239014	170239782	768
cCREs283730	chr2	170329736	170330272	536
cCREs283734	chr2	170345449	170345987	538
cCREs283986	chr2	171632913	171634084	1171
cCREs284157	chr2	172406065	172406901	836
cCREs284161	chr2	172420318	172420857	539
cCREs284357	chr2	173337582	173338106	524
cCREs284397	chr2	173528069	173528996	927
cCREs284467	chr2	173784335	173784866	531
cCREs284595	chr2	174435967	174436750	783
cCREs284596	chr2	174437542	174438113	571
cCREs284752	chr2	178020662	178021168	506
cCREs284873	chr2	178505963	178506474	511
cCREs285237	chr2	179937032	179937559	527
cCREs285349	chr2	180442027	180442765	738
cCREs285422	chr2	180726613	180727121	508
cCREs285599	chr2	181483400	181483978	578
cCREs285601	chr2	181487154	181488368	1214
cCREs285606	chr2	181536334	181536865	531
cCREs286284	chr3	8969494	8970019	525
cCREs286300	chr3	9005451	9005973	522
cCREs286441	chr3	9597979	9598524	545
cCREs286451	chr3	9644187	9644695	508
cCREs286517	chr3	9828577	9829084	507
cCREs286528	chr3	9861093	9861881	788
cCREs287663	chr3	18319412	18319931	519
cCREs287973	chr3	19987960	19988467	507
cCREs287984	chr3	20017504	20018474	970
cCREs288158	chr3	21128769	21129299	530
cCREs288315	chr3	21806371	21806925	554
cCREs288416	chr3	22152717	22153223	506
cCREs288443	chr3	22239200	22239727	527
cCREs289233	chr3	27081171	27081956	785
cCREs289279	chr3	27258264	27258870	606
cCREs289286	chr3	27280102	27281048	946
cCREs289326	chr3	27449342	27449873	531
cCREs289385	chr3	27617709	27618250	541
cCREs289401	chr3	27650047	27650598	551
cCREs289497	chr3	28039668	28040237	569
cCREs289503	chr3	28080896	28081467	571
cCREs290135	chr3	30864538	30865052	514
cCREs290292	chr3	31389883	31390386	503
cCREs290893	chr3	34033690	34034195	505
cCREs291276	chr3	35732128	35732927	799
cCREs291541	chr3	37139083	37139603	520
cCREs291542	chr3	37140101	37140955	854
cCREs291586	chr3	37332083	37332601	518
cCREs291632	chr3	37556277	37557244	967
cCREs291768	chr3	38094300	38095092	792
cCREs292326	chr3	40698793	40699297	504
cCREs292327	chr3	40704681	40705553	872
cCREs292482	chr3	41412612	41413164	552
cCREs292528	chr3	41587470	41588003	533
cCREs293355	chr3	48080557	48081062	505
cCREs293359	chr3	48100817	48101328	511
cCREs293712	chr3	50406713	50407228	515
cCREs293762	chr3	50628038	50628775	737
cCREs293993	chr3	51413235	51413750	515
cCREs294116	chr3	51846257	51846801	544
cCREs294163	chr3	51999996	52000524	528
cCREs294587	chr3	53460058	53460560	502
cCREs294790	chr3	54248200	54248953	753
cCREs294823	chr3	54360810	54361369	559
cCREs294876	chr3	54589919	54590427	508
cCREs294895	chr3	54681510	54682013	503
cCREs294899	chr3	54708869	54709453	584
cCREs294906	chr3	54724035	54724600	565
cCREs295677	chr3	57673401	57673999	598
cCREs295851	chr3	58511527	58512057	530
cCREs295982	chr3	59054784	59055304	520
cCREs296042	chr3	59211701	59212212	511
cCREs296048	chr3	59225366	59225880	514
cCREs296149	chr3	60080521	60081025	504
cCREs296190	chr3	60320152	60320657	505
cCREs296218	chr3	60481653	60482470	817
cCREs296278	chr3	60627528	60628045	517
cCREs297538	chr3	67576208	67576734	526
cCREs297947	chr3	69156390	69156895	505
cCREs297961	chr3	69223547	69224069	522
cCREs298091	chr3	69606375	69607611	1236
cCREs298102	chr3	69674143	69674650	507
cCREs298103	chr3	69679682	69680213	531
cCREs299444	chr3	79173021	79173935	914
cCREs299474	chr3	79233721	79234490	769
cCREs299562	chr3	79484305	79485181	876
cCREs299592	chr3	79572343	79572873	530
cCREs299658	chr3	79843932	79844442	510
cCREs300602	chr3	83811873	83812410	537
cCREs300605	chr3	83823718	83824274	556
cCREs300607	chr3	83839398	83839936	538
cCREs300637	chr3	83947401	83947904	503
cCREs300861	chr3	84714920	84715448	528
cCREs301360	chr3	86741029	86741544	515
cCREs301446	chr3	87017643	87018159	516
cCREs301513	chr3	87255169	87255706	537
cCREs301526	chr3	87401347	87401867	520
cCREs301544	chr3	87515431	87516045	614
cCREs301546	chr3	87521076	87521589	513
cCREs301602	chr3	87765034	87765584	550
cCREs301758	chr3	88442813	88443374	561
cCREs301768	chr3	88459989	88460507	518
cCREs301965	chr3	89347040	89347595	555
cCREs301974	chr3	89384682	89385903	1221
cCREs302091	chr3	89796280	89796789	509
cCREs302092	chr3	89801384	89801903	519
cCREs302098	chr3	89843038	89843583	545
cCREs302099	chr3	89847606	89848125	519
cCREs302105	chr3	89863558	89864590	1032
cCREs302121	chr3	89911135	89911640	505
cCREs302147	chr3	90081204	90081966	762
cCREs302154	chr3	90125726	90126228	502
cCREs302495	chr3	93552188	93552892	704
cCREs302607	chr3	94609550	94610081	531
cCREs302634	chr3	94814285	94815131	846
cCREs302709	chr3	95139490	95140037	547
cCREs302771	chr3	95457716	95458585	869
cCREs302785	chr3	95521137	95521643	506
cCREs302787	chr3	95529780	95530283	503
cCREs302802	chr3	95645175	95645754	579
cCREs302818	chr3	95707463	95707992	529
cCREs302828	chr3	95740197	95740948	751
cCREs302865	chr3	95977036	95977620	584
cCREs302870	chr3	95990301	95990912	611
cCREs302874	chr3	95994421	95994936	515
cCREs302886	chr3	96032359	96032961	602
cCREs302952	chr3	96293251	96294253	1002
cCREs302953	chr3	96300625	96301576	951
cCREs302986	chr3	96559285	96559792	507
cCREs302988	chr3	96564080	96565229	1149
cCREs302989	chr3	96568535	96569057	522
cCREs302991	chr3	96571835	96572344	509
cCREs303030	chr3	96715790	96716306	516
cCREs303131	chr3	97203763	97204545	782
cCREs303269	chr3	97761135	97761694	559
cCREs303326	chr3	97933111	97933708	597
cCREs303331	chr3	97951095	97951632	537
cCREs303364	chr3	98051208	98052214	1006
cCREs303386	chr3	98101404	98102003	599
cCREs303717	chr3	100394647	100395411	764
cCREs303722	chr3	100409201	100409713	512
cCREs303727	chr3	100419831	100420435	604
cCREs303733	chr3	100431644	100432161	517
cCREs303737	chr3	100440565	100441093	528
cCREs303786	chr3	100641039	100641547	508
cCREs303895	chr3	101003551	101004379	828
cCREs304451	chr3	103017310	103017821	511
cCREs304474	chr3	103206368	103206898	530
cCREs304699	chr3	104227437	104227978	541
cCREs304759	chr3	104403479	104404108	629
cCREs304778	chr3	104501604	104502157	553
cCREs304886	chr3	105001322	105001889	567
cCREs304893	chr3	105023358	105023884	526
cCREs304897	chr3	105046817	105047341	524
cCREs305156	chr3	105816012	105816566	554
cCREs305186	chr3	105900634	105901154	520
cCREs305254	chr3	106553323	106553843	520
cCREs305255	chr3	106558194	106558718	524
cCREs305266	chr3	106789889	106790400	511
cCREs305516	chr3	107706012	107706661	649
cCREs305828	chr3	108797685	108798200	515
cCREs305849	chr3	108865084	108865591	507
cCREs305898	chr3	109043273	109043870	597
cCREs306824	chr3	115729147	115729694	547
cCREs306864	chr3	115902222	115902737	515
cCREs306930	chr3	116162018	116162605	587
cCREs306937	chr3	116184272	116184794	522
cCREs306938	chr3	116185159	116185665	506
cCREs307064	chr3	116615570	116616119	549
cCREs307230	chr3	117319593	117320114	521
cCREs308036	chr3	121242879	121243400	521
cCREs308060	chr3	121340365	121340923	558
cCREs308072	chr3	121369545	121370087	542
cCREs308182	chr3	121692938	121693772	834
cCREs309267	chr3	126698510	126699795	1285
cCREs309287	chr3	126769991	126770496	505
cCREs309581	chr3	127769077	127769587	510
cCREs309583	chr3	127787009	127787513	504
cCREs309585	chr3	127796236	127796742	506
cCREs309998	chr3	129984698	129985249	551
cCREs310024	chr3	130072994	130073511	517
cCREs310236	chr3	130873698	130874222	524
cCREs310649	chr3	132807874	132808673	799
cCREs310824	chr3	133546812	133547338	526
cCREs310844	chr3	133622980	133623883	903
cCREs310849	chr3	133649991	133650899	908
cCREs310851	chr3	133659709	133660226	517
cCREs311176	chr3	135616668	135617187	519
cCREs311229	chr3	135851527	135852043	516
cCREs311326	chr3	136325807	136326318	511
cCREs311329	chr3	136331068	136331571	503
cCREs311405	chr3	136702816	136703330	514
cCREs311449	chr3	136794791	136795338	547
cCREs311758	chr3	137947500	137948011	511
cCREs312089	chr3	139109978	139110490	512
cCREs312770	chr3	142353095	142353625	530
cCREs312816	chr3	142590359	142591171	812
cCREs312823	chr3	142621105	142621640	535
cCREs313393	chr3	144627844	144628369	525
cCREs313455	chr3	144897194	144897704	510
cCREs313703	chr3	145929581	145930134	553
cCREs313742	chr3	146134814	146135339	525
cCREs313746	chr3	146149949	146150485	536
cCREs313821	chr3	146421708	146422370	662
cCREs314026	chr3	147070845	147071389	544
cCREs314251	chr3	148220757	148221261	504
cCREs314346	chr3	148762498	148762999	501
cCREs314389	chr3	148918241	148919055	814
cCREs314510	chr3	149326646	149327194	548
cCREs314531	chr3	149393769	149394270	501
cCREs315015	chr3	152261888	152262426	538
cCREs315201	chr3	152781865	152782646	781
cCREs315241	chr3	152894502	152895391	889
cCREs315590	chr3	153917135	153917670	535
cCREs315682	chr3	154177631	154178158	527
cCREs316492	chr3	157634330	157634840	510
cCREs316938	chr4	3481995	3482522	527
cCREs316940	chr4	3510652	3511157	505
cCREs316941	chr4	3529634	3530642	1008
cCREs316966	chr4	3682811	3683453	642
cCREs316978	chr4	3722850	3723373	523
cCREs316979	chr4	3724650	3725153	503
cCREs316981	chr4	3743984	3744487	503
cCREs316984	chr4	3774813	3775342	529
cCREs317430	chr4	6226966	6227501	535
cCREs317447	chr4	6335513	6336024	511
cCREs317472	chr4	6414767	6415691	924
cCREs317479	chr4	6428564	6429112	548
cCREs317499	chr4	6517580	6518120	540
cCREs317649	chr4	7153798	7154703	905
cCREs317699	chr4	7457409	7458191	782
cCREs318026	chr4	9110303	9110811	508
cCREs318039	chr4	9131575	9132100	525
cCREs318178	chr4	9611780	9612285	505
cCREs319440	chr4	16082042	16082551	509
cCREs319457	chr4	16168722	16169306	584
cCREs319464	chr4	16213909	16214446	537
cCREs319901	chr4	19537283	19537805	522
cCREs320690	chr4	24584803	24585328	525
cCREs321994	chr4	32575040	32575642	602
cCREs322112	chr4	33099027	33099623	596
cCREs322198	chr4	33513348	33513864	516
cCREs322405	chr4	34389163	34389667	504
cCREs322413	chr4	34430604	34431144	540
cCREs322416	chr4	34456721	34457733	1012
cCREs322428	chr4	34526654	34527170	516
cCREs322568	chr4	35129924	35131128	1204
cCREs322587	chr4	35221912	35222422	510
cCREs322589	chr4	35241656	35242169	513
cCREs323255	chr4	40148256	40148769	513
cCREs323284	chr4	40243999	40244513	514
cCREs323404	chr4	40781101	40781626	525
cCREs323405	chr4	40784437	40785030	593
cCREs323421	chr4	40829604	40830442	838
cCREs323427	chr4	40840169	40840872	703
cCREs323489	chr4	41073358	41073889	531
cCREs323756	chr4	43044579	43045105	526
cCREs323804	chr4	43262491	43263277	786
cCREs323848	chr4	43470244	43470783	539
cCREs323875	chr4	43560216	43560744	528
cCREs323965	chr4	44014642	44015198	556
cCREs324212	chr4	45452435	45453317	882
cCREs324243	chr4	45520074	45521009	935
cCREs324349	chr4	45980952	45981467	515
cCREs324357	chr4	46008090	46008799	709
cCREs324462	chr4	46485587	46486111	524
cCREs324463	chr4	46487262	46487805	543
cCREs324480	chr4	46554585	46555095	510
cCREs324488	chr4	46574781	46575615	834
cCREs324745	chr4	47261027	47261552	525
cCREs324761	chr4	47303196	47304070	874
cCREs324766	chr4	47319414	47320321	907
cCREs324769	chr4	47330616	47331157	541
cCREs324771	chr4	47333449	47333999	550
cCREs325855	chr4	53078723	53079238	515
cCREs325885	chr4	53149623	53150135	512
cCREs325913	chr4	53238847	53239352	505
cCREs325925	chr4	53269820	53270588	768
cCREs326109	chr4	53859953	53860457	504
cCREs326256	chr4	54535353	54536075	722
cCREs326334	chr4	54954963	54956050	1087
cCREs326440	chr4	55327418	55327984	566
cCREs326500	chr4	55623259	55623798	539
cCREs326536	chr4	55740924	55741838	914
cCREs326544	chr4	55763057	55763581	524
cCREs326554	chr4	55797950	55798466	516
cCREs326558	chr4	55811583	55812102	519
cCREs326559	chr4	55815765	55816300	535
cCREs326566	chr4	55859999	55860502	503
cCREs326777	chr4	56892206	56893154	948
cCREs327254	chr4	58585878	58586433	555
cCREs327346	chr4	59042944	59043495	551
cCREs327367	chr4	59177444	59177990	546
cCREs327384	chr4	59238544	59239049	505
cCREs327389	chr4	59254206	59254883	677
cCREs327392	chr4	59265573	59266086	513
cCREs327412	chr4	59362896	59363506	610
cCREs327436	chr4	59439895	59440397	502
cCREs327437	chr4	59441178	59441738	560
cCREs327444	chr4	59465374	59465913	539
cCREs327544	chr4	59863764	59864322	558
cCREs327646	chr4	62322622	62323139	517
cCREs327655	chr4	62357686	62358189	503
cCREs327659	chr4	62367575	62368082	507
cCREs327748	chr4	62661160	62661999	839
cCREs327773	chr4	62729915	62730423	508
cCREs327800	chr4	62806704	62807208	504
cCREs327941	chr4	63401581	63402084	503
cCREs328003	chr4	63561785	63562695	910
cCREs328711	chr4	66796632	66797181	549
cCREs329522	chr4	71291088	71292183	1095
cCREs329992	chr4	75275697	75276202	505
cCREs330007	chr4	75400662	75401227	565
cCREs330732	chr4	80311039	80311543	504
cCREs330984	chr4	81742467	81742984	517
cCREs331631	chr4	84372385	84372892	507
cCREs332162	chr4	86898645	86899621	976
cCREs332163	chr4	86902310	86902857	547
cCREs332360	chr4	87653402	87653904	502
cCREs332364	chr4	87682709	87683220	511
cCREs332500	chr4	88118737	88119422	685
cCREs332596	chr4	88439640	88440158	518
cCREs332600	chr4	88450044	88450555	511
cCREs332634	chr4	88727278	88727793	515
cCREs332641	chr4	88864540	88865636	1096
cCREs333277	chr4	93520726	93521234	508
cCREs333572	chr4	95156627	95157137	510
cCREs333583	chr4	95192957	95193889	932
cCREs333588	chr4	95215111	95215651	540
cCREs333589	chr4	95230413	95230933	520
cCREs333734	chr4	95849962	95850802	840
cCREs334012	chr4	97662735	97663307	572
cCREs334067	chr4	97841666	97842213	547
cCREs334424	chr4	99186554	99187335	781
cCREs334436	chr4	99224736	99225250	514
cCREs334701	chr4	100547841	100548642	801
cCREs335010	chr4	101653402	101653906	504
cCREs335012	chr4	101655933	101656642	709
cCREs335222	chr4	102571941	102572533	592
cCREs335227	chr4	102585492	102586021	529
cCREs335256	chr4	102658526	102659040	514
cCREs335279	chr4	102753272	102753778	506
cCREs335414	chr4	103321419	103322348	929
cCREs335424	chr4	103358994	103359503	509
cCREs335938	chr4	105163864	105164533	669
cCREs336186	chr4	106296567	106297076	509
cCREs336333	chr4	106875589	106876133	544
cCREs336337	chr4	106907562	106908810	1248
cCREs336706	chr4	108317930	108318460	530
cCREs336707	chr4	108318516	108319111	595
cCREs336721	chr4	108369114	108370020	906
cCREs336730	chr4	108428210	108428761	551
cCREs336753	chr4	108632603	108633323	720
cCREs336863	chr4	109098844	109099793	949
cCREs336910	chr4	109271702	109272237	535
cCREs336921	chr4	109336752	109337269	517
cCREs336953	chr4	109546475	109546986	511
cCREs336975	chr4	109760447	109760951	504
cCREs337365	chr4	112243379	112244397	1018
cCREs337366	chr4	112255975	112256502	527
cCREs337367	chr4	112288319	112288856	537
cCREs337485	chr4	114652352	114652863	511
cCREs337547	chr4	114934070	114934703	633
cCREs337564	chr4	115052433	115053090	657
cCREs337568	chr4	115075152	115076047	895
cCREs337622	chr4	115830380	115831108	728
cCREs337762	chr4	116655053	116655559	506
cCREs337832	chr4	117041203	117042273	1070
cCREs338075	chr4	118144309	118144823	514
cCREs338223	chr4	118999541	119000557	1016
cCREs338251	chr4	119127160	119127676	516
cCREs338262	chr4	119177701	119178204	503
cCREs338263	chr4	119181340	119181897	557
cCREs338369	chr4	119738584	119739103	519
cCREs338389	chr4	119806504	119807007	503
cCREs338417	chr4	119882763	119883306	543
cCREs338430	chr4	119910940	119912079	1139
cCREs338455	chr4	119977744	119978595	851
cCREs338491	chr4	120087713	120088222	509
cCREs338605	chr4	120523015	120523562	547
cCREs338734	chr4	121023728	121024474	746
cCREs338735	chr4	121026396	121026950	554
cCREs338790	chr4	122902061	122902964	903
cCREs338802	chr4	122971568	122972083	515
cCREs338912	chr4	123425552	123426110	558
cCREs338962	chr4	123633250	123633837	587
cCREs339006	chr4	123927937	123928444	507
cCREs339024	chr4	123995740	123996255	515
cCREs339058	chr4	124217115	124217664	549
cCREs339274	chr4	125117908	125118441	533
cCREs339276	chr4	125124349	125125211	862
cCREs339523	chr4	126018889	126019420	531
cCREs339525	chr4	126024415	126024924	509
cCREs339604	chr4	126412495	126413025	530
cCREs339632	chr4	126536786	126537300	514
cCREs339689	chr4	126819236	126819740	504
cCREs339769	chr4	127263581	127264178	597
cCREs340128	chr4	128618116	128618896	780
cCREs340145	chr4	128667100	128667662	562
cCREs340161	chr4	128706511	128707060	549
cCREs340245	chr4	128983568	128984083	515
cCREs340260	chr4	129051094	129051606	512
cCREs340417	chr4	129788688	129789202	514
cCREs340418	chr4	129789485	129789991	506
cCREs340429	chr4	129829778	129830308	530
cCREs340684	chr4	130913000	130913529	529
cCREs340685	chr4	130913948	130914471	523
cCREs340934	chr4	131909913	131911256	1343
cCREs340970	chr4	132039886	132040727	841
cCREs340975	chr4	132065565	132066710	1145
cCREs340980	chr4	132078297	132078804	507
cCREs341017	chr4	132247319	132247928	609
cCREs341029	chr4	132305891	132306417	526
cCREs341068	chr4	132529243	132529755	512
cCREs341079	chr4	132573269	132573796	527
cCREs341083	chr4	132592780	132593299	519
cCREs341107	chr4	132747558	132748441	883
cCREs341111	chr4	132760253	132760787	534
cCREs341115	chr4	132780235	132780758	523
cCREs341117	chr4	132793964	132794500	536
cCREs341118	chr4	132796155	132796657	502
cCREs341120	chr4	132802099	132802792	693
cCREs341122	chr4	132808029	132808550	521
cCREs341124	chr4	132816349	132816890	541
cCREs341210	chr4	133131897	133132565	668
cCREs341221	chr4	133170037	133170544	507
cCREs341338	chr4	133666153	133666665	512
cCREs341363	chr4	133804332	133805324	992
cCREs341374	chr4	133874481	133875000	519
cCREs341379	chr4	133905109	133905631	522
cCREs341383	chr4	133928510	133929782	1272
cCREs341404	chr4	134098535	134099040	505
cCREs341408	chr4	134116932	134117455	523
cCREs341436	chr4	134288783	134289286	503
cCREs341479	chr4	134455211	134455743	532
cCREs341542	chr4	134637775	134638318	543
cCREs341608	chr4	134827814	134828368	554
cCREs341621	chr4	134920050	134920564	514
cCREs341655	chr4	135069743	135070293	550
cCREs341723	chr4	135416342	135416850	508
cCREs341799	chr4	135820002	135820647	645
cCREs341827	chr4	135948135	135948675	540
cCREs342034	chr4	136885943	136886628	685
cCREs342035	chr4	136887695	136888196	501
cCREs342036	chr4	136892753	136893270	517
cCREs342138	chr4	137345709	137346242	533
cCREs342143	chr4	137365577	137366078	501
cCREs342147	chr4	137373391	137374179	788
cCREs342328	chr4	138006909	138007445	536
cCREs342622	chr4	139043531	139044038	507
cCREs342656	chr4	139169219	139169841	622
cCREs342661	chr4	139187857	139188383	526
cCREs342664	chr4	139197928	139198499	571
cCREs342665	chr4	139198956	139199460	504
cCREs342668	chr4	139208176	139208686	510
cCREs342707	chr4	139307884	139308430	546
cCREs343001	chr4	140566738	140567262	524
cCREs343003	chr4	140572240	140572924	684
cCREs343154	chr4	141200655	141201322	667
cCREs343185	chr4	141315811	141316459	648
cCREs343239	chr4	141512074	141512606	532
cCREs343265	chr4	141605801	141606604	803
cCREs343286	chr4	141670222	141670730	508
cCREs343305	chr4	141736819	141737326	507
cCREs343316	chr4	141782707	141783211	504
cCREs343353	chr4	141925718	141926413	695
cCREs343396	chr4	142074037	142074686	649
cCREs343723	chr4	144903801	144904656	855
cCREs343807	chr4	145143446	145143954	508
cCREs343822	chr4	145215221	145215790	569
cCREs343828	chr4	145233256	145234427	1171
cCREs343831	chr4	145240573	145241435	862
cCREs343839	chr4	145270073	145270599	526
cCREs343841	chr4	145276482	145276983	501
cCREs343860	chr4	145584895	145585497	602
cCREs343891	chr4	147922129	147922667	538
cCREs343922	chr4	148044789	148045323	534
cCREs344196	chr4	149155601	149156299	698
cCREs344315	chr4	149616718	149617483	765
cCREs344337	chr4	149702328	149703115	787
cCREs344389	chr4	149858456	149859019	563
cCREs344398	chr4	149888980	149889522	542
cCREs344432	chr4	150013743	150014285	542
cCREs344439	chr4	150060492	150061275	783
cCREs344467	chr4	150202577	150203149	572
cCREs344557	chr4	150485976	150486529	553
cCREs344584	chr4	150566105	150566657	552
cCREs344617	chr4	150672827	150673626	799
cCREs344638	chr4	150772110	150772697	587
cCREs344668	chr4	150882543	150883063	520
cCREs345665	chr4	154928994	154929900	906
cCREs345765	chr4	155217254	155217794	540
cCREs345826	chr4	155418302	155419116	814
cCREs345831	chr4	155467492	155468006	514
cCREs345991	chr5	3358648	3359553	905
cCREs346003	chr5	3420050	3421293	1243
cCREs346013	chr5	3461418	3461952	534
cCREs346021	chr5	3490279	3490815	536
cCREs346022	chr5	3490923	3491674	751
cCREs346428	chr5	5319788	5320618	830
cCREs346443	chr5	5366881	5367433	552
cCREs346908	chr5	8346393	8346920	527
cCREs346977	chr5	8807009	8807529	520
cCREs346994	chr5	8917014	8917560	546
cCREs347028	chr5	9086836	9087712	876
cCREs347032	chr5	9103835	9104409	574
cCREs347034	chr5	9107250	9107808	558
cCREs348281	chr5	17857213	17857717	504
cCREs348626	chr5	19895815	19896330	515
cCREs348961	chr5	21131096	21131649	553
cCREs348962	chr5	21131838	21132342	504
cCREs348963	chr5	21136079	21137047	968
cCREs349012	chr5	21332110	21332635	525
cCREs349024	chr5	21386305	21386816	511
cCREs349029	chr5	21411253	21411778	525
cCREs349053	chr5	21509730	21510262	532
cCREs349419	chr5	23114106	23114636	530
cCREs349558	chr5	23751129	23751666	537
cCREs349633	chr5	24068875	24069388	513
cCREs350012	chr5	25662654	25663628	974
cCREs350799	chr5	29844965	29845480	515
cCREs350805	chr5	29892266	29892774	508
cCREs350812	chr5	29948066	29948581	515
cCREs350944	chr5	30650653	30651163	510
cCREs351025	chr5	30961447	30962103	656
cCREs351064	chr5	31195684	31196209	525
cCREs351090	chr5	31361865	31362400	535
cCREs351097	chr5	31467781	31468289	508
cCREs351158	chr5	31758691	31759196	505
cCREs351183	chr5	31870744	31871268	524
cCREs351189	chr5	31887494	31888017	523
cCREs351237	chr5	32085525	32086031	506
cCREs351250	chr5	32122261	32122764	503
cCREs351329	chr5	32607905	32608434	529
cCREs351406	chr5	32997590	32998185	595
cCREs351414	chr5	33009693	33010215	522
cCREs351580	chr5	33938341	33938947	606
cCREs351699	chr5	34519314	34519815	501
cCREs351704	chr5	34534806	34535317	511
cCREs351706	chr5	34543029	34543582	553
cCREs352307	chr5	36563746	36564304	558
cCREs352348	chr5	36726279	36726983	704
cCREs352363	chr5	36791873	36792379	506
cCREs352842	chr5	38505296	38505836	540
cCREs353800	chr5	43181447	43181971	524
cCREs353801	chr5	43185399	43185901	502
cCREs353822	chr5	43279742	43280269	527
cCREs353931	chr5	43691158	43691912	754
cCREs353963	chr5	43786549	43787065	516
cCREs354454	chr5	45719040	45719547	507
cCREs355835	chr5	52423837	52424346	509
cCREs356099	chr5	53361277	53361789	512
cCREs356131	chr5	53451769	53452272	503
cCREs356136	chr5	53465827	53467080	1253
cCREs356158	chr5	53539673	53540549	876
cCREs357411	chr5	62846644	62847414	770
cCREs357607	chr5	63826681	63827471	790
cCREs357609	chr5	63830997	63831508	511
cCREs357613	chr5	63858835	63859340	505
cCREs357619	chr5	63874811	63875393	582
cCREs357801	chr5	64391239	64391886	647
cCREs357858	chr5	64610069	64611010	941
cCREs357915	chr5	64795628	64796215	587
cCREs357919	chr5	64809217	64809817	600
cCREs357934	chr5	64864502	64865718	1216
cCREs357946	chr5	64922814	64923486	672
cCREs357955	chr5	64959833	64960353	520
cCREs357956	chr5	64960710	64961599	889
cCREs358152	chr5	65832190	65832692	502
cCREs358160	chr5	65860573	65861090	517
cCREs358162	chr5	65867273	65868215	942
cCREs358166	chr5	65883340	65883861	521
cCREs358206	chr5	66074824	66075643	819
cCREs358212	chr5	66088211	66089119	908
cCREs358214	chr5	66102726	66103249	523
cCREs358216	chr5	66105341	66106332	991
cCREs358226	chr5	66147217	66147718	501
cCREs358349	chr5	66510623	66511178	555
cCREs358586	chr5	67301697	67302330	633
cCREs358750	chr5	67943076	67943644	568
cCREs358777	chr5	68033299	68033846	547
cCREs358781	chr5	68049474	68049993	519
cCREs359445	chr5	72170016	72170519	503
cCREs359451	chr5	72183936	72184870	934
cCREs359461	chr5	72230525	72231109	584
cCREs359540	chr5	72551106	72551810	704
cCREs359582	chr5	72762918	72763530	612
cCREs359614	chr5	72861665	72862223	558
cCREs360596	chr5	76522371	76522948	577
cCREs360718	chr5	77013123	77013650	527
cCREs360780	chr5	77292732	77293263	531
cCREs362125	chr5	86071444	86071979	535
cCREs362241	chr5	86960460	86961013	553
cCREs362361	chr5	88508175	88509460	1285
cCREs362843	chr5	90512366	90512867	501
cCREs362853	chr5	90592634	90593307	673
cCREs362895	chr5	90741982	90742487	505
cCREs362944	chr5	90999909	91000446	537
cCREs363249	chr5	92279124	92279643	519
cCREs363258	chr5	92318100	92319047	947
cCREs363276	chr5	92375277	92375812	535
cCREs363300	chr5	92466976	92467555	579
cCREs363315	chr5	92524895	92525412	517
cCREs363509	chr5	93239551	93240327	776
cCREs363515	chr5	93265291	93265792	501
cCREs363569	chr5	96176741	96177464	723
cCREs363736	chr5	96792339	96792891	552
cCREs363757	chr5	96909209	96909730	521
cCREs363759	chr5	96912739	96913261	522
cCREs363768	chr5	96948755	96949275	520
cCREs363971	chr5	98018061	98018590	529
cCREs364225	chr5	99336277	99336845	568
cCREs364233	chr5	99362807	99363607	800
cCREs364240	chr5	99375653	99376178	525
cCREs364244	chr5	99381554	99382067	513
cCREs364245	chr5	99382716	99383228	512
cCREs364259	chr5	99414984	99415490	506
cCREs364517	chr5	100366950	100367493	543
cCREs364561	chr5	100556862	100557449	587
cCREs364583	chr5	100662913	100663418	505
cCREs364600	chr5	100750547	100751061	514
cCREs364629	chr5	100871937	100872440	503
cCREs364703	chr5	101239263	101239940	677
cCREs364771	chr5	101785846	101786690	844
cCREs364963	chr5	102498672	102499183	511
cCREs364964	chr5	102502315	102502855	540
cCREs364989	chr5	102643723	102644238	515
cCREs365021	chr5	102791206	102791723	517
cCREs365245	chr5	103644106	103644629	523
cCREs365255	chr5	103678064	103678607	543
cCREs365275	chr5	103769852	103770834	982
cCREs365461	chr5	104958092	104958882	790
cCREs365464	chr5	104982466	104982990	524
cCREs365465	chr5	104986641	104987168	527
cCREs365466	chr5	104987879	104988556	677
cCREs365467	chr5	105004992	105005503	511
cCREs365468	chr5	105011466	105012016	550
cCREs365471	chr5	105053309	105054034	725
cCREs365472	chr5	105061994	105062944	950
cCREs365476	chr5	105139016	105140007	991
cCREs365478	chr5	105145684	105146196	512
cCREs365599	chr5	105695973	105696483	510
cCREs365656	chr5	105844274	105844793	519
cCREs366077	chr5	107949579	107950090	511
cCREs366277	chr5	110424083	110424599	516
cCREs366366	chr5	110787582	110788200	618
cCREs366400	chr5	110970100	110970924	824
cCREs366416	chr5	111028289	111028820	531
cCREs366422	chr5	111048865	111049417	552
cCREs366747	chr5	112252290	112252852	562
cCREs366752	chr5	112265443	112265977	534
cCREs366756	chr5	112280087	112280593	506
cCREs366760	chr5	112286870	112287789	919
cCREs366780	chr5	112341179	112341754	575
cCREs366785	chr5	112355317	112355933	616
cCREs367028	chr5	113132654	113133674	1020
cCREs367187	chr5	113648785	113649293	508
cCREs367227	chr5	113776788	113777309	521
cCREs367234	chr5	113791859	113793059	1200
cCREs367236	chr5	113796338	113797194	856
cCREs367243	chr5	113830221	113830755	534
cCREs367245	chr5	113841560	113842300	740
cCREs367272	chr5	113918333	113919173	840
cCREs367426	chr5	114594500	114595190	690
cCREs367442	chr5	114653597	114654433	836
cCREs367446	chr5	114660917	114661465	548
cCREs367453	chr5	114681662	114682241	579
cCREs367505	chr5	114916694	114917205	511
cCREs367597	chr5	115333583	115334150	567
cCREs367625	chr5	115500260	115500823	563
cCREs367632	chr5	115521626	115522658	1032
cCREs367638	chr5	115535616	115536130	514
cCREs367663	chr5	115635426	115635933	507
cCREs367765	chr5	116011637	116012179	542
cCREs368017	chr5	117133336	117133842	506
cCREs368019	chr5	117138456	117139048	592
cCREs368022	chr5	117149011	117149799	788
cCREs368344	chr5	118354035	118354555	520
cCREs368502	chr5	119058148	119058991	843
cCREs368749	chr5	120527493	120528039	546
cCREs369041	chr5	121721732	121722312	580
cCREs369073	chr5	121824039	121824865	826
cCREs369078	chr5	121833710	121834275	565
cCREs369080	chr5	121838585	121839283	698
cCREs369081	chr5	121841874	121842482	608
cCREs369215	chr5	122318063	122318589	526
cCREs369267	chr5	122550440	122550961	521
cCREs369387	chr5	123025150	123025663	513
cCREs369388	chr5	123027435	123028074	639
cCREs369408	chr5	123128329	123128831	502
cCREs369465	chr5	123372118	123372619	501
cCREs369470	chr5	123397750	123398273	523
cCREs369478	chr5	123427467	123427989	522
cCREs369486	chr5	123470730	123471606	876
cCREs369549	chr5	123713711	123714220	509
cCREs369613	chr5	124036834	124037336	502
cCREs369764	chr5	124532534	124533078	544
cCREs369772	chr5	124582494	124583002	508
cCREs369982	chr5	125358214	125358716	502
cCREs370475	chr5	127484776	127485578	802
cCREs370516	chr5	127615394	127615900	506
cCREs370732	chr5	128617243	128618081	838
cCREs370836	chr5	129002108	129002970	862
cCREs372020	chr5	134231341	134231852	511
cCREs372029	chr5	134247729	134248524	795
cCREs372060	chr5	134342504	134343048	544
cCREs372114	chr5	134521795	134522302	507
cCREs372149	chr5	134677755	134678519	764
cCREs372233	chr5	135196291	135196805	514
cCREs372285	chr5	135478791	135479728	937
cCREs372311	chr5	135572879	135573395	516
cCREs372398	chr5	135990550	135991104	554
cCREs372502	chr5	136429589	136430109	520
cCREs372758	chr5	137748335	137748855	520
cCREs372775	chr5	137830158	137830667	509
cCREs372808	chr5	138256869	138257463	594
cCREs372809	chr5	138261988	138262535	547
cCREs372919	chr5	139017663	139018210	547
cCREs373007	chr5	139286998	139287991	993
cCREs373035	chr5	139371103	139371641	538
cCREs373054	chr5	139408445	139408995	550
cCREs373217	chr5	140107851	140108374	523
cCREs373292	chr5	140349635	140350680	1045
cCREs373302	chr5	140392603	140393120	517
cCREs373345	chr5	140617658	140618163	505
cCREs373381	chr5	140730987	140731495	508
cCREs373382	chr5	140733133	140733771	638
cCREs373419	chr5	140814354	140814857	503
cCREs373429	chr5	140841767	140842426	659
cCREs373454	chr5	141018202	141018714	512
cCREs373459	chr5	141038303	141038811	508
cCREs373919	chr5	143038776	143039324	548
cCREs373927	chr5	143055573	143056086	513
cCREs373932	chr5	143064463	143064979	516
cCREs374000	chr5	143489904	143490408	504
cCREs374045	chr5	143651834	143652657	823
cCREs374092	chr5	143990047	143990561	514
cCREs374096	chr5	144002677	144003323	646
cCREs374153	chr5	144248147	144248697	550
cCREs374154	chr5	144252097	144252618	521
cCREs374361	chr5	145178412	145178931	519
cCREs374388	chr5	146247604	146248179	575
cCREs374499	chr5	146681433	146681975	542
cCREs374537	chr5	146805841	146806367	526
cCREs374574	chr5	146947424	146947928	504
cCREs374610	chr5	147059234	147059777	543
cCREs374644	chr5	147362987	147363498	511
cCREs374657	chr5	147418292	147419152	860
cCREs374672	chr5	147471154	147471663	509
cCREs374689	chr5	147542177	147543022	845
cCREs374698	chr5	147574479	147575066	587
cCREs374759	chr5	147911044	147911574	530
cCREs374899	chr5	148486106	148486627	521
cCREs374901	chr5	148495165	148495671	506
cCREs374973	chr5	148739037	148739597	560
cCREs374975	chr5	148741481	148742115	634
cCREs375050	chr5	149088827	149089331	504
cCREs375082	chr5	149234986	149235514	528
cCREs375093	chr5	149264718	149265268	550
cCREs375094	chr5	149266600	149267404	804
cCREs375096	chr5	149272402	149272926	524
cCREs375097	chr5	149274346	149275255	909
cCREs375379	chr5	150244845	150245671	826
cCREs375478	chr5	150595393	150595895	502
cCREs375701	chr6	3386518	3387039	521
cCREs375714	chr6	3481659	3482168	509
cCREs375915	chr6	4617846	4618367	521
cCREs375945	chr6	4798296	4798812	516
cCREs376016	chr6	5093566	5094123	557
cCREs376020	chr6	5103714	5104225	511
cCREs376037	chr6	5159300	5159810	510
cCREs376053	chr6	5211630	5212199	569
cCREs376075	chr6	5339225	5339747	522
cCREs376078	chr6	5361943	5362454	511
cCREs376306	chr6	6280743	6281260	517
cCREs376351	chr6	6542063	6542592	529
cCREs376598	chr6	7856697	7857313	616
cCREs377893	chr6	15841469	15841979	510
cCREs377894	chr6	15845853	15846354	501
cCREs378037	chr6	16883523	16884378	855
cCREs378042	chr6	16898188	16898698	510
cCREs378050	chr6	16943479	16943982	503
cCREs378054	chr6	16963867	16964380	513
cCREs378055	chr6	16965584	16966100	516
cCREs378136	chr6	17286294	17286824	530
cCREs378186	chr6	17480931	17481510	579
cCREs378221	chr6	17611287	17612082	795
cCREs378233	chr6	17655032	17655554	522
cCREs379017	chr6	22124509	22125033	524
cCREs379107	chr6	22459358	22459944	586
cCREs379754	chr6	25798189	25798941	752
cCREs379798	chr6	26198979	26199512	533
cCREs380008	chr6	27846724	27847603	879
cCREs380528	chr6	29522747	29523743	996
cCREs380529	chr6	29523893	29524693	800
cCREs380590	chr6	29794522	29795036	514
cCREs380609	chr6	29867816	29868950	1134
cCREs380833	chr6	30855901	30856405	504
cCREs381062	chr6	31613454	31614019	565
cCREs381312	chr6	32510854	32511525	671
cCREs381313	chr6	32511890	32512412	522
cCREs381321	chr6	32544031	32544795	764
cCREs381368	chr6	32717837	32718371	534
cCREs381703	chr6	33979600	33981111	1511
cCREs381802	chr6	34367946	34368455	509
cCREs381881	chr6	34674830	34675383	553
cCREs381925	chr6	34869393	34869927	534
cCREs381949	chr6	34938285	34939036	751
cCREs382573	chr6	37425753	37426757	1004
cCREs382606	chr6	37602819	37603651	832
cCREs382645	chr6	37842696	37843201	505
cCREs382895	chr6	38871022	38871568	546
cCREs382902	chr6	38900071	38900589	518
cCREs382914	chr6	38938375	38938891	516
cCREs382916	chr6	38940974	38941487	513
cCREs382926	chr6	38967881	38968435	554
cCREs382936	chr6	39003786	39004538	752
cCREs382938	chr6	39007110	39007634	524
cCREs382970	chr6	39120062	39120564	502
cCREs382984	chr6	39222443	39222962	519
cCREs382987	chr6	39232568	39233069	501
cCREs382996	chr6	39259113	39259634	521
cCREs383041	chr6	39379220	39379736	516
cCREs383050	chr6	39417892	39418402	510
cCREs383076	chr6	39507382	39507905	523
cCREs383401	chr6	40575803	40576778	975
cCREs383651	chr6	42353137	42353645	508
cCREs384638	chr6	47888719	47889266	547
cCREs384809	chr6	48698827	48699336	509
cCREs384817	chr6	48738799	48739544	745
cCREs384821	chr6	48745851	48746397	546
cCREs384833	chr6	48832362	48832890	528
cCREs385455	chr6	51533336	51534246	910
cCREs385460	chr6	51551291	51552043	752
cCREs385482	chr6	51636144	51636677	533
cCREs385619	chr6	52441991	52442538	547
cCREs385626	chr6	52471326	52471832	506
cCREs385628	chr6	52477340	52477867	527
cCREs385757	chr6	52921230	52921738	508
cCREs385868	chr6	53369874	53370393	519
cCREs385911	chr6	53566711	53567441	730
cCREs386037	chr6	54021220	54021847	627
cCREs386094	chr6	54162726	54163249	523
cCREs386251	chr6	54619477	54619988	511
cCREs386278	chr6	54736059	54736595	536
cCREs386312	chr6	54886089	54886670	581
cCREs386330	chr6	54948568	54949098	530
cCREs386380	chr6	55132726	55133301	575
cCREs386384	chr6	55145180	55145820	640
cCREs386779	chr6	56756071	56756591	520
cCREs386889	chr6	57571518	57572036	518
cCREs387018	chr6	58734981	58735502	521
cCREs388043	chr6	65170843	65171562	719
cCREs388098	chr6	65527865	65528377	512
cCREs388117	chr6	65594064	65594614	550
cCREs388785	chr6	70855477	70856387	910
cCREs388927	chr6	71537218	71537733	515
cCREs388932	chr6	71554409	71555250	841
cCREs389022	chr6	71929920	71930519	599
cCREs389051	chr6	72051698	72052250	552
cCREs389080	chr6	72162069	72163020	951
cCREs389302	chr6	73009984	73010539	555
cCREs389447	chr6	73709532	73710054	522
cCREs389448	chr6	73710699	73711291	592
cCREs390706	chr6	81447641	81448158	517
cCREs391008	chr6	82780960	82781477	517
cCREs391012	chr6	82804920	82805435	515
cCREs391015	chr6	82824203	82824726	523
cCREs391016	chr6	82831151	82831723	572
cCREs391053	chr6	83008541	83009082	541
cCREs391064	chr6	83044753	83045293	540
cCREs391170	chr6	83450562	83451070	508
cCREs391175	chr6	83475436	83475990	554
cCREs391177	chr6	83482286	83482885	599
cCREs391442	chr6	84751312	84751843	531
cCREs391443	chr6	84752732	84753479	747
cCREs391586	chr6	85370605	85371118	513
cCREs391841	chr6	86556612	86557127	515
cCREs391867	chr6	86660430	86660994	564
cCREs392106	chr6	87494281	87494797	516
cCREs392107	chr6	87496064	87496588	524
cCREs392119	chr6	87540924	87541492	568
cCREs392120	chr6	87541933	87542461	528
cCREs392229	chr6	88064936	88065591	655
cCREs392248	chr6	88184211	88185139	928
cCREs392544	chr6	89256812	89257321	509
cCREs392546	chr6	89258055	89258563	508
cCREs392594	chr6	89404883	89405401	518
cCREs392599	chr6	89421459	89422396	937
cCREs393157	chr6	91716137	91716652	515
cCREs393817	chr6	94159197	94160123	926
cCREs394145	chr6	95452108	95452609	501
cCREs394146	chr6	95456484	95456985	501
cCREs394494	chr6	97149634	97150158	524
cCREs394568	chr6	97438846	97439832	986
cCREs394581	chr6	97478789	97479633	844
cCREs394591	chr6	97504686	97505196	510
cCREs394687	chr6	97857619	97858178	559
cCREs394979	chr6	98997584	98998342	758
cCREs395053	chr6	99205099	99205610	511
cCREs395153	chr6	99489770	99490345	575
cCREs395373	chr6	100192644	100193540	896
cCREs395400	chr6	100271726	100272446	720
cCREs395425	chr6	100356911	100357485	574
cCREs395442	chr6	100416013	100416531	518
cCREs397358	chr6	108781823	108782324	501
cCREs397373	chr6	108824980	108825481	501
cCREs397568	chr6	110020085	110020606	521
cCREs397573	chr6	110040413	110040920	507
cCREs397614	chr6	110463313	110463833	520
cCREs398386	chr6	113654054	113654584	530
cCREs398392	chr6	113679857	113680654	797
cCREs398748	chr6	114893790	114894302	512
cCREs398794	chr6	115015406	115015910	504
cCREs399053	chr6	116004647	116005404	757
cCREs399058	chr6	116013675	116014567	892
cCREs399166	chr6	116439478	116439996	518
cCREs399168	chr6	116455735	116456240	505
cCREs399169	chr6	116458710	116459680	970
cCREs399170	chr6	116460920	116461431	511
cCREs399190	chr6	116636016	116636603	587
cCREs399195	chr6	116647680	116648229	549
cCREs399202	chr6	116663923	116664475	552
cCREs399213	chr6	116682215	116682825	610
cCREs399222	chr6	116718851	116719371	520
cCREs399226	chr6	116724444	116725914	1470
cCREs399340	chr6	117199615	117200183	568
cCREs399551	chr6	118127085	118127642	557
cCREs399555	chr6	118140868	118141403	535
cCREs399899	chr6	119372949	119373763	814
cCREs399900	chr6	119377446	119378037	591
cCREs399903	chr6	119395310	119396677	1367
cCREs400076	chr6	120179348	120180265	917
cCREs400079	chr6	120187517	120189667	2150
cCREs400118	chr6	120452290	120452805	515
cCREs400127	chr6	120479229	120479778	549
cCREs400146	chr6	120567116	120567959	843
cCREs400214	chr6	120900433	120900934	501
cCREs400303	chr6	121146714	121147340	626
cCREs400329	chr6	121251107	121251771	664
cCREs400532	chr6	122593277	122593781	504
cCREs400588	chr6	122852629	122853151	522
cCREs400589	chr6	122854297	122855094	797
cCREs400593	chr6	122872715	122873236	521
cCREs400603	chr6	122939427	122940027	600
cCREs400604	chr6	122946711	122947248	537
cCREs400605	chr6	122952285	122952810	525
cCREs400608	chr6	122989771	122990306	535
cCREs400618	chr6	123227441	123227955	514
cCREs400660	chr6	124273182	124273693	511
cCREs400674	chr6	124358921	124359424	503
cCREs400677	chr6	124375427	124375949	522
cCREs400711	chr6	124504961	124505465	504
cCREs400735	chr6	124720799	124721351	552
cCREs400736	chr6	124723527	124724050	523
cCREs400737	chr6	124729743	124730586	843
cCREs400766	chr6	124834487	124834991	504
cCREs400787	chr6	124913157	124913679	522
cCREs400870	chr6	125252229	125252731	502
cCREs400893	chr6	125333449	125333959	510
cCREs400894	chr6	125340104	125340757	653
cCREs400896	chr6	125345522	125346027	505
cCREs400907	chr6	125367577	125368166	589
cCREs400927	chr6	125445154	125445725	571
cCREs400939	chr6	125481569	125482899	1330
cCREs400956	chr6	125548322	125548850	528
cCREs400998	chr6	125685360	125685890	530
cCREs401266	chr6	126910266	126911219	953
cCREs401328	chr6	127253883	127254396	513
cCREs401379	chr6	127471998	127472502	504
cCREs401735	chr6	128648221	128649083	862
cCREs401794	chr6	129014076	129014919	843
cCREs401805	chr6	129103090	129103598	508
cCREs401878	chr6	129472561	129473078	517
cCREs401909	chr6	129713529	129714345	816
cCREs401928	chr6	131269549	131270084	535
cCREs401929	chr6	131281458	131281991	533
cCREs402053	chr6	134064992	134065495	503
cCREs402067	chr6	134102349	134102862	513
cCREs402073	chr6	134114984	134115987	1003
cCREs402121	chr6	134247238	134247742	504
cCREs402194	chr6	134531245	134531758	513
cCREs402217	chr6	134594751	134595462	711
cCREs402277	chr6	134796300	134796838	538
cCREs402287	chr6	134824372	134824883	511
cCREs402393	chr6	135261061	135261566	505
cCREs402403	chr6	135296045	135296836	791
cCREs402764	chr6	136497702	136498233	531
cCREs402796	chr6	136654350	136654855	505
cCREs402801	chr6	136683625	136684131	506
cCREs402802	chr6	136689982	136690500	518
cCREs402805	chr6	136714095	136714626	531
cCREs402873	chr6	136946190	136946716	526
cCREs402886	chr6	136979195	136979708	513
cCREs402890	chr6	136988456	136988984	528
cCREs403019	chr6	137386294	137386798	504
cCREs403053	chr6	137472909	137473865	956
cCREs403083	chr6	137565780	137566295	515
cCREs403140	chr6	137757522	137758024	502
cCREs404364	chr6	143139357	143139932	575
cCREs404873	chr6	145139763	145140292	529
cCREs404905	chr6	145302812	145303353	541
cCREs405069	chr6	145828845	145829720	875
cCREs405136	chr6	146162458	146162982	524
cCREs405735	chr6	148534279	148534807	528
cCREs405882	chr6	149343489	149344254	765
cCREs406008	chr7	3706918	3707427	509
cCREs406010	chr7	3897973	3898488	515
cCREs406011	chr7	3915333	3915864	531
cCREs406012	chr7	3940864	3941415	551
cCREs406017	chr7	4063747	4064488	741
cCREs406018	chr7	4071018	4071535	517
cCREs406019	chr7	4073136	4073660	524
cCREs406020	chr7	4080479	4080990	511
cCREs406022	chr7	4082718	4083222	504
cCREs406050	chr7	4238980	4239817	837
cCREs406052	chr7	4273789	4274307	518
cCREs406056	chr7	4409821	4410330	509
cCREs406069	chr7	4492731	4493245	514
cCREs406073	chr7	4504651	4505163	512
cCREs406112	chr7	4724296	4724859	563
cCREs406149	chr7	4920994	4921510	516
cCREs406176	chr7	5082954	5083736	782
cCREs406182	chr7	5101157	5101666	509
cCREs406198	chr7	6169375	6169913	538
cCREs406314	chr7	7281286	7281787	501
cCREs406377	chr7	13302746	13303255	509
cCREs406432	chr7	16070780	16071315	535
cCREs406467	chr7	16193656	16194166	510
cCREs406475	chr7	16229566	16230372	806
cCREs406476	chr7	16239422	16240132	710
cCREs406477	chr7	16241667	16242579	912
cCREs406478	chr7	16244034	16244577	543
cCREs406479	chr7	16254170	16254823	653
cCREs406480	chr7	16257725	16258271	546
cCREs406481	chr7	16259055	16259558	503
cCREs406592	chr7	16820284	16820824	540
cCREs406663	chr7	17023774	17024594	820
cCREs406664	chr7	17024673	17025224	551
cCREs406731	chr7	19001008	19001523	515
cCREs406747	chr7	19077679	19078207	528
cCREs406798	chr7	19265823	19266341	518
cCREs406844	chr7	19461481	19462004	523
cCREs406848	chr7	19472362	19472885	523
cCREs406894	chr7	19667141	19667875	734
cCREs406896	chr7	19675716	19676263	547
cCREs406907	chr7	19744503	19745048	545
cCREs406925	chr7	19823343	19823889	546
cCREs406934	chr7	19870953	19871801	848
cCREs406944	chr7	19935037	19935893	856
cCREs406980	chr7	24389389	24389909	520
cCREs406999	chr7	24442313	24442814	501
cCREs407050	chr7	24661047	24661999	952
cCREs407073	chr7	24902646	24903429	783
cCREs407132	chr7	25120141	25120893	752
cCREs407135	chr7	25129424	25129983	559
cCREs407185	chr7	25412907	25413859	952
cCREs407202	chr7	25606504	25607055	551
cCREs407210	chr7	25632573	25633080	507
cCREs407216	chr7	25651245	25651791	546
cCREs407222	chr7	25683457	25683960	503
cCREs407230	chr7	25706767	25707298	531
cCREs407240	chr7	25731186	25732115	929
cCREs407258	chr7	25827137	25827660	523
cCREs407294	chr7	27198304	27198850	546
cCREs407296	chr7	27208700	27209467	767
cCREs407303	chr7	27238553	27239055	502
cCREs407367	chr7	27536539	27537049	510
cCREs407497	chr7	28440684	28441200	516
cCREs407498	chr7	28442660	28443173	513
cCREs407523	chr7	28593343	28594022	679
cCREs407640	chr7	29228139	29228658	519
cCREs407856	chr7	30412586	30413176	590
cCREs407857	chr7	30413507	30414263	756
cCREs407858	chr7	30419343	30420113	770
cCREs407873	chr7	30508002	30508544	542
cCREs407903	chr7	30761704	30762238	534
cCREs407933	chr7	30953412	30953927	515
cCREs407947	chr7	31033332	31034202	870
cCREs407962	chr7	31087705	31088211	506
cCREs407963	chr7	31089588	31090118	530
cCREs407976	chr7	31138571	31139103	532
cCREs407980	chr7	31155380	31156732	1352
cCREs407996	chr7	34125825	34126360	535
cCREs408010	chr7	34192752	34193260	508
cCREs408030	chr7	34272391	34272894	503
cCREs408034	chr7	34291212	34291725	513
cCREs408036	chr7	34301791	34302484	693
cCREs408062	chr7	34448289	34448820	531
cCREs408205	chr7	35065873	35066374	501
cCREs408221	chr7	35139798	35140338	540
cCREs408226	chr7	35150808	35151320	512
cCREs408227	chr7	35156359	35156883	524
cCREs408834	chr7	39523626	39524144	518
cCREs409095	chr7	43349597	43350154	557
cCREs409096	chr7	43353062	43353573	511
cCREs409100	chr7	43392338	43393121	783
cCREs409115	chr7	43532901	43533768	867
cCREs409116	chr7	43544196	43545066	870
cCREs409118	chr7	43553047	43553895	848
cCREs409132	chr7	43642509	43643624	1115
cCREs409135	chr7	43654476	43654980	504
cCREs409137	chr7	43659956	43660457	501
cCREs409304	chr7	44835874	44836822	948
cCREs409314	chr7	44886855	44887403	548
cCREs409362	chr7	45095196	45095861	665
cCREs409363	chr7	45097342	45097883	541
cCREs409402	chr7	45238539	45239392	853
cCREs409446	chr7	45457210	45457732	522
cCREs409506	chr7	45716062	45716566	504
cCREs409767	chr7	46992999	46993507	508
cCREs409775	chr7	47014547	47015057	510
cCREs409782	chr7	47035338	47035895	557
cCREs409789	chr7	47055673	47056206	533
cCREs409793	chr7	47067766	47068393	627
cCREs409861	chr7	48882202	48882707	505
cCREs409875	chr7	48943680	48944222	542
cCREs410999	chr7	55765262	55765797	535
cCREs411000	chr7	55767917	55768480	563
cCREs411003	chr7	55784514	55785036	522
cCREs411013	chr7	55852741	55853289	548
cCREs411024	chr7	55874652	55875162	510
cCREs411077	chr7	56131484	56131987	503
cCREs411603	chr7	58828986	58829766	780
cCREs411959	chr7	63905087	63906059	972
cCREs411963	chr7	63913668	63914522	854
cCREs411985	chr7	63999548	64000078	530
cCREs411986	chr7	64001484	64002268	784
cCREs411994	chr7	64037605	64038407	802
cCREs412047	chr7	64279452	64280000	548
cCREs412329	chr7	65366111	65367096	985
cCREs412520	chr7	66125317	66125834	517
cCREs412567	chr7	66303884	66304403	519
cCREs412576	chr7	66323218	66324130	912
cCREs412584	chr7	66356059	66356620	561
cCREs412594	chr7	66392444	66392953	509
cCREs412799	chr7	67425101	67426137	1036
cCREs412814	chr7	67463409	67464097	688
cCREs412815	chr7	67464550	67465068	518
cCREs412981	chr7	68059616	68060139	523
cCREs412995	chr7	68087434	68087941	507
cCREs413158	chr7	68738615	68739447	832
cCREs413168	chr7	68795552	68796061	509
cCREs414302	chr7	74683874	74684425	551
cCREs414528	chr7	75595950	75596717	767
cCREs414542	chr7	75638724	75639242	518
cCREs414546	chr7	75645505	75646026	521
cCREs414548	chr7	75648850	75649437	587
cCREs414551	chr7	75656264	75657368	1104
cCREs414560	chr7	75700639	75701158	519
cCREs414561	chr7	75701706	75702209	503
cCREs414585	chr7	75785879	75786496	617
cCREs414586	chr7	75787308	75787831	523
cCREs415399	chr7	79696457	79696973	516
cCREs415430	chr7	79846296	79847037	741
cCREs415462	chr7	80013789	80014292	503
cCREs415469	chr7	80044063	80044646	583
cCREs415482	chr7	80077754	80078291	537
cCREs415507	chr7	80179731	80180262	531
cCREs415566	chr7	80426238	80426786	548
cCREs415567	chr7	80427634	80428154	520
cCREs415622	chr7	80635805	80636311	506
cCREs415668	chr7	80779205	80779791	586
cCREs415680	chr7	80830342	80830906	564
cCREs415684	chr7	80845787	80846561	774
cCREs415807	chr7	81528853	81529383	530
cCREs415896	chr7	81849183	81849684	501
cCREs415903	chr7	81862843	81863690	847
cCREs416090	chr7	82802218	82802753	535
cCREs416093	chr7	82820567	82821100	533
cCREs416239	chr7	83645396	83645904	508
cCREs416241	chr7	83655158	83655682	524
cCREs416257	chr7	83722380	83722920	540
cCREs416351	chr7	84119100	84119946	846
cCREs416373	chr7	84211492	84212654	1162
cCREs416388	chr7	84279114	84279770	656
cCREs416675	chr7	88054192	88054698	506
cCREs416701	chr7	88201920	88202431	511
cCREs416706	chr7	88225706	88226225	519
cCREs416711	chr7	88250311	88250848	537
cCREs416712	chr7	88251479	88252002	523
cCREs416716	chr7	88271453	88271962	509
cCREs416885	chr7	89235938	89236619	681
cCREs416901	chr7	89269729	89270230	501
cCREs416902	chr7	89270392	89270916	524
cCREs416924	chr7	89411228	89411740	512
cCREs416927	chr7	89415612	89416318	706
cCREs417068	chr7	90019502	90020023	521
cCREs417069	chr7	90022846	90023862	1016
cCREs417072	chr7	90033512	90034344	832
cCREs417075	chr7	90041564	90042309	745
cCREs417178	chr7	90546465	90546993	528
cCREs417745	chr7	92878516	92879030	514
cCREs417763	chr7	92980727	92981240	513
cCREs417772	chr7	93013232	93013748	516
cCREs418506	chr7	97154722	97155532	810
cCREs418516	chr7	97211063	97211570	507
cCREs418522	chr7	97251569	97252117	548
cCREs418543	chr7	97355006	97355963	957
cCREs418548	chr7	97375860	97376373	513
cCREs418769	chr7	98534518	98535036	518
cCREs418939	chr7	99101567	99102111	544
cCREs418950	chr7	99132537	99133055	518
cCREs418951	chr7	99133743	99134304	561
cCREs418955	chr7	99145980	99146533	553
cCREs419030	chr7	99407531	99408066	535
cCREs419055	chr7	99469541	99470093	552
cCREs419075	chr7	99549616	99550124	508
cCREs419108	chr7	99674771	99675393	622
cCREs419133	chr7	99817996	99818801	805
cCREs419280	chr7	100443654	100444156	502
cCREs419304	chr7	100534147	100534659	512
cCREs419382	chr7	100855741	100856668	927
cCREs419413	chr7	100952604	100953147	543
cCREs419421	chr7	100979118	100979648	530
cCREs419436	chr7	101060361	101060898	537
cCREs419438	chr7	101066443	101067565	1122
cCREs419444	chr7	101093126	101093631	505
cCREs419467	chr7	101227979	101228493	514
cCREs419479	chr7	101284299	101284850	551
cCREs419506	chr7	101383693	101384204	511
cCREs419507	chr7	101384716	101386375	1659
cCREs419540	chr7	101466120	101466635	515
cCREs419579	chr7	101607796	101608304	508
cCREs419645	chr7	101851600	101852121	521
cCREs419650	chr7	101871089	101871802	713
cCREs419656	chr7	101908241	101908848	607
cCREs419726	chr7	102243743	102244331	588
cCREs419728	chr7	102246867	102247386	519
cCREs419880	chr7	104206131	104206653	522
cCREs419889	chr7	104369688	104370610	922
cCREs419892	chr7	104400375	104401573	1198
cCREs419894	chr7	104445593	104446848	1255
cCREs420012	chr7	105690787	105691323	536
cCREs420020	chr7	105738966	105739475	509
cCREs420049	chr7	106528963	106529472	509
cCREs420052	chr7	106580862	106581382	520
cCREs420055	chr7	106612669	106613171	502
cCREs420056	chr7	106616876	106617379	503
cCREs420058	chr7	106644388	106645109	721
cCREs420059	chr7	106651521	106652350	829
cCREs420063	chr7	106711398	106711923	525
cCREs420164	chr7	107683604	107684112	508
cCREs420174	chr7	107707662	107708202	540
cCREs420301	chr7	109209738	109210542	804
cCREs420361	chr7	109541529	109542478	949
cCREs420385	chr7	109628772	109629670	898
cCREs420470	chr7	110006383	110006906	523
cCREs420490	chr7	110166062	110166590	528
cCREs420491	chr7	110189972	110190513	541
cCREs420518	chr7	110313277	110313924	647
cCREs420534	chr7	110372494	110373004	510
cCREs420565	chr7	110556939	110557441	502
cCREs420593	chr7	110688823	110690066	1243
cCREs420667	chr7	110920591	110921256	665
cCREs420732	chr7	111227489	111227998	509
cCREs421379	chr7	113612565	113613080	515
cCREs421555	chr7	114356383	114356906	523
cCREs421564	chr7	114452805	114453636	831
cCREs421934	chr7	116309409	116309936	527
cCREs421965	chr7	116446611	116447121	510
cCREs421978	chr7	116529717	116530238	521
cCREs421985	chr7	116596857	116597374	517
cCREs421993	chr7	116620296	116620824	528
cCREs422377	chr7	118170119	118170636	517
cCREs422389	chr7	118232535	118233046	511
cCREs422399	chr7	118283140	118283662	522
cCREs422451	chr7	118478804	118479532	728
cCREs422511	chr7	118702944	118703686	742
cCREs422932	chr7	120901615	120902171	556
cCREs423026	chr7	121269033	121269839	806
cCREs423070	chr7	121469353	121470031	678
cCREs423211	chr7	122138103	122139028	925
cCREs423215	chr7	122206058	122206574	516
cCREs423529	chr7	123330445	123330993	548
cCREs423540	chr7	123370960	123371486	526
cCREs423545	chr7	123397302	123397817	515
cCREs423962	chr7	125540842	125541453	611
cCREs423967	chr7	125555425	125555948	523
cCREs423980	chr7	125601699	125602203	504
cCREs423985	chr7	125630232	125630766	534
cCREs424133	chr7	126134850	126135398	548
cCREs424227	chr7	126655689	126656211	522
cCREs424237	chr7	126702271	126702781	510
cCREs424256	chr7	126770717	126771271	554
cCREs424313	chr7	127079946	127080469	523
cCREs424423	chr7	127759512	127760254	742
cCREs424470	chr7	128048747	128049264	517
cCREs424471	chr7	128056784	128057466	682
cCREs424510	chr7	128332833	128333340	507
cCREs424737	chr7	129528272	129528787	515
cCREs424786	chr7	129759686	129760316	630
cCREs425456	chr7	132652984	132653514	530
cCREs425470	chr7	132686405	132686931	526
cCREs425490	chr7	132729004	132729872	868
cCREs425522	chr7	132803924	132804445	521
cCREs425581	chr7	133047219	133047763	544
cCREs425946	chr7	134690156	134690671	515
cCREs425949	chr7	134697442	134697986	544
cCREs426240	chr7	135913891	135914671	780
cCREs426892	chr7	139224678	139225189	511
cCREs426939	chr7	139377320	139377828	508
cCREs427113	chr7	139984370	139984875	505
cCREs427129	chr7	140069942	140070500	558
cCREs427138	chr7	140127793	140128358	565
cCREs427246	chr7	140946906	140947407	501
cCREs427343	chr7	141460581	141461106	525
cCREs427344	chr7	141461452	141462467	1015
cCREs427522	chr7	142390213	142390743	530
cCREs427525	chr7	142397892	142398419	527
cCREs427527	chr7	142403492	142404024	532
cCREs427537	chr7	142442581	142443109	528
cCREs427542	chr7	142460575	142461142	567
cCREs427636	chr7	143042794	143043363	569
cCREs428061	chr7	144932303	144932832	529
cCREs428073	chr7	144981635	144982136	501
cCREs428083	chr7	145047665	145048203	538
cCREs428093	chr7	145110549	145111101	552
cCREs428170	chr8	3251031	3251810	779
cCREs428183	chr8	3308248	3308774	526
cCREs428184	chr8	3313352	3314271	919
cCREs428186	chr8	3327688	3328283	595
cCREs428911	chr8	8704721	8705316	595
cCREs429495	chr8	10848002	10848777	775
cCREs429498	chr8	10857835	10858372	537
cCREs429510	chr8	10900794	10901563	769
cCREs429547	chr8	11038314	11039277	963
cCREs429681	chr8	11460859	11461371	512
cCREs429682	chr8	11463954	11464941	987
cCREs430136	chr8	13155066	13155843	777
cCREs430139	chr8	13160648	13161157	509
cCREs430609	chr8	14872971	14873486	515
cCREs430617	chr8	14891214	14892034	820
cCREs431521	chr8	19957852	19958415	563
cCREs431687	chr8	22697907	22698414	507
cCREs431688	chr8	22701338	22701895	557
cCREs431718	chr8	22814165	22814667	502
cCREs431721	chr8	22838526	22839103	577
cCREs431742	chr8	22935571	22936156	585
cCREs432182	chr8	24715131	24716312	1181
cCREs432184	chr8	24725646	24726158	512
cCREs432232	chr8	25040284	25040915	631
cCREs432248	chr8	25091005	25091618	613
cCREs432268	chr8	25156009	25156533	524
cCREs432432	chr8	25744906	25745417	511
cCREs432470	chr8	25980168	25980681	513
cCREs432568	chr8	26435314	26435822	508
cCREs432609	chr8	26612088	26612609	521
cCREs432628	chr8	26697229	26698058	829
cCREs432629	chr8	26698461	26698981	520
cCREs432682	chr8	26855218	26855948	730
cCREs432691	chr8	26885309	26885821	512
cCREs433918	chr8	33246010	33246517	507
cCREs434064	chr8	33897667	33898426	759
cCREs434393	chr8	35135573	35136082	509
cCREs434394	chr8	35136582	35137094	512
cCREs434460	chr8	35386829	35387345	516
cCREs434464	chr8	35394051	35394557	506
cCREs434466	chr8	35400318	35400829	511
cCREs434476	chr8	35423762	35424308	546
cCREs434478	chr8	35428025	35428593	568
cCREs434523	chr8	35597016	35597533	517
cCREs434539	chr8	35638945	35639456	511
cCREs434874	chr8	36684893	36685825	932
cCREs434904	chr8	36812339	36812857	518
cCREs435372	chr8	39594442	39595194	752
cCREs435385	chr8	39651659	39652164	505
cCREs435622	chr8	41002938	41003459	521
cCREs435631	chr8	41017517	41018074	557
cCREs435646	chr8	41053266	41054126	860
cCREs435656	chr8	41073669	41074210	541
cCREs436362	chr8	45367108	45367622	514
cCREs436700	chr8	46595504	46596019	515
cCREs436734	chr8	46732298	46732985	687
cCREs436744	chr8	46764616	46765409	793
cCREs436749	chr8	46778006	46778535	529
cCREs436759	chr8	46817108	46817663	555
cCREs436773	chr8	46851562	46852075	513
cCREs436787	chr8	46887265	46887815	550
cCREs436789	chr8	46890166	46890670	504
cCREs437914	chr8	53496155	53496679	524
cCREs438354	chr8	56299336	56299855	519
cCREs438358	chr8	56313582	56314090	508
cCREs438364	chr8	56335387	56336131	744
cCREs438375	chr8	56411973	56412477	504
cCREs438619	chr8	57801079	57801620	541
cCREs439137	chr8	60883373	60883882	509
cCREs439140	chr8	60896973	60897762	789
cCREs440165	chr8	66391495	66392027	532
cCREs440180	chr8	66437806	66438314	508
cCREs440181	chr8	66438465	66439043	578
cCREs440547	chr8	68092605	68093140	535
cCREs441010	chr8	70342104	70342626	522
cCREs441095	chr8	70615843	70616364	521
cCREs441096	chr8	70618843	70619387	544
cCREs441122	chr8	70719631	70720413	782
cCREs441151	chr8	70806432	70806936	504
cCREs441162	chr8	70853783	70854607	824
cCREs441179	chr8	70904467	70905005	538
cCREs441210	chr8	71286264	71286784	520
cCREs441213	chr8	71295995	71296826	831
cCREs441257	chr8	71528633	71529159	526
cCREs441278	chr8	71613410	71613928	518
cCREs441280	chr8	71624975	71625508	533
cCREs441297	chr8	71677548	71678072	524
cCREs441321	chr8	71780061	71780837	776
cCREs441889	chr8	75086011	75086532	521
cCREs442226	chr8	77112677	77113182	505
cCREs442340	chr8	77442393	77442896	503
cCREs442345	chr8	77451002	77451854	852
cCREs442604	chr8	78691979	78692528	549
cCREs442739	chr8	79225547	79226504	957
cCREs442795	chr8	79389132	79389778	646
cCREs442945	chr8	80239846	80240360	514
cCREs442953	chr8	80264879	80265384	505
cCREs442956	chr8	80271843	80272349	506
cCREs442966	chr8	80337824	80338350	526
cCREs443035	chr8	80793453	80794597	1144
cCREs443037	chr8	80797859	80798763	904
cCREs443068	chr8	80873923	80874650	727
cCREs443085	chr8	80948307	80949181	874
cCREs443383	chr8	82382235	82382750	515
cCREs443444	chr8	82843607	82844124	517
cCREs443455	chr8	82874067	82874585	518
cCREs443504	chr8	82992005	82992551	546
cCREs443528	chr8	83064039	83064543	504
cCREs443530	chr8	83066818	83067324	506
cCREs443537	chr8	83086564	83087089	525
cCREs443542	chr8	83103971	83104481	510
cCREs443545	chr8	83131200	83132171	971
cCREs443553	chr8	83158912	83159445	533
cCREs443574	chr8	83216878	83217930	1052
cCREs443653	chr8	83656749	83657356	607
cCREs443714	chr8	83989201	83989706	505
cCREs443768	chr8	84207700	84208225	525
cCREs443772	chr8	84220014	84220517	503
cCREs443914	chr8	84701142	84701991	849
cCREs443991	chr8	84984514	84985062	548
cCREs444009	chr8	85084560	85085062	502
cCREs444016	chr8	85142505	85143008	503
cCREs444386	chr8	86887846	86888991	1145
cCREs444394	chr8	86910197	86910710	513
cCREs444685	chr8	88241810	88242328	518
cCREs444701	chr8	88293877	88294412	535
cCREs444703	chr8	88299784	88300661	877
cCREs444704	chr8	88301961	88302473	512
cCREs444767	chr8	88580726	88581262	536
cCREs444785	chr8	88651082	88651672	590
cCREs444788	chr8	88662272	88662777	505
cCREs444789	chr8	88666320	88666838	518
cCREs444950	chr8	89392656	89393157	501
cCREs444953	chr8	89404212	89404720	508
cCREs445245	chr8	90856884	90857390	506
cCREs445250	chr8	90872989	90873518	529
cCREs445261	chr8	90938328	90938830	502
cCREs445299	chr8	91112069	91112604	535
cCREs445659	chr8	92875744	92876250	506
cCREs446013	chr8	94340655	94341229	574
cCREs446015	chr8	94354419	94355015	596
cCREs446019	chr8	94370790	94371300	510
cCREs446021	chr8	94376972	94377509	537
cCREs446124	chr8	94778438	94778999	561
cCREs446125	chr8	94779133	94779638	505
cCREs446193	chr8	94999044	94999550	506
cCREs446266	chr8	95323088	95323650	562
cCREs446883	chr8	98995939	98996445	506
cCREs447925	chr8	104103395	104103908	513
cCREs447956	chr8	104232867	104233422	555
cCREs447959	chr8	104239473	104240024	551
cCREs447960	chr8	104246990	104247520	530
cCREs447992	chr8	104383896	104384424	528
cCREs448143	chr8	105344961	105345473	512
cCREs448156	chr8	105393003	105393635	632
cCREs448173	chr8	105455011	105455698	687
cCREs448188	chr8	105499789	105500300	511
cCREs448257	chr8	105810404	105810922	518
cCREs448324	chr8	106148922	106149448	526
cCREs448373	chr8	106307493	106308027	534
cCREs448402	chr8	106394009	106395149	1140
cCREs448440	chr8	106556052	106556562	510
cCREs448446	chr8	106585581	106586084	503
cCREs448874	chr8	108647471	108647995	524
cCREs448879	chr8	108683612	108684194	582
cCREs448915	chr8	108783086	108783595	509
cCREs448934	chr8	108846909	108847448	539
cCREs448942	chr8	108867796	108868354	558
cCREs448951	chr8	108894090	108894821	731
cCREs449047	chr8	109455049	109455597	548
cCREs449129	chr8	109863336	109863856	520
cCREs449575	chr8	111621425	111622060	635
cCREs449642	chr8	111821143	111821648	505
cCREs450065	chr8	113656078	113656581	503
cCREs450263	chr8	114473515	114474047	532
cCREs450482	chr8	115423633	115424151	518
cCREs450787	chr8	116974953	116975465	512
cCREs450858	chr8	117308185	117308692	507
cCREs450872	chr8	117340154	117340692	538
cCREs450935	chr8	117475783	117476291	508
cCREs450936	chr8	117481769	117482276	507
cCREs450941	chr8	117494627	117495242	615
cCREs451461	chr8	119423383	119424287	904
cCREs451462	chr8	119424715	119425246	531
cCREs451463	chr8	119425545	119426142	597
cCREs451597	chr8	119825895	119826406	511
cCREs451892	chr8	120685966	120686570	604
cCREs451899	chr8	120715087	120715628	541
cCREs451903	chr8	120743479	120744002	523
cCREs451904	chr8	120745175	120745813	638
cCREs451905	chr8	120750556	120751094	538
cCREs451917	chr8	120792668	120793171	503
cCREs451918	chr8	120793314	120793819	505
cCREs452094	chr8	121635470	121636049	579
cCREs452149	chr8	121844543	121845389	846
cCREs452181	chr8	121929966	121930484	518
cCREs452288	chr8	122314835	122315362	527
cCREs452311	chr8	122407595	122408132	537
cCREs452337	chr8	122517407	122517969	562
cCREs452343	chr8	122547663	122548421	758
cCREs452349	chr8	122561165	122561687	522
cCREs452407	chr8	122763269	122763787	518
cCREs452525	chr8	123248477	123249273	796
cCREs452902	chr8	124704280	124704825	545
cCREs453032	chr8	125224348	125224879	531
cCREs453127	chr8	125518259	125518761	502
cCREs453132	chr8	125527856	125528384	528
cCREs453157	chr8	125599961	125600467	506
cCREs453186	chr8	125724995	125725826	831
cCREs453187	chr8	125729722	125730230	508
cCREs453495	chr8	126776534	126777566	1032
cCREs453506	chr8	126804002	126804615	613
cCREs453507	chr8	126805191	126806259	1068
cCREs453515	chr8	126828040	126828558	518
cCREs453519	chr8	126845473	126845975	502
cCREs453520	chr8	126846023	126846537	514
cCREs453526	chr8	126868830	126869379	549
cCREs453527	chr8	126869417	126869938	521
cCREs453853	chr8	128059528	128060472	944
cCREs454231	chr9	5344026	5344562	536
cCREs454400	chr9	7140068	7140727	659
cCREs455243	chr9	13323480	13324164	684
cCREs455252	chr9	13443405	13443970	565
cCREs455262	chr9	13466343	13466852	509
cCREs455264	chr9	13468714	13469234	520
cCREs455265	chr9	13469924	13470430	506
cCREs455284	chr9	13517787	13518578	791
cCREs455287	chr9	13536584	13537112	528
cCREs455567	chr9	14611355	14611928	573
cCREs455718	chr9	15289234	15289747	513
cCREs455786	chr9	15541622	15542550	928
cCREs455866	chr9	15932833	15933346	513
cCREs456234	chr9	18467924	18468713	789
cCREs456347	chr9	20973663	20974188	525
cCREs456380	chr9	21146661	21147239	578
cCREs456445	chr9	21444605	21445196	591
cCREs456463	chr9	21525110	21525619	509
cCREs456464	chr9	21525866	21526484	618
cCREs456465	chr9	21527734	21528303	569
cCREs456554	chr9	21864343	21864849	506
cCREs456604	chr9	22125567	22126082	515
cCREs456629	chr9	22313235	22313744	509
cCREs456708	chr9	22649540	22650054	514
cCREs456779	chr9	22962126	22962747	621
cCREs456944	chr9	23570072	23570586	514
cCREs456969	chr9	23668418	23668919	501
cCREs456970	chr9	23669192	23669705	513
cCREs457092	chr9	24298195	24298697	502
cCREs457101	chr9	24328282	24328787	505
cCREs457239	chr9	25158169	25158702	533
cCREs458854	chr9	31247399	31247915	516
cCREs458856	chr9	31262163	31262688	525
cCREs458980	chr9	31931612	31932123	511
cCREs459127	chr9	32470425	32470936	511
cCREs459128	chr9	32472291	32472795	504
cCREs459136	chr9	32493555	32494057	502
cCREs459138	chr9	32500770	32501290	520
cCREs459144	chr9	32509639	32510174	535
cCREs459145	chr9	32515789	32516291	502
cCREs459151	chr9	32539143	32539652	509
cCREs459189	chr9	32696609	32697155	546
cCREs459239	chr9	32930952	32931882	930
cCREs459734	chr9	35055591	35056124	533
cCREs459740	chr9	35101522	35102036	514
cCREs459765	chr9	35183306	35183831	525
cCREs459782	chr9	35265122	35265638	516
cCREs460077	chr9	37230481	37231039	558
cCREs460081	chr9	37247380	37247895	515
cCREs460281	chr9	38728194	38728700	506
cCREs460283	chr9	38741358	38741865	507
cCREs460375	chr9	40223481	40224048	567
cCREs460459	chr9	40457379	40457927	548
cCREs460501	chr9	40581705	40582419	714
cCREs460631	chr9	41070576	41071379	803
cCREs460633	chr9	41073444	41074254	810
cCREs460655	chr9	41134811	41135363	552
cCREs460940	chr9	42146425	42146929	504
cCREs461169	chr9	42837452	42837999	547
cCREs461534	chr9	44196260	44196775	515
cCREs461588	chr9	44461895	44462420	525
cCREs461612	chr9	44537939	44538456	517
cCREs461617	chr9	44570804	44571760	956
cCREs461705	chr9	44986334	44986900	566
cCREs461749	chr9	45179169	45179734	565
cCREs461763	chr9	45245313	45245837	524
cCREs461764	chr9	45246011	45246761	750
cCREs461765	chr9	45247524	45248233	709
cCREs461767	chr9	45261446	45261979	533
cCREs461772	chr9	45280777	45281408	631
cCREs461973	chr9	45953425	45954243	818
cCREs462417	chr9	47712498	47713007	509
cCREs462599	chr9	48417909	48418422	513
cCREs462601	chr9	48422204	48422985	781
cCREs462626	chr9	48558598	48559116	518
cCREs463150	chr9	50462284	50462785	501
cCREs463361	chr9	51273706	51274230	524
cCREs463596	chr9	52287821	52288327	506
cCREs463829	chr9	53387074	53387596	522
cCREs464214	chr9	55388094	55388600	506
cCREs464217	chr9	55395619	55396134	515
cCREs464311	chr9	56079469	56080060	591
cCREs464317	chr9	56104214	56104729	515
cCREs464319	chr9	56108110	56108611	501
cCREs464617	chr9	57277932	57278701	769
cCREs464620	chr9	57317439	57318058	619
cCREs464638	chr9	57466066	57466588	522
cCREs464659	chr9	57557179	57557681	502
cCREs464862	chr9	58271097	58271612	515
cCREs464960	chr9	58560163	58560701	538
cCREs465136	chr9	59544690	59545215	525
cCREs465177	chr9	59735622	59736129	507
cCREs465179	chr9	59748810	59749316	506
cCREs465268	chr9	60180753	60181263	510
cCREs465351	chr9	60492150	60492682	532
cCREs465486	chr9	61021755	61023104	1349
cCREs465495	chr9	61054315	61054931	616
cCREs465520	chr9	61158063	61158901	838
cCREs465525	chr9	61168893	61169742	849
cCREs465567	chr9	61349644	61350203	559
cCREs465660	chr9	61702223	61703062	839
cCREs465979	chr9	62913316	62914141	825
cCREs465980	chr9	62920822	62921339	517
cCREs465987	chr9	62954849	62955365	516
cCREs466122	chr9	63611922	63612435	513
cCREs466322	chr9	64452678	64453219	541
cCREs466401	chr9	64749241	64749754	513
cCREs466423	chr9	64829936	64830467	531
cCREs466463	chr9	65031403	65031927	524
cCREs466504	chr9	65205376	65205888	512
cCREs466567	chr9	65535125	65535916	791
cCREs466568	chr9	65536009	65536558	549
cCREs466574	chr9	65552074	65552617	543
cCREs466825	chr9	66855234	66856375	1141
cCREs466838	chr9	66886777	66887284	507
cCREs466848	chr9	66907493	66908453	960
cCREs467282	chr9	68858390	68859301	911
cCREs467289	chr9	68882946	68883474	528
cCREs467522	chr9	69992958	69993468	510
cCREs467609	chr9	70306716	70307488	772
cCREs468126	chr9	72660104	72660640	536
cCREs469211	chr9	77716985	77717504	519
cCREs469264	chr9	77923654	77924249	595
cCREs469282	chr9	77959739	77960245	506
cCREs469371	chr9	78428108	78428643	535
cCREs469375	chr9	78451340	78451940	600
cCREs470664	chr9	85331429	85332002	573
cCREs470665	chr9	85340223	85340737	514
cCREs470708	chr9	85568823	85569336	513
cCREs470813	chr9	86015872	86016373	501
cCREs470953	chr9	86579607	86580128	521
cCREs471386	chr9	89237066	89237586	520
cCREs471389	chr9	89253358	89253878	520
cCREs471390	chr9	89256495	89257356	861
cCREs471393	chr9	89261717	89262232	515
cCREs471553	chr9	90014601	90015128	527
cCREs471557	chr9	90033827	90034357	530
cCREs471561	chr9	90042784	90043349	565
cCREs471575	chr9	90105417	90105923	506
cCREs471609	chr9	90237392	90238250	858
cCREs471620	chr9	90258073	90258578	505
cCREs471629	chr9	90274445	90274952	507
cCREs471914	chr9	92269746	92270501	755
cCREs472380	chr9	94664801	94665714	913
cCREs472441	chr9	94818573	94819096	523
cCREs472508	chr9	95036157	95036688	531
cCREs472566	chr9	95194028	95194626	598
cCREs472761	chr9	96035291	96035813	522
cCREs472835	chr9	96415976	96416823	847
cCREs472869	chr9	96517351	96517856	505
cCREs472881	chr9	96558813	96559604	791
cCREs473519	chr9	99072470	99073018	548
cCREs473523	chr9	99089830	99090367	537
cCREs473580	chr9	99377698	99378488	790
cCREs473598	chr9	99416761	99417303	542
cCREs473773	chr9	100458196	100458724	528
cCREs474409	chr9	103241556	103242064	508
cCREs474671	chr9	104233013	104233516	503
cCREs475164	chr9	106222301	106222824	523
cCREs475165	chr9	106222909	106223447	538
cCREs475190	chr9	106296711	106297222	511
cCREs475191	chr9	106299062	106299580	518
cCREs475216	chr9	106356489	106357030	541
cCREs475400	chr9	107279708	107280664	956
cCREs475516	chr9	107628657	107629537	880
cCREs475521	chr9	107640109	107641004	895
cCREs475594	chr9	107975244	107975918	674
cCREs475679	chr9	108340319	108340848	529
cCREs475707	chr9	108445064	108446061	997
cCREs475770	chr9	108761526	108762046	520
cCREs475786	chr9	108809237	108810144	907
cCREs475841	chr9	109100503	109101012	509
cCREs475908	chr9	109914176	109914702	526
cCREs476056	chr9	110657579	110658104	525
cCREs476059	chr9	110665852	110666408	556
cCREs476065	chr9	110676564	110677099	535
cCREs476078	chr9	110706775	110707298	523
cCREs476150	chr9	111046172	111046722	550
cCREs476157	chr9	111059078	111059604	526
cCREs476856	chr9	113780780	113781310	530
cCREs476885	chr9	113928509	113929037	528
cCREs477016	chr9	114742580	114743144	564
cCREs477028	chr9	114787681	114788457	776
cCREs477031	chr9	114793850	114794366	516
cCREs477046	chr9	114861319	114861852	533
cCREs477299	chr9	115739960	115740470	510
cCREs477398	chr9	116091860	116092422	562
cCREs477414	chr9	116139460	116140029	569
cCREs477416	chr9	116144835	116145774	939
cCREs477422	chr9	116160871	116161686	815
cCREs477447	chr9	116243654	116244156	502
cCREs477991	chr9	118638545	118639054	509
cCREs477994	chr9	118649362	118649928	566
cCREs477996	chr9	118654952	118655508	556
cCREs478194	chr9	119339775	119340293	518
cCREs478331	chr9	119943305	119944116	811
cCREs478332	chr9	119948730	119949256	526
cCREs478358	chr9	120034279	120034798	519
cCREs478363	chr9	120058688	120059205	517
cCREs478364	chr9	120068039	120068556	517
cCREs478698	chr9	121249668	121250191	523
cCREs478713	chr9	121320364	121320900	536
cCREs478804	chr9	121597012	121598011	999
cCREs478811	chr9	121631848	121632414	566
cCREs478950	chr9	122122099	122122600	501
cCREs479374	chr9	123815380	123815886	506
cCREs479384	chr9	123863136	123864107	971
cCREs479390	chr9	123931657	123932291	634
cCREs479394	chr9	123941952	123942517	565
cCREs479396	chr9	123949366	123949885	519
cCREs479397	chr9	123953463	123953978	515
cCREs479416	chr9	124112504	124113013	509
cCREs479421	chr9	124143581	124144104	523
cCREs479551	chrX	7203466	7204535	1069
cCREs479564	chrX	7292730	7293490	760
cCREs479649	chrX	7864522	7865031	509
cCREs479671	chrX	8090250	8091037	787
cCREs479680	chrX	8168218	8168726	508
cCREs479760	chrX	9460297	9460819	522
cCREs479861	chrX	10318130	10318648	518
cCREs479897	chrX	10548033	10548544	511
cCREs479937	chrX	10857041	10857554	513
cCREs480165	chrX	12195163	12196395	1232
cCREs480328	chrX	13506307	13506875	568
cCREs480354	chrX	13631554	13632373	819
cCREs480355	chrX	13636301	13636829	528
cCREs480373	chrX	13720381	13720911	530
cCREs480385	chrX	13798609	13799204	595
cCREs480393	chrX	13851234	13851751	517
cCREs480668	chrX	17513933	17514478	545
cCREs480688	chrX	17608692	17609232	540
cCREs480799	chrX	19162915	19163440	525
cCREs480879	chrX	20129409	20129981	572
cCREs480884	chrX	20160212	20160982	770
cCREs480907	chrX	20355221	20355727	506
cCREs480966	chrX	20931305	20931814	509
cCREs480967	chrX	20931921	20932428	507
cCREs481144	chrX	23600698	23601208	510
cCREs481147	chrX	23675390	23675898	508
cCREs481194	chrX	36082803	36083450	647
cCREs481197	chrX	36100829	36101758	929
cCREs481205	chrX	36128555	36130191	1636
cCREs482217	chrX	48140442	48140943	501
cCREs482219	chrX	48146221	48146734	513
cCREs482257	chrX	48405007	48405608	601
cCREs482337	chrX	49116408	49116914	506
cCREs482892	chrX	56481817	56482395	578
cCREs483259	chrX	60001412	60001947	535
cCREs483289	chrX	60345390	60345916	526
cCREs484085	chrX	71396261	71396771	510
cCREs484369	chrX	74243546	74244065	519
cCREs485131	chrX	85838451	85838972	521
cCREs485608	chrX	93863349	93864070	721
cCREs485807	chrX	96107263	96108177	914
cCREs485811	chrX	96130101	96130622	521
cCREs485812	chrX	96130645	96131193	548
cCREs485825	chrX	96239505	96240399	894
cCREs485842	chrX	96609408	96610177	769
cCREs485984	chrX	98880269	98880779	510
cCREs486392	chrX	101733849	101734385	536
cCREs486456	chrX	102036776	102038097	1321
cCREs486753	chrX	105064282	105065293	1011
cCREs486845	chrX	106046733	106047647	914
cCREs486859	chrX	106142883	106143406	523
cCREs486877	chrX	106633484	106634017	533
cCREs486878	chrX	106634720	106635257	537
cCREs486882	chrX	106717051	106717583	532
cCREs487245	chrX	113785277	113785781	504
cCREs488718	chrX	140510163	140510684	521
cCREs488721	chrX	140513167	140513855	688
cCREs488728	chrX	140537596	140538105	509
cCREs488887	chrX	142190265	142190819	554
cCREs488934	chrX	142537463	142537995	532
cCREs489629	chrX	152163915	152164492	577
cCREs489786	chrX	155163467	155163996	529
cCREs489844	chrX	155728349	155728873	524
cCREs490209	chrX	159200042	159200567	525
cCREs490254	chrX	159638443	159639310	867
cCREs490352	chrX	160116004	160116534	530
cCREs490881	chrX	163897297	163897862	565
cCREs491049	chrX	165015337	165015927	590
cCREs491341	chrX	167067838	167068424	586
cCREs491351	chrX	167101837	167102352	515
cCREs491375	chrX	167180856	167181361	505
cCREs491378	chrX	167195297	167195826	529
cCREs491383	chrX	167210112	167211032	920
cCREs491386	chrX	167227097	167227611	514
cCREs491387	chrX	167229206	167229726	520
cCREs491406	chrX	167353563	167354064	501
cCREs491408	chrX	167359615	167360611	996
cCREs491587	chrX	168455165	168455695	530
cCREs491611	chrX	168647682	168648257	575
cCREs491775	chrX	169972668	169973707	1039
cCREs491777	chrX	169980646	169981464	818
cCREs568	chr1	6976205	6976706	501
cCREs1037	chr1	10280197	10280698	501
cCREs2869	chr1	20497484	20497985	501
cCREs2924	chr1	20829272	20829773	501
cCREs3800	chr1	24469487	24469988	501
cCREs3802	chr1	24481510	24482011	501
cCREs5468	chr1	34315407	34315908	501
cCREs5500	chr1	34480775	34481276	501
cCREs5789	chr1	35815889	35816484	595
cCREs5799	chr1	35860693	35861194	501
cCREs6813	chr1	39487341	39487876	535
cCREs6837	chr1	39560085	39560586	501
cCREs6893	chr1	39785595	39786096	501
cCREs6985	chr1	40037749	40038250	501
cCREs7916	chr1	43912249	43913023	774
cCREs7917	chr1	43916823	43917324	501
cCREs9046	chr1	51626290	51626791	501
cCREs9357	chr1	52734132	52734633	501
cCREs9940	chr1	55506286	55506787	501
cCREs10366	chr1	57472140	57472641	501
cCREs11009	chr1	60609342	60609843	501
cCREs11219	chr1	61350804	61351305	501
cCREs11515	chr1	62724339	62725050	711
cCREs12048	chr1	64753018	64753577	559
cCREs12134	chr1	65107608	65108109	501
cCREs12137	chr1	65113428	65113929	501
cCREs12637	chr1	67382286	67382787	501
cCREs14212	chr1	74434441	74434979	538
cCREs15053	chr1	78490059	78490560	501
cCREs15054	chr1	78507140	78507641	501
cCREs15106	chr1	78684092	78684593	501
cCREs15166	chr1	78895655	78896274	619
cCREs15615	chr1	80785028	80785529	501
cCREs16595	chr1	85649737	85650279	542
cCREs17968	chr1	91034545	91035046	501
cCREs18096	chr1	91498546	91499047	501
cCREs18182	chr1	91850072	91850573	501
cCREs18881	chr1	95366121	95366622	501
cCREs18885	chr1	95381008	95381509	501
cCREs18923	chr1	95598759	95599260	501
cCREs18933	chr1	95624235	95624736	501
cCREs18938	chr1	95644138	95644673	535
cCREs20785	chr1	107496788	107497289	501
cCREs20791	chr1	107513470	107513971	501
cCREs22534	chr1	120948314	120948815	501
cCREs23047	chr1	123905718	123906219	501
cCREs23355	chr1	125470788	125471289	501
cCREs24557	chr1	130387277	130387778	501
cCREs24562	chr1	130428696	130429197	501
cCREs24742	chr1	131252474	131253279	805
cCREs25788	chr1	135094874	135095690	816
cCREs25956	chr1	135633492	135633993	501
cCREs26601	chr1	138158280	138158781	501
cCREs26788	chr1	139065216	139065717	501
cCREs27965	chr1	146967759	146968260	501
cCREs28436	chr1	150387531	150388032	501
cCREs28438	chr1	150405420	150405921	501
cCREs28515	chr1	150772865	150773659	794
cCREs28684	chr1	151510761	151511295	534
cCREs29066	chr1	152774528	152775029	501
cCREs29274	chr1	153431655	153432156	501
cCREs29395	chr1	153901308	153901847	539
cCREs29449	chr1	154093516	154094017	501
cCREs31302	chr1	161443546	161444131	585
cCREs32700	chr1	167246209	167246710	501
cCREs33692	chr1	170934388	170934889	501
cCREs33696	chr1	170974182	170974683	501
cCREs33700	chr1	170983024	170983525	501
cCREs33701	chr1	170985322	170985823	501
cCREs33882	chr1	171844024	171844525	501
cCREs34244	chr1	173452232	173452733	501
cCREs34274	chr1	173740485	173740986	501
cCREs34275	chr1	173741585	173742086	501
cCREs34285	chr1	173912789	173913290	501
cCREs34662	chr1	175637618	175638119	501
cCREs34667	chr1	175659882	175660383	501
cCREs34848	chr1	176328637	176329138	501
cCREs35094	chr1	177281941	177282442	501
cCREs35149	chr1	177483532	177484033	501
cCREs35751	chr1	180263417	180263918	501
cCREs35905	chr1	180826562	180827063	501
cCREs36789	chr1	184536371	184536872	501
cCREs36794	chr1	184562158	184562659	501
cCREs36802	chr1	184590612	184591117	505
cCREs36807	chr1	184617992	184618493	501
cCREs37194	chr1	186202543	186203044	501
cCREs37195	chr1	186204137	186204638	501
cCREs37283	chr1	186575561	186576062	501
cCREs38382	chr1	191332821	191333322	501
cCREs38529	chr1	191910572	191911073	501
cCREs38541	chr1	191956161	191956701	540
cCREs39129	chr1	193893999	193894500	501
cCREs39768	chr10	4442205	4442706	501
cCREs39805	chr10	4620816	4621437	621
cCREs40430	chr10	7847019	7847520	501
cCREs40681	chr10	8849431	8850420	989
cCREs40687	chr10	8858682	8859183	501
cCREs40692	chr10	8870386	8870887	501
cCREs40696	chr10	8881711	8882212	501
cCREs40941	chr10	9706953	9707454	501
cCREs41156	chr10	10659970	10660471	501
cCREs41891	chr10	13560207	13560708	501
cCREs42174	chr10	14474781	14475472	691
cCREs42281	chr10	14959055	14959556	501
cCREs42476	chr10	16592813	16593314	501
cCREs42518	chr10	16875063	16875564	501
cCREs43030	chr10	18941399	18941900	501
cCREs43031	chr10	18943324	18943825	501
cCREs43044	chr10	19009300	19009801	501
cCREs43252	chr10	20036849	20037350	501
cCREs43423	chr10	20653259	20653760	501
cCREs43429	chr10	20666520	20667021	501
cCREs43458	chr10	20772189	20772690	501
cCREs43467	chr10	20838823	20839324	501
cCREs43481	chr10	20893313	20893814	501
cCREs44099	chr10	23840460	23840961	501
cCREs44145	chr10	24142676	24143177	501
cCREs44270	chr10	24591733	24592234	501
cCREs44423	chr10	25196221	25196812	591
cCREs45091	chr10	28105072	28105815	743
cCREs45190	chr10	28463645	28464146	501
cCREs45205	chr10	28519886	28520387	501
cCREs45254	chr10	28746388	28746889	501
cCREs45563	chr10	30676326	30676827	501
cCREs46158	chr10	34215630	34216131	501
cCREs46159	chr10	34222195	34222696	501
cCREs46538	chr10	37204290	37204791	501
cCREs46892	chr10	39258318	39258819	501
cCREs47166	chr10	40244265	40244766	501
cCREs47210	chr10	40435383	40435884	501
cCREs47592	chr10	41972629	41973450	821
cCREs47599	chr10	42003509	42004010	501
cCREs48256	chr10	44625472	44625973	501
cCREs48339	chr10	45048530	45049082	552
cCREs48524	chr10	45960216	45960717	501
cCREs49183	chr10	51490366	51491139	773
cCREs49186	chr10	51519975	51520476	501
cCREs49650	chr10	53881202	53881703	501
cCREs49874	chr10	55098219	55098720	501
cCREs50123	chr10	56737015	56737516	501
cCREs50132	chr10	56795213	56795922	709
cCREs50139	chr10	56823816	56824567	751
cCREs50724	chr10	59735348	59735849	501
cCREs50906	chr10	60268652	60269153	501
cCREs51095	chr10	61114200	61114701	501
cCREs51123	chr10	61267341	61267842	501
cCREs51421	chr10	62506069	62506597	528
cCREs51487	chr10	62945025	62945526	501
cCREs51535	chr10	63185719	63186220	501
cCREs52416	chr10	67595235	67595736	501
cCREs52441	chr10	67694817	67695318	501
cCREs53495	chr10	71346614	71347115	501
cCREs54292	chr10	75288510	75289011	501
cCREs54296	chr10	75298565	75299066	501
cCREs55062	chr10	78439943	78440444	501
cCREs55218	chr10	79877665	79878187	522
cCREs55220	chr10	79889275	79889919	644
cCREs55244	chr10	79961175	79961676	501
cCREs55416	chr10	80611815	80612316	501
cCREs55447	chr10	80740977	80741478	501
cCREs55497	chr10	80935230	80935996	766
cCREs55607	chr10	81358800	81359332	532
cCREs55840	chr10	83168562	83169129	567
cCREs56282	chr10	85003469	85003970	501
cCREs56906	chr10	87753434	87753935	501
cCREs56923	chr10	87832082	87832583	501
cCREs56926	chr10	87841541	87842042	501
cCREs56951	chr10	87908756	87909257	501
cCREs56976	chr10	88054225	88054726	501
cCREs57044	chr10	88417626	88418127	501
cCREs57760	chr10	91242477	91242978	501
cCREs58266	chr10	93484480	93484981	501
cCREs58639	chr10	94917662	94918163	501
cCREs58952	chr10	95879885	95880747	862
cCREs59045	chr10	96280183	96280684	501
cCREs59089	chr10	96435049	96435712	663
cCREs59577	chr10	98684088	98684760	672
cCREs59895	chr10	99632227	99633059	832
cCREs59896	chr10	99633159	99633660	501
cCREs59970	chr10	99929102	99929603	501
cCREs60489	chr10	102732364	102732903	539
cCREs61002	chr10	105957442	105957943	501
cCREs62303	chr10	111121838	111122339	501
cCREs63890	chr10	118082969	118083470	501
cCREs64422	chr10	120136060	120136561	501
cCREs64649	chr10	121376923	121377424	501
cCREs64977	chr10	122736703	122737204	501
cCREs66417	chr11	3140817	3141355	538
cCREs66531	chr11	3573046	3573714	668
cCREs66681	chr11	4222246	4222747	501
cCREs66750	chr11	4536585	4537086	501
cCREs66752	chr11	4544302	4544803	501
cCREs66786	chr11	4714709	4715210	501
cCREs67037	chr11	5792484	5792985	501
cCREs68166	chr11	11785536	11786037	501
cCREs68599	chr11	14142309	14142810	501
cCREs68917	chr11	16589249	16589750	501
cCREs68926	chr11	16629683	16630184	501
cCREs68928	chr11	16638257	16638758	501
cCREs69541	chr11	19943669	19944170	501
cCREs69783	chr11	21006569	21007281	712
cCREs70110	chr11	22694881	22695634	753
cCREs70137	chr11	22818345	22818846	501
cCREs70165	chr11	22891811	22892312	501
cCREs70252	chr11	23357225	23357726	501
cCREs70976	chr11	26572660	26573423	763
cCREs71016	chr11	26804871	26805372	501
cCREs71311	chr11	29148763	29149264	501
cCREs71364	chr11	29505188	29505689	501
cCREs71400	chr11	29706807	29707308	501
cCREs72015	chr11	32339117	32339906	789
cCREs72450	chr11	34011969	34012470	501
cCREs72577	chr11	34427172	34427673	501
cCREs73364	chr11	37136424	37136925	501
cCREs73377	chr11	37177983	37178934	951
cCREs74802	chr11	44377881	44378382	501
cCREs74818	chr11	44437717	44438218	501
cCREs74837	chr11	44523681	44524182	501
cCREs75092	chr11	45750238	45750739	501
cCREs75173	chr11	46061751	46062252	501
cCREs75252	chr11	46265372	46265873	501
cCREs75377	chr11	46819891	46820392	501
cCREs75382	chr11	46834095	46834596	501
cCREs75420	chr11	47032263	47033020	757
cCREs75431	chr11	47074554	47075055	501
cCREs75492	chr11	47274750	47275251	501
cCREs76067	chr11	50026666	50027167	501
cCREs76443	chr11	51677673	51678174	501
cCREs76530	chr11	52071725	52072226	501
cCREs76921	chr11	53783236	53783737	501
cCREs77164	chr11	54887860	54888361	501
cCREs78748	chr11	61962628	61963129	501
cCREs79230	chr11	64458741	64459242	501
cCREs79242	chr11	64495915	64496416	501
cCREs79243	chr11	64496580	64497179	599
cCREs79248	chr11	64516772	64517461	689
cCREs79273	chr11	64655158	64655659	501
cCREs79985	chr11	67537327	67537828	501
cCREs80444	chr11	69261222	69261723	501
cCREs80484	chr11	69423901	69424402	501
cCREs80626	chr11	70112779	70113280	501
cCREs80629	chr11	70129852	70130353	501
cCREs80638	chr11	70185136	70185637	501
cCREs80642	chr11	70199532	70200033	501
cCREs80686	chr11	70453116	70453617	501
cCREs81377	chr11	74524011	74524658	647
cCREs81717	chr11	75935696	75936239	543
cCREs82227	chr11	78267765	78268266	501
cCREs82449	chr11	79223369	79223870	501
cCREs82461	chr11	79305619	79306120	501
cCREs83137	chr11	82022673	82023174	501
cCREs83153	chr11	82080830	82081331	501
cCREs83157	chr11	82094885	82095386	501
cCREs83158	chr11	82099175	82099676	501
cCREs83393	chr11	83223241	83223742	501
cCREs83394	chr11	83224130	83224631	501
cCREs83474	chr11	83577078	83577579	501
cCREs83485	chr11	83631076	83631577	501
cCREs84098	chr11	87026431	87026960	529
cCREs84099	chr11	87030740	87031241	501
cCREs84103	chr11	87045465	87045966	501
cCREs84802	chr11	89985100	89985850	750
cCREs85725	chr11	94687107	94687608	501
cCREs86258	chr11	97435728	97436538	810
cCREs87166	chr11	101583031	101583532	501
cCREs87608	chr11	103403694	103404260	566
cCREs88337	chr11	106961288	106962007	719
cCREs88343	chr11	106994206	106994707	501
cCREs88634	chr11	108007219	108007720	501
cCREs90334	chr11	114826585	114827086	501
cCREs90348	chr11	114884570	114885071	501
cCREs90351	chr11	114907495	114907996	501
cCREs90374	chr11	115048250	115048751	501
cCREs90587	chr11	115902840	115903856	1016
cCREs90595	chr11	115929673	115930174	501
cCREs90891	chr11	117109592	117110093	501
cCREs90924	chr11	117200847	117201348	501
cCREs90960	chr11	117306615	117307175	560
cCREs91290	chr11	118424461	118425456	995
cCREs91305	chr11	118464972	118465510	538
cCREs91574	chr11	119352052	119352553	501
cCREs91585	chr11	119440198	119440699	501
cCREs91812	chr11	120158766	120159373	607
cCREs91875	chr11	120359940	120360544	604
cCREs92160	chr11	121804160	121804661	501
cCREs92276	chr12	3686461	3687111	650
cCREs92519	chr12	4545357	4545858	501
cCREs92574	chr12	4840605	4841106	501
cCREs93409	chr12	8636832	8637333	501
cCREs93498	chr12	9005958	9006459	501
cCREs94162	chr12	12230112	12230613	501
cCREs94189	chr12	12294686	12295187	501
cCREs95470	chr12	17770510	17771011	501
cCREs95652	chr12	24492451	24492952	501
cCREs96790	chr12	29288786	29289287	501
cCREs97537	chr12	32131785	32132286	501
cCREs98631	chr12	36945879	36946425	546
cCREs98961	chr12	38621835	38622336	501
cCREs99291	chr12	40277529	40278030	501
cCREs99364	chr12	40485139	40485640	501
cCREs99618	chr12	41349759	41350260	501
cCREs100089	chr12	44265798	44266299	501
cCREs100302	chr12	45092364	45092865	501
cCREs102622	chr12	58444188	58444689	501
cCREs102798	chr12	59206818	59207319	501
cCREs104491	chr12	70472633	70473134	501
cCREs104581	chr12	70738505	70739006	501
cCREs105072	chr12	72489930	72490601	671
cCREs105259	chr12	73589062	73589563	501
cCREs105268	chr12	73617580	73618143	563
cCREs105674	chr12	75314015	75314705	690
cCREs105781	chr12	75684034	75684535	501
cCREs105803	chr12	75765678	75766239	561
cCREs105822	chr12	75853130	75854079	949
cCREs106638	chr12	79598438	79599044	606
cCREs106677	chr12	79724807	79725308	501
cCREs106954	chr12	80667864	80668762	898
cCREs107331	chr12	82261476	82261977	501
cCREs107937	chr12	84846457	84847203	746
cCREs108089	chr12	85518131	85518632	501
cCREs108146	chr12	85670017	85670518	501
cCREs108207	chr12	85942718	85943219	501
cCREs108219	chr12	85969525	85970082	557
cCREs109328	chr12	91201083	91201584	501
cCREs110550	chr12	98290445	98290946	501
cCREs110559	chr12	98319917	98320418	501
cCREs110657	chr12	98735350	98735851	501
cCREs110970	chr12	99795776	99796431	655
cCREs111437	chr12	101892055	101892556	501
cCREs111452	chr12	101958574	101959075	501
cCREs111700	chr12	102721097	102721598	501
cCREs111893	chr12	103443435	103443989	554
cCREs111899	chr12	103491156	103491657	501
cCREs112970	chr12	108203882	108204397	515
cCREs113550	chr12	110816781	110817282	501
cCREs114200	chr12	113153871	113154372	501
cCREs114229	chr12	115158153	115158654	501
cCREs114230	chr12	115165439	115165940	501
cCREs114231	chr12	115193443	115193944	501
cCREs114232	chr12	115311943	115312444	501
cCREs114235	chr12	116054379	116054880	501
cCREs114636	chr12	117480988	117481489	501
cCREs114692	chr12	117657666	117658188	522
cCREs115170	chr13	3805118	3806067	949
cCREs115362	chr13	5419786	5420287	501
cCREs115368	chr13	5443458	5444278	820
cCREs115445	chr13	5785423	5785924	501
cCREs115459	chr13	5824141	5824642	501
cCREs115728	chr13	6888919	6889913	994
cCREs117436	chr13	16184077	16184578	501
cCREs117907	chr13	18782178	18782679	501
cCREs118061	chr13	19394112	19394619	507
cCREs118258	chr13	20212689	20213190	501
cCREs119001	chr13	24323346	24323847	501
cCREs119081	chr13	24607882	24608383	501
cCREs120828	chr13	32908125	32908626	501
cCREs121016	chr13	34276630	34277241	611
cCREs121436	chr13	36074501	36075002	501
cCREs121683	chr13	37044928	37045429	501
cCREs121685	chr13	37048990	37049491	501
cCREs121750	chr13	37322689	37323190	501
cCREs122258	chr13	39836202	39836703	501
cCREs123379	chr13	44415094	44415595	501
cCREs123410	chr13	44532634	44533135	501
cCREs124048	chr13	46752534	46753035	501
cCREs124197	chr13	47251055	47251556	501
cCREs125087	chr13	52031431	52031932	501
cCREs125809	chr13	54702443	54702944	501
cCREs125910	chr13	55039968	55040469	501
cCREs126120	chr13	56162717	56163218	501
cCREs126223	chr13	56593132	56593633	501
cCREs126701	chr13	58366337	58366838	501
cCREs126959	chr13	59380104	59380605	501
cCREs127093	chr13	59847514	59848105	591
cCREs129382	chr13	75879353	75879854	501
cCREs130032	chr13	79917797	79918298	501
cCREs130216	chr13	81225001	81225502	501
cCREs130683	chr13	83601704	83602205	501
cCREs130992	chr13	85240508	85241009	501
cCREs131263	chr13	88459439	88460226	787
cCREs132478	chr13	93810152	93810820	668
cCREs132663	chr13	94466885	94467386	501
cCREs133039	chr13	95888157	95889082	925
cCREs133171	chr13	96433636	96434137	501
cCREs133467	chr13	97584026	97584527	501
cCREs133504	chr13	97698910	97699411	501
cCREs133825	chr13	98874165	98874666	501
cCREs134283	chr13	100682712	100683349	637
cCREs134310	chr13	100866216	100866717	501
cCREs134584	chr13	101918141	101918642	501
cCREs135206	chr13	104611224	104611725	501
cCREs137445	chr13	113485372	113485873	501
cCREs137876	chr13	115136714	115137272	558
cCREs137881	chr13	115178090	115178591	501
cCREs138241	chr13	117241967	117242468	501
cCREs138501	chr13	118417493	118417994	501
cCREs138503	chr13	118420400	118420901	501
cCREs138832	chr14	7976092	7976593	501
cCREs138834	chr14	7986925	7987426	501
cCREs140292	chr14	14002701	14003202	501
cCREs141053	chr14	18233847	18234348	501
cCREs141298	chr14	19965814	19966315	501
cCREs141358	chr14	20178984	20179485	501
cCREs141394	chr14	20370684	20371185	501
cCREs142982	chr14	27181881	27182572	691
cCREs143025	chr14	27327862	27328363	501
cCREs143865	chr14	30322319	30322820	501
cCREs144044	chr14	31147970	31148471	501
cCREs144095	chr14	31374327	31374828	501
cCREs146129	chr14	44835121	44835622	501
cCREs146170	chr14	45037964	45038465	501
cCREs146208	chr14	45251620	45252121	501
cCREs146214	chr14	45291557	45292058	501
cCREs146312	chr14	45685263	45685764	501
cCREs146549	chr14	46912449	46912950	501
cCREs147315	chr14	51164289	51164790	501
cCREs147329	chr14	51250255	51250756	501
cCREs147423	chr14	52120102	52120603	501
cCREs147435	chr14	52198037	52198538	501
cCREs147692	chr14	54442501	54443002	501
cCREs147981	chr14	55735786	55736673	887
cCREs148452	chr14	58201256	58201757	501
cCREs149182	chr14	61548527	61549028	501
cCREs149262	chr14	62026440	62026945	505
cCREs149505	chr14	63123627	63124128	501
cCREs150093	chr14	65100434	65100935	501
cCREs150797	chr14	67884603	67885104	501
cCREs151371	chr14	70768052	70768553	501
cCREs151451	chr14	71093453	71093954	501
cCREs151733	chr14	72604122	72604623	501
cCREs151800	chr14	72933589	72934090	501
cCREs152619	chr14	76097205	76097706	501
cCREs152635	chr14	76171238	76171739	501
cCREs155972	chr14	95926639	95927140	501
cCREs155977	chr14	95956013	95956795	782
cCREs157009	chr14	101503576	101504077	501
cCREs157044	chr14	101593974	101594694	720
cCREs157194	chr14	102163841	102164342	501
cCREs157457	chr14	103362924	103363609	685
cCREs157981	chr14	106035183	106035684	501
cCREs160753	chr14	121423450	121423951	501
cCREs160920	chr14	121934502	121935003	501
cCREs161062	chr14	122499692	122500405	713
cCREs161743	chr15	4734040	4734579	539
cCREs161758	chr15	4840094	4840595	501
cCREs161847	chr15	5347612	5348113	501
cCREs162345	chr15	8045065	8045826	761
cCREs162573	chr15	9427792	9428293	501
cCREs163162	chr15	12052100	12052614	514
cCREs163567	chr15	13361973	13362474	501
cCREs163577	chr15	13423419	13423920	501
cCREs165278	chr15	25834774	25835275	501
cCREs165764	chr15	27687954	27688755	801
cCREs166107	chr15	29026158	29026659	501
cCREs166375	chr15	30615373	30615874	501
cCREs166668	chr15	31466748	31467249	501
cCREs166672	chr15	31473994	31474495	501
cCREs166717	chr15	31649600	31650101	501
cCREs167354	chr15	34775735	34776236	501
cCREs167409	chr15	35078195	35078874	679
cCREs168214	chr15	38659998	38660711	713
cCREs170084	chr15	50361333	50362182	849
cCREs170089	chr15	50402449	50402950	501
cCREs170110	chr15	50649479	50650251	772
cCREs170143	chr15	50762670	50763171	501
cCREs170147	chr15	50779576	50780077	501
cCREs170163	chr15	50827296	50827797	501
cCREs170179	chr15	50866826	50867327	501
cCREs170813	chr15	53729963	53730464	501
cCREs172036	chr15	59248358	59248859	501
cCREs172142	chr15	59614120	59614621	501
cCREs172177	chr15	59716802	59717483	681
cCREs173736	chr15	66742496	66742997	501
cCREs173756	chr15	66809970	66810471	501
cCREs173890	chr15	67234962	67235463	501
cCREs174110	chr15	68175601	68176102	501
cCREs176544	chr15	78878834	78879613	779
cCREs177824	chr15	84246128	84246629	501
cCREs178045	chr15	84995074	84995575	501
cCREs178056	chr15	85030482	85030983	501
cCREs178994	chr15	88855409	88856443	1034
cCREs179045	chr15	89131287	89131788	501
cCREs179369	chr15	90669431	90669932	501
cCREs179490	chr15	91194535	91195036	501
cCREs180011	chr15	93294454	93294955	501
cCREs180315	chr15	94591321	94591822	501
cCREs180645	chr15	95838294	95839058	764
cCREs180844	chr15	96655428	96655929	501
cCREs181032	chr15	97519915	97520416	501
cCREs181041	chr15	97576719	97577220	501
cCREs181073	chr15	97726943	97727569	626
cCREs181234	chr15	98506146	98506647	501
cCREs181431	chr15	99398321	99398822	501
cCREs181922	chr15	101319412	101319913	501
cCREs181935	chr15	101365687	101367203	1516
cCREs181936	chr15	101367458	101367959	501
cCREs182044	chr15	101981223	101981724	501
cCREs182428	chr16	3714712	3715213	501
cCREs183952	chr16	10436153	10436654	501
cCREs183964	chr16	10475883	10476384	501
cCREs183965	chr16	10482222	10482887	665
cCREs184112	chr16	11001567	11002068	501
cCREs184778	chr16	13848162	13848879	717
cCREs184784	chr16	13866486	13866987	501
cCREs184872	chr16	14358455	14358956	501
cCREs185097	chr16	16571280	16571781	501
cCREs185098	chr16	16573106	16573607	501
cCREs185235	chr16	17461501	17462050	549
cCREs185338	chr16	17880740	17881241	501
cCREs185634	chr16	20085513	20086014	501
cCREs186366	chr16	23557120	23557621	501
cCREs186486	chr16	24136401	24136902	501
cCREs187760	chr16	29847763	29848264	501
cCREs188381	chr16	32595106	32595607	501
cCREs188446	chr16	32866677	32867178	501
cCREs188536	chr16	33347230	33347731	501
cCREs189383	chr16	36724936	36725437	501
cCREs190917	chr16	43448389	43449060	671
cCREs191304	chr16	44760119	44760620	501
cCREs192009	chr16	48811965	48812466	501
cCREs192012	chr16	48829003	48829504	501
cCREs192015	chr16	48833562	48834063	501
cCREs192018	chr16	48863194	48863695	501
cCREs192019	chr16	48864959	48865460	501
cCREs192026	chr16	48940647	48941148	501
cCREs192295	chr16	49971245	49971746	501
cCREs192401	chr16	50410726	50411525	799
cCREs193289	chr16	55623279	55623780	501
cCREs193675	chr16	57502204	57502705	501
cCREs194805	chr16	64941791	64942292	501
cCREs194909	chr16	65450635	65451378	743
cCREs194914	chr16	65470622	65471123	501
cCREs194936	chr16	65548917	65549418	501
cCREs198381	chr16	85277785	85278286	501
cCREs198387	chr16	85304912	85305413	501
cCREs199581	chr16	90743372	90744216	844
cCREs199726	chr16	91359190	91360026	836
cCREs199751	chr16	91438073	91438574	501
cCREs199828	chr16	91734696	91735254	558
cCREs199859	chr16	91820275	91820776	501
cCREs200181	chr16	93084275	93084776	501
cCREs200347	chr16	93818692	93819193	501
cCREs200484	chr16	94488325	94488826	501
cCREs201916	chr17	5521506	5522007	501
cCREs202011	chr17	5807069	5807570	501
cCREs202198	chr17	6986012	6986596	584
cCREs202357	chr17	7884750	7885251	501
cCREs202958	chr17	10606115	10606616	501
cCREs202992	chr17	10740079	10740580	501
cCREs202998	chr17	10764319	10764820	501
cCREs203525	chr17	12921016	12921517	501
cCREs204178	chr17	17871629	17872130	501
cCREs204183	chr17	18558751	18559252	501
cCREs204225	chr17	21703372	21703873	501
cCREs204374	chr17	24166833	24167334	501
cCREs204850	chr17	26464920	26465606	686
cCREs205097	chr17	27527154	27527655	501
cCREs205460	chr17	29020379	29020897	518
cCREs205580	chr17	29431775	29432463	688
cCREs206108	chr17	31558819	31559320	501
cCREs206523	chr17	34540310	34540811	501
cCREs206569	chr17	34746601	34747102	501
cCREs206571	chr17	34761423	34761924	501
cCREs206579	chr17	34881815	34882336	521
cCREs206588	chr17	34934755	34935256	501
cCREs206729	chr17	35780240	35780741	501
cCREs206813	chr17	36205268	36206315	1047
cCREs206876	chr17	37016279	37016780	501
cCREs207379	chr17	43570354	43570855	501
cCREs208119	chr17	46892470	46892971	501
cCREs208290	chr17	47670512	47671013	501
cCREs208681	chr17	49429039	49429540	501
cCREs209141	chr17	51397903	51398404	501
cCREs209436	chr17	53468480	53468981	501
cCREs209702	chr17	55721263	55721764	501
cCREs209786	chr17	56219793	56220294	501
cCREs210050	chr17	57337998	57338499	501
cCREs210621	chr17	62558101	62558602	501
cCREs211273	chr17	64941510	64942011	501
cCREs211296	chr17	65032737	65033238	501
cCREs212713	chr17	70829187	70829688	501
cCREs212860	chr17	71503789	71504368	579
cCREs213231	chr17	73040921	73041422	501
cCREs213552	chr17	74458952	74459453	501
cCREs213617	chr17	74808281	74808782	501
cCREs213683	chr17	75119395	75119896	501
cCREs214323	chr17	78890956	78891457	501
cCREs214475	chr17	79569617	79570118	501
cCREs215420	chr17	83709425	83709926	501
cCREs215715	chr17	84647607	84648108	501
cCREs216369	chr17	87302242	87302903	661
cCREs216534	chr17	88118676	88119177	501
cCREs216550	chr17	88190734	88191235	501
cCREs217683	chr18	4351174	4351675	501
cCREs218152	chr18	6377514	6378049	535
cCREs218688	chr18	9743134	9743707	573
cCREs218708	chr18	9827972	9828473	501
cCREs218751	chr18	10136406	10136907	501
cCREs218844	chr18	10615112	10615613	501
cCREs219012	chr18	11668857	11669358	501
cCREs219321	chr18	12738312	12738813	501
cCREs220367	chr18	17728613	17729114	501
cCREs220372	chr18	17748543	17749044	501
cCREs220792	chr18	20802990	20803491	501
cCREs221571	chr18	24223499	24224000	501
cCREs222835	chr18	30160235	30160736	501
cCREs222937	chr18	30583386	30584273	887
cCREs223109	chr18	31319832	31320333	501
cCREs223397	chr18	32644044	32644642	598
cCREs223420	chr18	32804069	32804570	501
cCREs223426	chr18	32832811	32833312	501
cCREs224263	chr18	36230613	36231114	501
cCREs224319	chr18	36465007	36465508	501
cCREs224484	chr18	37924215	37924747	532
cCREs225577	chr18	42319370	42320094	724
cCREs226539	chr18	46550668	46551169	501
cCREs226543	chr18	46562333	46562834	501
cCREs226637	chr18	46962673	46963174	501
cCREs227225	chr18	49642717	49643218	501
cCREs227267	chr18	49833927	49834428	501
cCREs227703	chr18	52164793	52165294	501
cCREs227917	chr18	53160112	53160613	501
cCREs228505	chr18	55389599	55390142	543
cCREs228509	chr18	55408710	55409705	995
cCREs229317	chr18	58531195	58531696	501
cCREs229318	chr18	58535828	58536540	712
cCREs229325	chr18	58573850	58574585	735
cCREs229476	chr18	59423707	59424208	501
cCREs229596	chr18	60238635	60239234	599
cCREs230086	chr18	61775399	61776192	793
cCREs231024	chr18	65416132	65416633	501
cCREs231293	chr18	66472936	66473455	519
cCREs231511	chr18	67435381	67435882	501
cCREs232023	chr18	69387756	69388626	870
cCREs233246	chr18	74882376	74882877	501
cCREs233964	chr18	77685340	77685841	501
cCREs234587	chr18	80319138	80319639	501
cCREs234634	chr18	80467862	80468363	501
cCREs235188	chr18	82862068	82862569	501
cCREs235367	chr18	83732620	83733121	501
cCREs235391	chr18	83832091	83832592	501
cCREs236343	chr18	89181563	89182064	501
cCREs236534	chr19	3322173	3322674	501
cCREs236547	chr19	3376900	3377778	878
cCREs236671	chr19	4042018	4042601	583
cCREs237021	chr19	5879020	5879521	501
cCREs237064	chr19	6164093	6164890	797
cCREs237066	chr19	6189238	6189739	501
cCREs237084	chr19	6290990	6291932	942
cCREs237408	chr19	8212472	8212973	501
cCREs237462	chr19	8714795	8715296	501
cCREs237467	chr19	8763151	8763652	501
cCREs237577	chr19	9898351	9898852	501
cCREs237654	chr19	10173399	10174347	948
cCREs237793	chr19	10693841	10694342	501
cCREs237891	chr19	11107748	11108249	501
cCREs237916	chr19	11329426	11329927	501
cCREs237918	chr19	11335869	11336370	501
cCREs237921	chr19	11368203	11368704	501
cCREs237922	chr19	11375258	11375759	501
cCREs237923	chr19	11376366	11376867	501
cCREs237930	chr19	11431142	11431651	509
cCREs238123	chr19	12818458	12818959	501
cCREs238132	chr19	12929806	12930307	501
cCREs238288	chr19	14676967	14677468	501
cCREs238540	chr19	16122312	16122813	501
cCREs238565	chr19	16200159	16200660	501
cCREs239487	chr19	21189167	21189668	501
cCREs239667	chr19	21895527	21896028	501
cCREs240432	chr19	24703509	24704010	501
cCREs240493	chr19	24953524	24954025	501
cCREs241905	chr19	31269402	31269913	511
cCREs242066	chr19	32111722	32112223	501
cCREs242129	chr19	32276747	32277248	501
cCREs242218	chr19	32583043	32583544	501
cCREs242253	chr19	32760356	32760857	501
cCREs242606	chr19	34788812	34789567	755
cCREs242820	chr19	35997343	35997844	501
cCREs243180	chr19	37523681	37524182	501
cCREs243252	chr19	37957167	37957687	520
cCREs243809	chr19	41379563	41380064	501
cCREs243911	chr19	41764629	41765130	501
cCREs244352	chr19	43920332	43920876	544
cCREs244357	chr19	43930134	43930868	734
cCREs244676	chr19	45672918	45673419	501
cCREs244870	chr19	46524476	46525123	647
cCREs245207	chr19	47754894	47755451	557
cCREs245235	chr19	47902351	47902926	575
cCREs245905	chr19	50999293	50999794	501
cCREs246337	chr19	53564039	53564686	647
cCREs246976	chr19	56375527	56376028	501
cCREs247475	chr19	58106774	58107275	501
cCREs248140	chr19	61228208	61228709	501
cCREs248219	chr2	3355471	3356252	781
cCREs248232	chr2	3428983	3429484	501
cCREs248234	chr2	3438608	3439109	501
cCREs248243	chr2	3519709	3520210	501
cCREs248248	chr2	3579245	3579929	684
cCREs248267	chr2	3656781	3657282	501
cCREs248932	chr2	6378581	6379333	752
cCREs250535	chr2	14186808	14187355	547
cCREs250542	chr2	14210689	14211190	501
cCREs250550	chr2	14262013	14262514	501
cCREs250560	chr2	14323098	14323599	501
cCREs250864	chr2	16183116	16183617	501
cCREs251241	chr2	17936394	17936895	501
cCREs251354	chr2	18592159	18592660	501
cCREs252219	chr2	22816255	22816756	501
cCREs252572	chr2	25195779	25196339	560
cCREs252776	chr2	26188431	26189050	619
cCREs252910	chr2	26744225	26744726	501
cCREs253542	chr2	29412383	29412884	501
cCREs253738	chr2	30212904	30213405	501
cCREs254621	chr2	33359112	33359613	501
cCREs254774	chr2	33918780	33919281	501
cCREs255056	chr2	35248301	35249064	763
cCREs255059	chr2	35259640	35260141	501
cCREs255085	chr2	35345951	35346452	501
cCREs255121	chr2	35486843	35487476	633
cCREs256483	chr2	43761704	43762205	501
cCREs258052	chr2	51376542	51377110	568
cCREs258662	chr2	53850765	53851266	501
cCREs259864	chr2	59925139	59925640	501
cCREs260271	chr2	61579326	61579827	501
cCREs260452	chr2	62440900	62441627	727
cCREs261747	chr2	68434478	68435034	556
cCREs262079	chr2	69821583	69822099	516
cCREs262780	chr2	72375659	72376497	838
cCREs263500	chr2	75638087	75638588	501
cCREs264408	chr2	79256905	79257406	501
cCREs265348	chr2	84254974	84255475	501
cCREs265439	chr2	84623728	84624229	501
cCREs266039	chr2	91002085	91002622	537
cCREs266214	chr2	91726923	91727424	501
cCREs266898	chr2	93988432	93989261	829
cCREs268378	chr2	102815212	102815713	501
cCREs270265	chr2	112447948	112448697	749
cCREs271463	chr2	117403569	117404213	644
cCREs271769	chr2	118562304	118562805	501
cCREs272083	chr2	120137330	120137831	501
cCREs272087	chr2	120158128	120158629	501
cCREs272525	chr2	122453937	122454438	501
cCREs272585	chr2	122770975	122771516	541
cCREs272880	chr2	124264228	124264729	501
cCREs273015	chr2	124690315	124690816	501
cCREs273018	chr2	124704915	124705416	501
cCREs273424	chr2	126397421	126397922	501
cCREs273559	chr2	127079949	127080450	501
cCREs273561	chr2	127086131	127086632	501
cCREs273912	chr2	128710843	128711344	501
cCREs274446	chr2	130965000	130965501	501
cCREs274477	chr2	131088359	131088860	501
cCREs274897	chr2	132630806	132631307	501
cCREs274899	chr2	132637542	132638043	501
cCREs275094	chr2	133511347	133511848	501
cCREs276790	chr2	140843968	140844469	501
cCREs276794	chr2	140863583	140864084	501
cCREs277350	chr2	143071719	143072220	501
cCREs277690	chr2	144290287	144290788	501
cCREs277807	chr2	144720403	144720904	501
cCREs278694	chr2	148526973	148527474	501
cCREs281152	chr2	160060021	160060522	501
cCREs282173	chr2	164458254	164458755	501
cCREs282231	chr2	164760381	164760882	501
cCREs282255	chr2	164858136	164858637	501
cCREs282682	chr2	166275342	166275843	501
cCREs282844	chr2	166826773	166827274	501
cCREs283104	chr2	167772821	167773322	501
cCREs283323	chr2	168578048	168578549	501
cCREs283700	chr2	170217448	170217949	501
cCREs284399	chr2	173538475	173538976	501
cCREs285560	chr2	181243959	181244496	537
cCREs286443	chr3	9605700	9606201	501
cCREs286541	chr3	9902318	9902819	501
cCREs287325	chr3	15332113	15332614	501
cCREs287329	chr3	15427851	15428352	501
cCREs287332	chr3	15576430	15576931	501
cCREs287338	chr3	16006188	16006689	501
cCREs287339	chr3	16007769	16008270	501
cCREs287834	chr3	19301193	19301694	501
cCREs287868	chr3	19460553	19461054	501
cCREs287965	chr3	19948478	19948979	501
cCREs288043	chr3	20348123	20348624	501
cCREs288050	chr3	20422836	20423337	501
cCREs288814	chr3	25078723	25079224	501
cCREs289258	chr3	27202698	27203199	501
cCREs290142	chr3	30902921	30903422	501
cCREs291359	chr3	36318549	36319050	501
cCREs291640	chr3	37584413	37584914	501
cCREs291677	chr3	37743996	37744497	501
cCREs292437	chr3	41244870	41245371	501
cCREs294271	chr3	52404570	52405312	742
cCREs294413	chr3	52888081	52888582	501
cCREs294812	chr3	54317190	54317691	501
cCREs294879	chr3	54611294	54612087	793
cCREs294890	chr3	54668730	54669231	501
cCREs295834	chr3	58399859	58400382	523
cCREs296232	chr3	60531247	60531748	501
cCREs296301	chr3	60742183	60742684	501
cCREs297126	chr3	65417877	65418603	726
cCREs297129	chr3	65438775	65439276	501
cCREs297227	chr3	65773839	65774340	501
cCREs297274	chr3	65911253	65911754	501
cCREs297946	chr3	69155825	69156326	501
cCREs298107	chr3	69702465	69702966	501
cCREs298898	chr3	75743588	75744502	914
cCREs299249	chr3	78312704	78313205	501
cCREs299982	chr3	81101302	81101803	501
cCREs299985	chr3	81112855	81113356	501
cCREs300384	chr3	82793590	82794091	501
cCREs300886	chr3	84852818	84853353	535
cCREs301521	chr3	87337845	87338346	501
cCREs301764	chr3	88454664	88455165	501
cCREs301937	chr3	89251186	89252045	859
cCREs301986	chr3	89427910	89428411	501
cCREs302141	chr3	89999780	90000281	501
cCREs302609	chr3	94613404	94613962	558
cCREs302659	chr3	94935321	94935886	565
cCREs302671	chr3	94994769	94995270	501
cCREs302942	chr3	96251723	96252224	501
cCREs303345	chr3	97994759	97995260	501
cCREs303680	chr3	100160534	100161035	501
cCREs303778	chr3	100617821	100618322	501
cCREs305304	chr3	107031490	107031991	501
cCREs305935	chr3	109251695	109252196	501
cCREs305958	chr3	109341528	109342029	501
cCREs305992	chr3	109448150	109448651	501
cCREs305993	chr3	109451462	109452425	963
cCREs308415	chr3	122497833	122498360	527
cCREs309252	chr3	126655033	126655534	501
cCREs309266	chr3	126696535	126697036	501
cCREs310218	chr3	130764070	130764630	560
cCREs310475	chr3	131869297	131869798	501
cCREs311133	chr3	135470836	135471622	786
cCREs311740	chr3	137869298	137869799	501
cCREs311902	chr3	138519182	138519683	501
cCREs313643	chr3	145737833	145738707	874
cCREs313749	chr3	146153726	146154276	550
cCREs313921	chr3	146752745	146753246	501
cCREs314264	chr3	148278936	148279481	545
cCREs314274	chr3	148321797	148322298	501
cCREs314410	chr3	148981752	148982726	974
cCREs314778	chr3	151071376	151071877	501
cCREs314838	chr3	151424289	151425281	992
cCREs316638	chr3	158195365	158195866	501
cCREs316954	chr4	3626643	3627442	799
cCREs317114	chr4	4595835	4596336	501
cCREs318667	chr4	12423735	12424488	753
cCREs318669	chr4	12427404	12427905	501
cCREs318818	chr4	13152104	13152605	501
cCREs319463	chr4	16213222	16213723	501
cCREs319924	chr4	19670455	19671520	1065
cCREs319938	chr4	19740885	19741722	837
cCREs319956	chr4	19879592	19880093	501
cCREs321999	chr4	32588029	32588530	501
cCREs322569	chr4	35131517	35132018	501
cCREs323546	chr4	41311086	41311587	501
cCREs323847	chr4	43466439	43466940	501
cCREs324396	chr4	46120455	46120956	501
cCREs324548	chr4	46754667	46755168	501
cCREs324642	chr4	46951143	46951644	501
cCREs325880	chr4	53133423	53133924	501
cCREs325888	chr4	53155370	53155973	603
cCREs325965	chr4	53411948	53412449	501
cCREs326455	chr4	55390613	55391114	501
cCREs326456	chr4	55391527	55392031	504
cCREs327380	chr4	59224762	59225263	501
cCREs327383	chr4	59236346	59236847	501
cCREs327527	chr4	59808351	59808852	501
cCREs327634	chr4	62282408	62283356	948
cCREs327645	chr4	62317354	62317855	501
cCREs328725	chr4	66851835	66852420	585
cCREs329673	chr4	72299183	72299684	501
cCREs329691	chr4	72425262	72425763	501
cCREs329997	chr4	75315086	75315869	783
cCREs330031	chr4	75602124	75602792	668
cCREs331627	chr4	84359917	84360418	501
cCREs332105	chr4	86579926	86580608	682
cCREs332118	chr4	86671758	86672354	596
cCREs332124	chr4	86690075	86690702	627
cCREs332590	chr4	88432344	88432845	501
cCREs332630	chr4	88707065	88707566	501
cCREs333740	chr4	95867059	95867560	501
cCREs333898	chr4	97018188	97019288	1100
cCREs334229	chr4	98465392	98465893	501
cCREs334403	chr4	99126699	99127200	501
cCREs334419	chr4	99177158	99177659	501
cCREs335255	chr4	102657196	102657697	501
cCREs335364	chr4	103025346	103025847	501
cCREs336684	chr4	108067841	108068342	501
cCREs336893	chr4	109204255	109204882	627
cCREs336907	chr4	109257629	109258130	501
cCREs336920	chr4	109333028	109333529	501
cCREs338733	chr4	121021783	121022408	625
cCREs338984	chr4	123742472	123742973	501
cCREs339005	chr4	123921108	123921609	501
cCREs339663	chr4	126702417	126702918	501
cCREs340920	chr4	131857918	131858419	501
cCREs341566	chr4	134683797	134684373	576
cCREs341653	chr4	135054374	135054875	501
cCREs341665	chr4	135181702	135182203	501
cCREs341667	chr4	135192811	135193312	501
cCREs341683	chr4	135236509	135237010	501
cCREs341843	chr4	136035020	136035521	501
cCREs342348	chr4	138066247	138066748	501
cCREs342547	chr4	138768574	138769075	501
cCREs343051	chr4	140787375	140787956	581
cCREs343084	chr4	140975395	140975896	501
cCREs343252	chr4	141552414	141552915	501
cCREs343276	chr4	141645944	141646587	643
cCREs343377	chr4	142021213	142021714	501
cCREs343764	chr4	145019107	145019891	784
cCREs343849	chr4	145300103	145300604	501
cCREs344446	chr4	150089022	150089523	501
cCREs344655	chr4	150837397	150837898	501
cCREs345667	chr4	154934821	154935515	694
cCREs345724	chr4	155121126	155121627	501
cCREs345936	chr4	156076793	156077294	501
cCREs346964	chr5	8675539	8676040	501
cCREs348274	chr5	17835720	17836221	501
cCREs348283	chr5	17879731	17880232	501
cCREs348305	chr5	18013094	18013595	501
cCREs348578	chr5	19655956	19656457	501
cCREs348865	chr5	20674435	20674936	501
cCREs349069	chr5	21563809	21564469	660
cCREs349761	chr5	24542657	24543158	501
cCREs349822	chr5	24813961	24814462	501
cCREs350864	chr5	30343836	30344337	501
cCREs352702	chr5	38091864	38092365	501
cCREs352969	chr5	38930903	38931404	501
cCREs353138	chr5	39636044	39636559	515
cCREs353751	chr5	42966874	42967375	501
cCREs353980	chr5	43854070	43854594	524
cCREs353981	chr5	43855698	43856199	501
cCREs354446	chr5	45677560	45678061	501
cCREs356110	chr5	53385369	53385870	501
cCREs356124	chr5	53437189	53437690	501
cCREs356134	chr5	53460152	53460653	501
cCREs357645	chr5	63943253	63943754	501
cCREs358092	chr5	65485750	65486317	567
cCREs358094	chr5	65489753	65490254	501
cCREs358193	chr5	66015440	66015941	501
cCREs358623	chr5	67450163	67450664	501
cCREs359454	chr5	72194923	72195874	951
cCREs359541	chr5	72554236	72554737	501
cCREs359597	chr5	72812252	72812753	501
cCREs360527	chr5	76174980	76175481	501
cCREs361155	chr5	79794716	79795217	501
cCREs362128	chr5	86084932	86085433	501
cCREs362135	chr5	86129784	86130285	501
cCREs362883	chr5	90689631	90690132	501
cCREs362885	chr5	90695935	90696436	501
cCREs362887	chr5	90700196	90700697	501
cCREs362901	chr5	90771383	90771884	501
cCREs362922	chr5	90894227	90894728	501
cCREs362992	chr5	91278461	91278962	501
cCREs363240	chr5	92245442	92245943	501
cCREs363305	chr5	92487240	92487741	501
cCREs363311	chr5	92499384	92499943	559
cCREs363762	chr5	96920996	96921497	501
cCREs363853	chr5	97345064	97345565	501
cCREs363975	chr5	98034179	98034680	501
cCREs364258	chr5	99414223	99414724	501
cCREs364594	chr5	100709974	100710475	501
cCREs365199	chr5	103472652	103473153	501
cCREs365242	chr5	103614020	103614814	794
cCREs365256	chr5	103691487	103692014	527
cCREs365470	chr5	105052095	105052596	501
cCREs365480	chr5	105150800	105151301	501
cCREs366034	chr5	107707903	107708861	958
cCREs366115	chr5	108248480	108248981	501
cCREs367452	chr5	114680815	114681341	526
cCREs367494	chr5	114827375	114827876	501
cCREs367497	chr5	114855136	114855637	501
cCREs368762	chr5	120574449	120575059	610
cCREs368813	chr5	120749697	120750198	501
cCREs369089	chr5	121870719	121871624	905
cCREs369298	chr5	122647741	122648534	793
cCREs369306	chr5	122688813	122689314	501
cCREs369413	chr5	123135400	123135933	533
cCREs369511	chr5	123568060	123568561	501
cCREs371048	chr5	129924693	129925194	501
cCREs372378	chr5	135906865	135907366	501
cCREs372803	chr5	138227323	138227824	501
cCREs372805	chr5	138229456	138229957	501
cCREs373461	chr5	141045735	141046236	501
cCREs374547	chr5	146829495	146829996	501
cCREs374955	chr5	148678521	148679022	501
cCREs374962	chr5	148700182	148700683	501
cCREs375650	chr5	151333020	151333521	501
cCREs375710	chr6	3462993	3463494	501
cCREs375712	chr6	3474765	3475470	705
cCREs375715	chr6	3487363	3487864	501
cCREs376834	chr6	8744224	8744725	501
cCREs377836	chr6	15463348	15463849	501
cCREs377855	chr6	15626101	15626602	501
cCREs377869	chr6	15739118	15739619	501
cCREs377873	chr6	15758350	15759274	924
cCREs379088	chr6	22398349	22398850	501
cCREs379106	chr6	22453088	22453589	501
cCREs381711	chr6	34005638	34006139	501
cCREs382812	chr6	38610185	38610686	501
cCREs383085	chr6	39537954	39538770	816
cCREs383164	chr6	39847492	39847993	501
cCREs383387	chr6	40476077	40476578	501
cCREs383664	chr6	42381657	42382516	859
cCREs384371	chr6	46450315	46450816	501
cCREs384619	chr6	47790676	47791177	501
cCREs385330	chr6	50977954	50979070	1116
cCREs385377	chr6	51129543	51130082	539
cCREs385452	chr6	51520585	51521086	501
cCREs385616	chr6	52424391	52424892	501
cCREs385839	chr6	53216594	53217095	501
cCREs385917	chr6	53592179	53592680	501
cCREs386824	chr6	56894204	56894705	501
cCREs386877	chr6	57520599	57521358	759
cCREs387101	chr6	59022615	59023116	501
cCREs388037	chr6	65146305	65146806	501
cCREs388845	chr6	71193100	71193601	501
cCREs388899	chr6	71437969	71438470	501
cCREs392115	chr6	87525120	87525621	501
cCREs392169	chr6	87809110	87809611	501
cCREs392597	chr6	89413562	89414092	530
cCREs392603	chr6	89430719	89431220	501
cCREs392613	chr6	89455328	89455829	501
cCREs393275	chr6	92126812	92127601	789
cCREs394574	chr6	97456154	97456655	501
cCREs394724	chr6	97987421	97987922	501
cCREs394963	chr6	98959275	98959776	501
cCREs395134	chr6	99435037	99435538	501
cCREs395771	chr6	101555141	101555642	501
cCREs397244	chr6	108404669	108405170	501
cCREs398589	chr6	114268584	114269118	534
cCREs398628	chr6	114364637	114365138	501
cCREs398673	chr6	114644459	114644960	501
cCREs398755	chr6	114912451	114912952	501
cCREs399052	chr6	116003477	116004437	960
cCREs399055	chr6	116006605	116007275	670
cCREs399171	chr6	116486789	116487290	501
cCREs399185	chr6	116621199	116621818	619
cCREs399227	chr6	116735243	116735744	501
cCREs399897	chr6	119360221	119360722	501
cCREs400357	chr6	121341643	121342399	756
cCREs400539	chr6	122635271	122635772	501
cCREs400544	chr6	122657591	122658299	708
cCREs400609	chr6	123095060	123095903	843
cCREs400615	chr6	123175469	123175970	501
cCREs400619	chr6	123229611	123230112	501
cCREs400622	chr6	123252802	123253303	501
cCREs400654	chr6	124202064	124202565	501
cCREs400662	chr6	124278858	124280001	1143
cCREs401282	chr6	127008066	127008738	672
cCREs401877	chr6	129471265	129471766	501
cCREs401925	chr6	131247109	131247610	501
cCREs402197	chr6	134539386	134539887	501
cCREs403029	chr6	137412959	137413460	501
cCREs403882	chr6	140815702	140816203	501
cCREs404900	chr6	145276797	145277298	501
cCREs405055	chr6	145802400	145803401	1001
cCREs405755	chr6	148608893	148609394	501
cCREs405872	chr6	149193436	149193993	557
cCREs406014	chr7	3957419	3957920	501
cCREs406389	chr7	14533801	14534302	501
cCREs406846	chr7	19468254	19468931	677
cCREs406854	chr7	19500821	19501322	501
cCREs406897	chr7	19683713	19684214	501
cCREs407250	chr7	25790573	25791074	501
cCREs407333	chr7	27357225	27358035	810
cCREs407349	chr7	27449173	27449674	501
cCREs407361	chr7	27506862	27507363	501
cCREs407447	chr7	28053533	28054073	540
cCREs407589	chr7	28932311	28932872	561
cCREs407780	chr7	30000069	30001069	1000
cCREs407941	chr7	31002516	31003107	591
cCREs407987	chr7	33794978	33795479	501
cCREs407988	chr7	33857774	33858275	501
cCREs407989	chr7	33899985	33900486	501
cCREs408257	chr7	35334827	35335582	755
cCREs409084	chr7	42980100	42980601	501
cCREs409094	chr7	43339829	43340330	501
cCREs409138	chr7	43663966	43664467	501
cCREs409358	chr7	45081099	45081600	501
cCREs409549	chr7	45921066	45921775	709
cCREs409745	chr7	46833194	46833717	523
cCREs409768	chr7	46998848	46999349	501
cCREs412591	chr7	66384124	66384648	524
cCREs412802	chr7	67430871	67431372	501
cCREs412954	chr7	67985025	67985526	501
cCREs413311	chr7	69985110	69985611	501
cCREs413606	chr7	71784915	71785416	501
cCREs413622	chr7	71873731	71874232	501
cCREs413675	chr7	72161839	72162770	931
cCREs413676	chr7	72165961	72166480	519
cCREs414254	chr7	74497123	74497624	501
cCREs414346	chr7	74908241	74908742	501
cCREs415485	chr7	80090071	80090735	664
cCREs415506	chr7	80179199	80179700	501
cCREs415840	chr7	81639369	81639870	501
cCREs415892	chr7	81835359	81835860	501
cCREs416232	chr7	83616222	83616723	501
cCREs416637	chr7	87824941	87825442	501
cCREs416708	chr7	88242947	88243448	501
cCREs416713	chr7	88254825	88255326	501
cCREs416715	chr7	88270373	88270874	501
cCREs416724	chr7	88304378	88304879	501
cCREs416904	chr7	89308908	89309603	695
cCREs417114	chr7	90213950	90214451	501
cCREs417166	chr7	90482656	90483157	501
cCREs418499	chr7	97123222	97123723	501
cCREs418500	chr7	97125267	97125768	501
cCREs418670	chr7	98084109	98085069	960
cCREs418923	chr7	99049815	99050316	501
cCREs419218	chr7	100182324	100182825	501
cCREs419233	chr7	100242299	100242800	501
cCREs419300	chr7	100508544	100509045	501
cCREs419499	chr7	101362711	101363212	501
cCREs419576	chr7	101551458	101551959	501
cCREs419644	chr7	101844186	101844687	501
cCREs420051	chr7	106558440	106558941	501
cCREs420062	chr7	106692926	106693427	501
cCREs420066	chr7	106758758	106759259	501
cCREs420067	chr7	106759973	106760474	501
cCREs420068	chr7	106788263	106788764	501
cCREs420481	chr7	110097102	110097603	501
cCREs420492	chr7	110204790	110205291	501
cCREs420587	chr7	110655070	110655662	592
cCREs420641	chr7	110823652	110824426	774
cCREs420646	chr7	110840234	110840735	501
cCREs420664	chr7	110910452	110910953	501
cCREs420675	chr7	110953020	110953727	707
cCREs421297	chr7	113187826	113188327	501
cCREs421311	chr7	113222116	113222617	501
cCREs421652	chr7	115019994	115020495	501
cCREs422449	chr7	118470331	118470879	548
cCREs422756	chr7	119880276	119880813	537
cCREs423208	chr7	122123010	122124004	994
cCREs423955	chr7	125503233	125503734	501
cCREs424244	chr7	126725052	126725553	501
cCREs424247	chr7	126737910	126738411	501
cCREs424311	chr7	127078217	127078718	501
cCREs424351	chr7	127270217	127270718	501
cCREs424355	chr7	127296133	127296634	501
cCREs424439	chr7	127850020	127850521	501
cCREs424473	chr7	128063161	128063843	682
cCREs424603	chr7	128728612	128729159	547
cCREs426679	chr7	138389012	138389513	501
cCREs427114	chr7	139988197	139988698	501
cCREs427247	chr7	140953777	140954580	803
cCREs427302	chr7	141268751	141269252	501
cCREs427324	chr7	141379508	141380009	501
cCREs427637	chr7	143046311	143046861	550
cCREs427719	chr7	143473490	143474026	536
cCREs428095	chr7	145112327	145112828	501
cCREs428111	chr7	145187718	145188242	524
cCREs428133	chr7	145293133	145293634	501
cCREs428464	chr8	6092416	6092917	501
cCREs430220	chr8	13501142	13501643	501
cCREs431672	chr8	22641721	22642222	501
cCREs431676	chr8	22657830	22658331	501
cCREs431713	chr8	22787481	22788138	657
cCREs432221	chr8	25007740	25008241	501
cCREs432249	chr8	25096782	25097283	501
cCREs432357	chr8	25447859	25449339	1480
cCREs432692	chr8	26886670	26887541	871
cCREs433487	chr8	31123211	31123712	501
cCREs433684	chr8	32120513	32121014	501
cCREs434326	chr8	34895037	34895639	602
cCREs434414	chr8	35208328	35208829	501
cCREs434906	chr8	36814893	36815394	501
cCREs435382	chr8	39642508	39643009	501
cCREs435644	chr8	41046821	41047658	837
cCREs435697	chr8	41284340	41284841	501
cCREs435726	chr8	41375934	41376435	501
cCREs435880	chr8	42193812	42194313	501
cCREs435884	chr8	42209953	42210454	501
cCREs436040	chr8	43350897	43351398	501
cCREs436636	chr8	46336296	46336797	501
cCREs436786	chr8	46886169	46886670	501
cCREs437904	chr8	53434230	53434731	501
cCREs438362	chr8	56324242	56324743	501
cCREs438454	chr8	56892449	56892950	501
cCREs438456	chr8	56896279	56896780	501
cCREs439400	chr8	61920327	61920828	501
cCREs441101	chr8	70645896	70646397	501
cCREs441283	chr8	71631807	71632308	501
cCREs441390	chr8	72322388	72322889	501
cCREs442316	chr8	77388167	77388668	501
cCREs442462	chr8	77976537	77977038	501
cCREs442584	chr8	78626562	78627068	506
cCREs442766	chr8	79322681	79323605	924
cCREs442909	chr8	80031180	80032310	1130
cCREs443378	chr8	82370597	82371098	501
cCREs443916	chr8	84706507	84708116	1609
cCREs444389	chr8	86901892	86902464	572
cCREs444700	chr8	88288460	88289209	749
cCREs448394	chr8	106364207	106364708	501
cCREs449094	chr8	109682068	109682569	501
cCREs449096	chr8	109687214	109687715	501
cCREs449325	chr8	110671935	110672839	904
cCREs449511	chr8	111449663	111450226	563
cCREs450795	chr8	117050710	117051211	501
cCREs450796	chr8	117055072	117055573	501
cCREs450885	chr8	117367377	117367878	501
cCREs451677	chr8	120112546	120113047	501
cCREs452318	chr8	122437914	122438415	501
cCREs452388	chr8	122699119	122699620	501
cCREs453508	chr8	126807259	126807760	501
cCREs453847	chr8	128039312	128039813	501
cCREs453958	chr8	128451857	128452358	501
cCREs454133	chr9	4380529	4381030	501
cCREs454230	chr9	5333371	5333872	501
cCREs454449	chr9	7567328	7567829	501
cCREs454496	chr9	7813883	7814384	501
cCREs454506	chr9	7867959	7868488	529
cCREs455377	chr9	13847625	13848126	501
cCREs455471	chr9	14203755	14204256	501
cCREs456345	chr9	20966729	20967230	501
cCREs456350	chr9	20997085	20997586	501
cCREs456954	chr9	23601473	23601974	501
cCREs457147	chr9	24510356	24510857	501
cCREs460362	chr9	40136927	40137757	830
cCREs460513	chr9	40625621	40626341	720
cCREs460984	chr9	42306311	42306812	501
cCREs461613	chr9	44551059	44551560	501
cCREs461966	chr9	45929222	45930019	797
cCREs462382	chr9	47626708	47627209	501
cCREs464215	chr9	55390118	55390619	501
cCREs464621	chr9	57319012	57319513	501
cCREs465031	chr9	58890846	58891347	501
cCREs465035	chr9	58899138	58900072	934
cCREs465541	chr9	61242079	61242580	501
cCREs465611	chr9	61513217	61513936	719
cCREs465612	chr9	61514393	61514894	501
cCREs465994	chr9	62998563	62999064	501
cCREs466596	chr9	65655407	65655908	501
cCREs466654	chr9	65982776	65983277	501
cCREs468632	chr9	75094634	75095191	557
cCREs469012	chr9	76869562	76870063	501
cCREs469607	chr9	79732675	79733176	501
cCREs470309	chr9	83536022	83536523	501
cCREs471652	chr9	90430670	90431420	750
cCREs472821	chr9	96355623	96356232	609
cCREs472827	chr9	96391916	96392417	501
cCREs473025	chr9	97105342	97105843	501
cCREs473788	chr9	100506563	100507121	558
cCREs474282	chr9	102731101	102731602	501
cCREs474627	chr9	104038907	104039408	501
cCREs474653	chr9	104140304	104140805	501
cCREs474672	chr9	104233753	104234254	501
cCREs474689	chr9	104280927	104281428	501
cCREs474867	chr9	105033861	105034362	501
cCREs475828	chr9	109057446	109057947	501
cCREs475845	chr9	109117950	109118514	564
cCREs476458	chr9	112179928	112180429	501
cCREs476851	chr9	113738963	113739545	582
cCREs478714	chr9	121330046	121330547	501
cCREs479398	chr9	123968434	123968935	501
cCREs479411	chr9	124053499	124054000	501
cCREs479412	chr9	124056319	124056820	501
cCREs479761	chrX	9462631	9463132	501
cCREs479762	chrX	9467019	9467520	501
cCREs479764	chrX	9489296	9489797	501
cCREs479894	chrX	10536748	10537249	501
cCREs480308	chrX	13311300	13311801	501
cCREs480566	chrX	16656337	16657025	688
cCREs480680	chrX	17564673	17565174	501
cCREs480910	chrX	20386978	20387479	501
cCREs481291	chrX	36804127	36804657	530
cCREs481629	chrX	41291078	41291579	501
cCREs482175	chrX	47924791	47925292	501
cCREs482294	chrX	48680630	48681131	501
cCREs482752	chrX	52783854	52784421	567
cCREs482889	chrX	56473951	56474585	634
cCREs482997	chrX	57293434	57293935	501
cCREs484684	chrX	78482990	78483491	501
cCREs484686	chrX	78522977	78523478	501
cCREs485580	chrX	93689180	93689885	705
cCREs485581	chrX	93690752	93691253	501
cCREs485595	chrX	93755866	93756367	501
cCREs485651	chrX	94139876	94140469	593
cCREs485823	chrX	96225467	96225968	501
cCREs485826	chrX	96242450	96243128	678
cCREs485827	chrX	96256446	96256947	501
cCREs485828	chrX	96300266	96300767	501
cCREs485830	chrX	96314106	96314607	501
cCREs485982	chrX	98873828	98874364	536
cCREs486012	chrX	99046243	99046967	724
cCREs486167	chrX	99682410	99682911	501
cCREs486442	chrX	102007883	102008384	501
cCREs486856	chrX	106134731	106135232	501
cCREs487032	chrX	109196488	109196989	501
cCREs488189	chrX	135738712	135739213	501
cCREs490735	chrX	162653503	162654004	501
cCREs491410	chrX	167378335	167378836	501
cCREs491491	chrX	167850115	167850616	501
cCREs491641	chrX	168907420	168907963	543
cCREs491643	chrX	168941835	168942336	501
cCREs491669	chrX	169106046	169106780	734
cCREs491798	chrY	1236581	1237082	501
cCREs491801	chrY	1293620	1294121	501
cCREs491806	chrY	90739811	90740775	964
cCREs944	chr1	9851374	9851916	542
cCREs4811	chr1	31175345	31175848	503
cCREs25826	chr1	135217504	135218120	616
cCREs29422	chr1	153994813	153995323	510
cCREs40518	chr10	8233121	8233644	523
cCREs43709	chr10	21717656	21718564	908
cCREs51348	chr10	62190741	62191242	501
cCREs52563	chr10	68121825	68122459	634
cCREs66449	chr11	3292891	3293688	797
cCREs66900	chr11	5141200	5141712	512
cCREs81316	chr11	73324436	73325288	852
cCREs82602	chr11	79859172	79859715	543
cCREs87585	chr11	103358254	103358792	538
cCREs91769	chr11	120014219	120015222	1003
cCREs92173	chr12	3210145	3210657	512
cCREs105172	chr12	73236561	73237315	754
cCREs106814	chr12	80138720	80139274	554
cCREs107987	chr12	85094603	85095465	862
cCREs111034	chr12	100001823	100002366	543
cCREs113522	chr12	110681091	110681787	696
cCREs114982	chr12	119230373	119230952	579
cCREs118080	chr13	19504023	19504657	634
cCREs121024	chr13	34294144	34294689	545
cCREs134878	chr13	103095449	103095955	506
cCREs147850	chr14	55125624	55126133	509
cCREs149943	chr14	64668098	64668600	502
cCREs161097	chr14	122715970	122716850	880
cCREs162646	chr15	9898021	9898541	520
cCREs165238	chr15	25736537	25737079	542
cCREs167745	chr15	36809354	36810558	1204
cCREs171671	chr15	58012289	58013212	923
cCREs173812	chr15	66964921	66965425	504
cCREs179090	chr15	89311514	89312019	505
cCREs181354	chr15	98998145	98999136	991
cCREs181524	chr15	99712820	99714035	1215
cCREs182583	chr16	4595523	4596472	949
cCREs191536	chr16	45837213	45837984	771
cCREs208297	chr17	47730663	47731434	771
cCREs208891	chr17	50143285	50143862	577
cCREs210003	chr17	57088644	57089149	505
cCREs212747	chr17	70993229	70994226	997
cCREs217760	chr18	4666598	4667312	714
cCREs218482	chr18	8490105	8490613	508
cCREs218494	chr18	8585142	8586114	972
cCREs223325	chr18	32380225	32380758	533
cCREs224302	chr18	36398396	36398900	504
cCREs224972	chr18	39483511	39484012	501
cCREs229662	chr18	60598171	60598990	819
cCREs231908	chr18	68954993	68955522	529
cCREs236669	chr19	4027485	4028534	1049
cCREs237034	chr19	5952023	5952844	821
cCREs242293	chr19	32936208	32937186	978
cCREs244542	chr19	45027237	45027740	503
cCREs247742	chr19	59047432	59047964	532
cCREs248287	chr2	3732765	3733276	511
cCREs249900	chr2	11149014	11149516	502
cCREs253156	chr2	27846924	27847436	512
cCREs263914	chr2	77309220	77309789	569
cCREs264481	chr2	79544618	79545427	809
cCREs265283	chr2	83830378	83830903	525
cCREs279456	chr2	152814491	152815013	522
cCREs279541	chr2	153170468	153171276	808
cCREs281061	chr2	159481325	159482310	985
cCREs284251	chr2	172922103	172923054	951
cCREs287283	chr3	15105525	15106042	517
cCREs301235	chr3	86056611	86057146	535
cCREs302810	chr3	95676676	95677232	556
cCREs302850	chr3	95901538	95903089	1551
cCREs305529	chr3	107743162	107744127	965
cCREs307168	chr3	117067295	117068520	1225
cCREs311380	chr3	136570452	136570980	528
cCREs324388	chr4	46104094	46104689	595
cCREs325964	chr4	53410253	53410789	536
cCREs327088	chr4	57846908	57847544	636
cCREs327769	chr4	62721569	62722558	989
cCREs331988	chr4	86067660	86068384	724
cCREs334154	chr4	98104894	98105708	814
cCREs334568	chr4	100032626	100033441	815
cCREs336466	chr4	107341246	107341789	543
cCREs338235	chr4	119044017	119044751	734
cCREs339580	chr4	126251604	126252113	509
cCREs340202	chr4	128816089	128817346	1257
cCREs341632	chr4	134975136	134975975	839
cCREs341699	chr4	135297107	135297611	504
cCREs342766	chr4	139587256	139588302	1046
cCREs344979	chr4	152067982	152068504	522
cCREs345266	chr4	153175602	153176169	567
cCREs349476	chr5	23412912	23413497	585
cCREs349723	chr5	24408574	24409109	535
cCREs351614	chr5	34190959	34191465	506
cCREs351679	chr5	34451576	34452482	906
cCREs358335	chr5	66469451	66470135	684
cCREs358747	chr5	67931662	67932235	573
cCREs367447	chr5	114664617	114665335	718
cCREs369884	chr5	125088685	125089336	651
cCREs374052	chr5	143669360	143670258	898
cCREs382856	chr6	38760878	38761384	506
cCREs392241	chr6	88133843	88134352	509
cCREs392303	chr6	88422905	88423659	754
cCREs392332	chr6	88530214	88530720	506
cCREs406739	chr7	19031597	19032360	763
cCREs406749	chr7	19079312	19079815	503
cCREs406929	chr7	19831737	19832310	573
cCREs407252	chr7	25802747	25803322	575
cCREs418263	chr7	96398882	96399552	670
cCREs422730	chr7	119729988	119730939	951
cCREs424142	chr7	126190927	126191441	514
cCREs425032	chr7	130804957	130805916	959
cCREs436783	chr8	46878114	46878617	503
cCREs441054	chr8	70489334	70490062	728
cCREs442683	chr8	79080013	79080523	510
cCREs446094	chr8	94673273	94674233	960
cCREs452028	chr8	121400556	121401148	592
cCREs452032	chr8	121417034	121418795	1761
cCREs452600	chr8	123717083	123717970	887
cCREs454481	chr9	7769011	7769540	529
cCREs455525	chr9	14391226	14391730	504
cCREs456526	chr9	21769790	21770332	542
cCREs460111	chr9	37400479	37401036	557
cCREs460769	chr9	41575783	41576321	538
cCREs465632	chr9	61579117	61580015	898
cCREs466262	chr9	64094045	64094636	591
cCREs477438	chr9	116213154	116213781	627
cCREs478380	chr9	120152660	120153163	503
cCREs482440	chrX	50612161	50612687	526
cCREs39612	chr10	3835492	3836039	547
cCREs82585	chr11	79792036	79792552	516
cCREs86274	chr11	97479808	97480323	515
cCREs90901	chr11	117130774	117131373	599
cCREs101594	chr12	52867847	52868707	860
cCREs101611	chr12	52896701	52897209	508
cCREs113152	chr12	108832188	108832730	542
cCREs124549	chr13	49025422	49026087	665
cCREs142885	chr14	26557630	26558135	505
cCREs185767	chr16	20714278	20715042	764
cCREs186269	chr16	23184549	23185674	1125
cCREs215978	chr17	85902303	85903053	750
cCREs248636	chr2	5219797	5221147	1350
cCREs251436	chr2	18943853	18944354	501
cCREs282435	chr2	165483048	165483766	718
cCREs282688	chr2	166303790	166304320	530
cCREs290540	chr3	32522660	32523190	530
cCREs295020	chr3	55114546	55115164	618
cCREs309420	chr3	127127484	127128338	854
cCREs348176	chr5	17322368	17323152	784
cCREs415753	chr7	81266700	81267227	527
cCREs420176	chr7	107710703	107711381	678
cCREs443596	chr8	83315143	83316113	970
cCREs453497	chr8	126783967	126784513	546
cCREs453571	chr8	127070145	127070697	552
cCREs465553	chr9	61302670	61303438	768
cCREs466950	chr9	67301469	67302074	605
cCREs472845	chr9	96442059	96442582	523
cCREs482439	chrX	50611629	50612136	507
cCREs6429	chr1	38257299	38257979	680
cCREs10491	chr1	57947482	57948445	963
cCREs23050	chr1	123917351	123917879	528
cCREs24948	chr1	132040024	132040753	729
cCREs39724	chr10	4289921	4291036	1115
cCREs47288	chr10	40725029	40725559	530
cCREs54434	chr10	75844449	75844950	501
cCREs58093	chr10	92819596	92820123	527
cCREs66901	chr11	5149218	5149782	564
cCREs84231	chr11	87704264	87704943	679
cCREs84947	chr11	90463917	90464470	553
cCREs104864	chr12	71752682	71754063	1381
cCREs136737	chr13	110534138	110534924	786
cCREs140767	chr14	16753952	16754532	580
cCREs148949	chr14	60646108	60646635	527
cCREs151166	chr14	70020051	70020615	564
cCREs159650	chr14	117445545	117446059	514
cCREs168295	chr15	39053549	39054307	758
cCREs176519	chr15	78803495	78804095	600
cCREs184132	chr16	11064761	11065262	501
cCREs202505	chr17	8710369	8710872	503
cCREs229917	chr18	61229217	61230141	924
cCREs231278	chr18	66370214	66370776	562
cCREs232854	chr18	73286219	73287417	1198
cCREs236915	chr19	5345204	5345767	563
cCREs252850	chr2	26496380	26496967	587
cCREs264728	chr2	80431300	80431828	528
cCREs269060	chr2	105432816	105433708	892
cCREs312728	chr3	142209602	142210138	536
cCREs314060	chr3	147183774	147184307	533
cCREs317851	chr4	8381359	8382233	874
cCREs334013	chr4	97664724	97665650	926
cCREs336532	chr4	107628924	107629535	611
cCREs336568	chr4	107739603	107740472	869
cCREs342174	chr4	137494616	137495529	913
cCREs342797	chr4	139771015	139771691	676
cCREs360257	chr5	75148150	75148689	539
cCREs360258	chr5	75148760	75149281	521
cCREs360261	chr5	75151900	75152433	533
cCREs360263	chr5	75154777	75155304	527
cCREs368565	chr5	119400120	119401041	921
cCREs371783	chr5	132842905	132843691	786
cCREs372001	chr5	134138861	134139363	502
cCREs373906	chr5	142976484	142977043	559
cCREs380846	chr6	30946877	30947425	548
cCREs385615	chr6	52418369	52419337	968
cCREs408156	chr7	34892049	34892600	551
cCREs412894	chr7	67725007	67725509	502
cCREs423865	chr7	124974600	124975353	753
cCREs426572	chr7	137906090	137906811	721
cCREs427681	chr7	143310917	143311859	942
cCREs430200	chr8	13435159	13435763	604
cCREs433722	chr8	32311257	32311758	501
cCREs443898	chr8	84655547	84656103	556
cCREs452009	chr8	121334775	121335601	826
cCREs470995	chr9	86708520	86709545	1025
cCREs1007	chr1	10143882	10144383	501
cCREs1730	chr1	13656159	13656660	501
cCREs2217	chr1	16179811	16180463	652
cCREs2451	chr1	17457165	17458370	1205
cCREs2463	chr1	17594198	17595020	822
cCREs2703	chr1	19214043	19214544	501
cCREs2707	chr1	19230986	19231536	550
cCREs2709	chr1	19234660	19235282	622
cCREs2976	chr1	21007839	21008340	501
cCREs2993	chr1	21070600	21071151	551
cCREs2996	chr1	21075977	21076536	559
cCREs3224	chr1	21979692	21980193	501
cCREs4914	chr1	32039791	32040308	517
cCREs5485	chr1	34392953	34393496	543
cCREs5545	chr1	34740748	34741249	501
cCREs5584	chr1	34836695	34837228	533
cCREs5923	chr1	36322964	36323465	501
cCREs5928	chr1	36333158	36333677	519
cCREs6021	chr1	36674886	36675391	505
cCREs6062	chr1	36808696	36809234	538
cCREs6085	chr1	36883801	36884356	555
cCREs6102	chr1	36932138	36932650	512
cCREs6110	chr1	36976548	36977451	903
cCREs6190	chr1	37321125	37321659	534
cCREs6675	chr1	39078503	39079371	868
cCREs6886	chr1	39758222	39758734	512
cCREs6915	chr1	39881343	39881884	541
cCREs7171	chr1	40815481	40815982	501
cCREs7460	chr1	42417736	42418268	532
cCREs7609	chr1	42867171	42867672	501
cCREs7668	chr1	43078848	43080102	1254
cCREs7695	chr1	43150149	43150664	515
cCREs7696	chr1	43150682	43151290	608
cCREs7707	chr1	43171002	43171503	501
cCREs7726	chr1	43237214	43237782	568
cCREs7732	chr1	43255943	43256641	698
cCREs7748	chr1	43323520	43324225	705
cCREs7761	chr1	43363099	43363600	501
cCREs7796	chr1	43471362	43471863	501
cCREs8109	chr1	45316068	45316589	521
cCREs8121	chr1	45430368	45430893	525
cCREs9070	chr1	51710777	51711278	501
cCREs9071	chr1	51717607	51718370	763
cCREs9074	chr1	51728821	51729322	501
cCREs9083	chr1	51750969	51751475	506
cCREs9101	chr1	51792478	51792987	509
cCREs9122	chr1	51855543	51856360	817
cCREs9138	chr1	51893465	51893982	517
cCREs9147	chr1	51911208	51911839	631
cCREs9158	chr1	51936650	51937165	515
cCREs9159	chr1	51941581	51942132	551
cCREs9953	chr1	55548773	55549362	589
cCREs10121	chr1	56286363	56286916	553
cCREs10429	chr1	57758813	57759371	558
cCREs10522	chr1	58071030	58071612	582
cCREs10533	chr1	58101431	58102159	728
cCREs10538	chr1	58114060	58114613	553
cCREs10586	chr1	58298006	58299078	1072
cCREs10603	chr1	58401330	58401871	541
cCREs10816	chr1	59487466	59488274	808
cCREs10898	chr1	59942149	59942809	660
cCREs10934	chr1	60188348	60188867	519
cCREs11043	chr1	60734971	60735522	551
cCREs11220	chr1	61353382	61353949	567
cCREs11408	chr1	62318412	62318913	501
cCREs11410	chr1	62328713	62329214	501
cCREs11428	chr1	62417256	62417935	679
cCREs11516	chr1	62725138	62725649	511
cCREs11853	chr1	64037025	64037556	531
cCREs12011	chr1	64622800	64623301	501
cCREs12058	chr1	64805146	64805671	525
cCREs12122	chr1	65040733	65041234	501
cCREs12503	chr1	66831766	66832292	526
cCREs12553	chr1	67017382	67017969	587
cCREs13806	chr1	73001907	73002408	501
cCREs13841	chr1	73116443	73117009	566
cCREs13859	chr1	73170551	73171093	542
cCREs13863	chr1	73188762	73189263	501
cCREs13866	chr1	73200004	73200526	522
cCREs13873	chr1	73221757	73222258	501
cCREs13943	chr1	73513722	73514223	501
cCREs13949	chr1	73535036	73535582	546
cCREs13975	chr1	73644196	73644878	682
cCREs14040	chr1	73923080	73923712	632
cCREs14045	chr1	73929114	73929615	501
cCREs14064	chr1	73966320	73966982	662
cCREs14076	chr1	74000118	74000784	666
cCREs14101	chr1	74074659	74075178	519
cCREs14107	chr1	74091112	74091634	522
cCREs14177	chr1	74316057	74316744	687
cCREs14329	chr1	75041137	75041648	511
cCREs14375	chr1	75310886	75311387	501
cCREs14381	chr1	75344262	75345460	1198
cCREs14386	chr1	75361654	75362205	551
cCREs14409	chr1	75431844	75432418	574
cCREs14541	chr1	75985766	75986402	636
cCREs14542	chr1	75988090	75988941	851
cCREs14547	chr1	76009488	76010009	521
cCREs14548	chr1	76010390	76010897	507
cCREs14749	chr1	77038387	77038924	537
cCREs14785	chr1	77202891	77203422	531
cCREs14991	chr1	78181794	78182351	557
cCREs15104	chr1	78675067	78675591	524
cCREs15392	chr1	79917396	79918211	815
cCREs15393	chr1	79918611	79919326	715
cCREs15394	chr1	79921759	79922331	572
cCREs15820	chr1	81745076	81746116	1040
cCREs15865	chr1	82015221	82015788	567
cCREs15990	chr1	82579890	82580391	501
cCREs16305	chr1	83898643	83899276	633
cCREs16334	chr1	84038389	84039231	842
cCREs16776	chr1	86403047	86403682	635
cCREs16790	chr1	86443702	86444234	532
cCREs16793	chr1	86464138	86465428	1290
cCREs16800	chr1	86498505	86499071	566
cCREs17041	chr1	87554046	87554588	542
cCREs17121	chr1	87868731	87869232	501
cCREs17124	chr1	87880910	87881411	501
cCREs17179	chr1	88259989	88260511	522
cCREs17282	chr1	88611857	88612403	546
cCREs17417	chr1	89102716	89103217	501
cCREs17461	chr1	89281043	89281746	703
cCREs17469	chr1	89304309	89304810	501
cCREs17473	chr1	89318817	89319346	529
cCREs17488	chr1	89366178	89366679	501
cCREs17489	chr1	89366826	89367327	501
cCREs17508	chr1	89467536	89468219	683
cCREs17534	chr1	89544053	89544554	501
cCREs17545	chr1	89570428	89570976	548
cCREs17672	chr1	90000945	90001451	506
cCREs17723	chr1	90207581	90208082	501
cCREs17725	chr1	90209752	90210253	501
cCREs17796	chr1	90409185	90409686	501
cCREs17798	chr1	90418087	90418792	705
cCREs17829	chr1	90522178	90522746	568
cCREs17852	chr1	90647877	90648460	583
cCREs17924	chr1	90885746	90886252	506
cCREs18061	chr1	91350762	91351734	972
cCREs18191	chr1	91882998	91883649	651
cCREs18476	chr1	92801875	92802783	908
cCREs18574	chr1	93211374	93212190	816
cCREs18948	chr1	95691795	95692335	540
cCREs18949	chr1	95711339	95712121	782
cCREs18953	chr1	95753974	95754492	518
cCREs19250	chr1	97969374	97969970	596
cCREs20249	chr1	105081875	105082415	540
cCREs20259	chr1	105107785	105108319	534
cCREs20261	chr1	105116197	105116698	501
cCREs20285	chr1	105200683	105201184	501
cCREs20312	chr1	105309816	105310621	805
cCREs20332	chr1	105384093	105385064	971
cCREs20437	chr1	105914570	105915336	766
cCREs20608	chr1	106554816	106555317	501
cCREs20609	chr1	106555475	106555976	501
cCREs20614	chr1	106578528	106579072	544
cCREs20638	chr1	106639687	106640489	802
cCREs20661	chr1	106708669	106709170	501
cCREs21983	chr1	118402441	118402978	537
cCREs22247	chr1	119510777	119511342	565
cCREs22310	chr1	119877200	119877745	545
cCREs22411	chr1	120253434	120254594	1160
cCREs22615	chr1	121329253	121329770	517
cCREs23647	chr1	126569408	126569909	501
cCREs24187	chr1	128688858	128689413	555
cCREs24228	chr1	128829470	128829971	501
cCREs24737	chr1	131242851	131243366	515
cCREs25388	chr1	133420481	133420982	501
cCREs25396	chr1	133452034	133452535	501
cCREs25475	chr1	133893078	133893679	601
cCREs25488	chr1	133932880	133933816	936
cCREs25502	chr1	133968810	133969452	642
cCREs25538	chr1	134086527	134087447	920
cCREs25550	chr1	134136254	134136755	501
cCREs25565	chr1	134193125	134193645	520
cCREs25695	chr1	134773161	134773754	593
cCREs25756	chr1	134982726	134983321	595
cCREs25759	chr1	134992198	134992702	504
cCREs25820	chr1	135195819	135196363	544
cCREs25844	chr1	135324467	135324998	531
cCREs25856	chr1	135363384	135363947	563
cCREs26263	chr1	136652275	136652776	501
cCREs26296	chr1	136756247	136756748	501
cCREs26325	chr1	136899265	136899766	501
cCREs26966	chr1	140378679	140379211	532
cCREs28791	chr1	151897089	151897590	501
cCREs28816	chr1	151961149	151961650	501
cCREs28933	chr1	152348420	152348921	501
cCREs28949	chr1	152417526	152418051	525
cCREs29025	chr1	152622504	152623171	667
cCREs29074	chr1	152794905	152795406	501
cCREs29165	chr1	153071534	153072073	539
cCREs29197	chr1	153170877	153171407	530
cCREs29206	chr1	153211110	153211931	821
cCREs29430	chr1	154030496	154031039	543
cCREs29511	chr1	154415993	154416505	512
cCREs29813	chr1	155294143	155294660	517
cCREs30045	chr1	156464395	156465463	1068
cCREs30132	chr1	156796163	156796685	522
cCREs30278	chr1	157403767	157404373	606
cCREs30710	chr1	159034893	159035437	544
cCREs30712	chr1	159054979	159055806	827
cCREs30718	chr1	159125382	159126289	907
cCREs30723	chr1	159156297	159156852	555
cCREs30724	chr1	159159118	159159619	501
cCREs30728	chr1	159186604	159187280	676
cCREs30954	chr1	159928863	159929405	542
cCREs30963	chr1	159979059	159979560	501
cCREs31008	chr1	160147502	160148003	501
cCREs31477	chr1	162218742	162219283	541
cCREs31599	chr1	162660077	162660771	694
cCREs31703	chr1	163192226	163192753	527
cCREs31716	chr1	163238821	163239395	574
cCREs31732	chr1	163290529	163291284	755
cCREs31793	chr1	163563529	163564030	501
cCREs32328	chr1	165655421	165655922	501
cCREs32342	chr1	165684361	165685063	702
cCREs32720	chr1	167292199	167293070	871
cCREs32740	chr1	167370728	167371598	870
cCREs33267	chr1	169538313	169538814	501
cCREs33285	chr1	169621064	169621565	501
cCREs33298	chr1	169657688	169658189	501
cCREs33309	chr1	169693465	169693966	501
cCREs33321	chr1	169737200	169737754	554
cCREs33411	chr1	170063905	170064549	644
cCREs33762	chr1	171237357	171237858	501
cCREs33795	chr1	171357697	171358225	528
cCREs33978	chr1	172251890	172252391	501
cCREs33989	chr1	172288722	172289364	642
cCREs33990	chr1	172290838	172291961	1123
cCREs33996	chr1	172302815	172303364	549
cCREs34068	chr1	172514809	172515328	519
cCREs34096	chr1	172635156	172635806	650
cCREs34681	chr1	175712363	175712931	568
cCREs35661	chr1	179865527	179866033	506
cCREs35662	chr1	179866408	179866909	501
cCREs35774	chr1	180333566	180334067	501
cCREs35802	chr1	180388386	180388887	501
cCREs35880	chr1	180625832	180626690	858
cCREs35946	chr1	181000579	181001080	501
cCREs36305	chr1	182502602	182503131	529
cCREs36547	chr1	183378209	183378992	783
cCREs36691	chr1	184060217	184061112	895
cCREs36734	chr1	184279129	184279829	700
cCREs36743	chr1	184330686	184331383	697
cCREs36760	chr1	184426517	184427223	706
cCREs36858	chr1	184860219	184860805	586
cCREs36891	chr1	184931649	184932150	501
cCREs36912	chr1	184988950	184989453	503
cCREs36913	chr1	184995068	184995569	501
cCREs36927	chr1	185062074	185062575	501
cCREs36935	chr1	185098314	185098815	501
cCREs36976	chr1	185248635	185249403	768
cCREs36979	chr1	185256694	185257488	794
cCREs37030	chr1	185438070	185438571	501
cCREs37034	chr1	185464086	185464587	501
cCREs37037	chr1	185480806	185481326	520
cCREs37040	chr1	185487042	185487543	501
cCREs37041	chr1	185488527	185489028	501
cCREs37114	chr1	185823871	185824435	564
cCREs37133	chr1	185900044	185900545	501
cCREs37265	chr1	186478476	186479288	812
cCREs37295	chr1	186611914	186612415	501
cCREs37322	chr1	186683827	186684537	710
cCREs37410	chr1	187117979	187118919	940
cCREs37807	chr1	189076270	189076813	543
cCREs37956	chr1	189551448	189551950	502
cCREs38021	chr1	189766081	189766761	680
cCREs38025	chr1	189777232	189778789	1557
cCREs38035	chr1	189802148	189802684	536
cCREs38158	chr1	190337538	190338533	995
cCREs38430	chr1	191506752	191507398	646
cCREs38436	chr1	191534820	191535321	501
cCREs38465	chr1	191641421	191641981	560
cCREs38560	chr1	192072423	192072924	501
cCREs38927	chr1	193270925	193271426	501
cCREs39120	chr1	193862518	193863019	501
cCREs39410	chr1	194925674	194926469	795
cCREs39436	chr1	195014494	195014995	501
cCREs39567	chr10	3645823	3646554	731
cCREs39599	chr10	3785259	3785803	544
cCREs39606	chr10	3820952	3821460	508
cCREs39617	chr10	3847012	3847530	518
cCREs39647	chr10	3940872	3941699	827
cCREs39668	chr10	4044049	4044871	822
cCREs39670	chr10	4053520	4054675	1155
cCREs39681	chr10	4089794	4090314	520
cCREs39694	chr10	4128847	4129375	528
cCREs39696	chr10	4139398	4139924	526
cCREs39698	chr10	4145177	4145678	501
cCREs39714	chr10	4243788	4244331	543
cCREs39717	chr10	4251367	4252208	841
cCREs39731	chr10	4325335	4325921	586
cCREs39900	chr10	5145324	5145825	501
cCREs39903	chr10	5153014	5153515	501
cCREs40304	chr10	7122203	7122755	552
cCREs40476	chr10	8067760	8068261	501
cCREs40477	chr10	8071201	8072285	1084
cCREs40482	chr10	8095676	8096417	741
cCREs40484	chr10	8106307	8106931	624
cCREs40690	chr10	8865961	8866680	719
cCREs40709	chr10	8917280	8917825	545
cCREs40720	chr10	8944516	8945017	501
cCREs40802	chr10	9235513	9236198	685
cCREs40931	chr10	9678020	9678521	501
cCREs41655	chr10	12694677	12695236	559
cCREs41676	chr10	12762602	12763142	540
cCREs41682	chr10	12794889	12795422	533
cCREs41684	chr10	12797644	12798161	517
cCREs41694	chr10	12813360	12813900	540
cCREs41698	chr10	12824109	12824785	676
cCREs41700	chr10	12830929	12831430	501
cCREs41701	chr10	12831664	12832188	524
cCREs41707	chr10	12841376	12842138	762
cCREs41711	chr10	12853156	12853657	501
cCREs41732	chr10	12916065	12916862	797
cCREs41807	chr10	13255623	13256690	1067
cCREs42031	chr10	14027773	14028274	501
cCREs42083	chr10	14129867	14130759	892
cCREs42221	chr10	14660812	14661324	512
cCREs42404	chr10	15990990	15991651	661
cCREs42644	chr10	17472138	17472901	763
cCREs42654	chr10	17510419	17510920	501
cCREs42723	chr10	17786711	17787263	552
cCREs42725	chr10	17793851	17794352	501
cCREs42833	chr10	18289474	18290204	730
cCREs42871	chr10	18411220	18411741	521
cCREs42912	chr10	18530937	18531932	995
cCREs43088	chr10	19216809	19217310	501
cCREs43117	chr10	19441454	19441955	501
cCREs43118	chr10	19443349	19444593	1244
cCREs43126	chr10	19494323	19495175	852
cCREs43130	chr10	19508243	19508744	501
cCREs43317	chr10	20234345	20234933	588
cCREs43390	chr10	20533688	20534371	683
cCREs43612	chr10	21425978	21426959	981
cCREs43751	chr10	21857571	21858093	522
cCREs43927	chr10	23015939	23016744	805
cCREs44262	chr10	24575134	24575635	501
cCREs44362	chr10	24975840	24976341	501
cCREs44388	chr10	25072597	25073156	559
cCREs44480	chr10	25381891	25382429	538
cCREs44493	chr10	25411838	25412549	711
cCREs44840	chr10	26833226	26833727	501
cCREs45003	chr10	27537180	27538057	877
cCREs45029	chr10	27729766	27730267	501
cCREs45133	chr10	28261533	28262034	501
cCREs45609	chr10	30844251	30844752	501
cCREs45645	chr10	31103841	31104342	501
cCREs45667	chr10	31221824	31222365	541
cCREs45673	chr10	31256611	31257413	802
cCREs45736	chr10	31544560	31545090	530
cCREs46209	chr10	34479833	34480412	579
cCREs46500	chr10	37024198	37024986	788
cCREs46515	chr10	37106801	37107977	1176
cCREs46568	chr10	37310209	37310710	501
cCREs46576	chr10	37335158	37335670	512
cCREs46618	chr10	37483465	37484019	554
cCREs46626	chr10	37516170	37516671	501
cCREs46773	chr10	38552341	38552887	546
cCREs46936	chr10	39406701	39407213	512
cCREs46955	chr10	39443091	39443592	501
cCREs46957	chr10	39450267	39450768	501
cCREs47046	chr10	39689120	39689621	501
cCREs47480	chr10	41460373	41460906	533
cCREs47557	chr10	41835665	41836186	521
cCREs47785	chr10	42714630	42715170	540
cCREs47829	chr10	42913753	42914456	703
cCREs47859	chr10	43002038	43003177	1139
cCREs47955	chr10	43277187	43277693	506
cCREs48018	chr10	43483629	43484136	507
cCREs48223	chr10	44459315	44459883	568
cCREs48238	chr10	44534864	44535553	689
cCREs48245	chr10	44586427	44586929	502
cCREs49276	chr10	52235341	52235842	501
cCREs49281	chr10	52252134	52252635	501
cCREs49296	chr10	52308950	52309736	786
cCREs50044	chr10	56202102	56202880	778
cCREs50133	chr10	56796136	56796653	517
cCREs50336	chr10	58336124	58336680	556
cCREs50796	chr10	59933322	59933908	586
cCREs50798	chr10	59936013	59936544	531
cCREs50875	chr10	60169104	60169605	501
cCREs51134	chr10	61308686	61309297	611
cCREs51136	chr10	61324730	61325231	501
cCREs51143	chr10	61345700	61346209	509
cCREs51153	chr10	61377751	61378252	501
cCREs51157	chr10	61397880	61398627	747
cCREs51161	chr10	61419118	61419619	501
cCREs51164	chr10	61426062	61427028	966
cCREs51171	chr10	61447497	61448377	880
cCREs51282	chr10	61919787	61921364	1577
cCREs51284	chr10	61929230	61929813	583
cCREs51312	chr10	62037647	62038273	626
cCREs51313	chr10	62043381	62044145	764
cCREs51314	chr10	62044219	62045285	1066
cCREs51320	chr10	62060402	62061452	1050
cCREs51353	chr10	62198832	62199333	501
cCREs51361	chr10	62217084	62217611	527
cCREs51423	chr10	62508425	62508978	553
cCREs52298	chr10	67103925	67104730	805
cCREs52459	chr10	67747379	67747920	541
cCREs52550	chr10	68056375	68056876	501
cCREs52627	chr10	68346473	68347016	543
cCREs52654	chr10	68462382	68462928	546
cCREs52662	chr10	68490704	68491205	501
cCREs52670	chr10	68526812	68527327	515
cCREs52712	chr10	68720927	68721428	501
cCREs52716	chr10	68737222	68737723	501
cCREs52847	chr10	69366184	69366685	501
cCREs52891	chr10	69528690	69529191	501
cCREs52969	chr10	69731331	69731832	501
cCREs53101	chr10	70056987	70057496	509
cCREs53148	chr10	70196608	70197109	501
cCREs53226	chr10	70437245	70437751	506
cCREs53231	chr10	70447639	70448212	573
cCREs53243	chr10	70483660	70484172	512
cCREs53356	chr10	70877565	70878445	880
cCREs53419	chr10	71120291	71121133	842
cCREs54263	chr10	75176413	75176971	558
cCREs54268	chr10	75200622	75201126	504
cCREs54280	chr10	75241064	75242206	1142
cCREs54303	chr10	75322817	75323507	690
cCREs54306	chr10	75327352	75327868	516
cCREs54307	chr10	75328229	75328753	524
cCREs54317	chr10	75376501	75377033	532
cCREs54347	chr10	75476851	75477550	699
cCREs54375	chr10	75610473	75611179	706
cCREs54601	chr10	76629250	76629788	538
cCREs54613	chr10	76681869	76682407	538
cCREs54625	chr10	76731853	76732392	539
cCREs54688	chr10	76990874	76991572	698
cCREs54690	chr10	76997652	76998486	834
cCREs54697	chr10	77022412	77022913	501
cCREs54700	chr10	77036118	77036719	601
cCREs54706	chr10	77060588	77061111	523
cCREs54707	chr10	77061338	77061839	501
cCREs54719	chr10	77103657	77104189	532
cCREs54733	chr10	77134078	77134913	835
cCREs54755	chr10	77240690	77241229	539
cCREs54949	chr10	78074101	78074602	501
cCREs55034	chr10	78347437	78347938	501
cCREs55065	chr10	78444482	78444983	501
cCREs55072	chr10	78460532	78461060	528
cCREs55082	chr10	78555611	78556112	501
cCREs55085	chr10	78569133	78569634	501
cCREs55200	chr10	79808603	79809159	556
cCREs55249	chr10	79972750	79973371	621
cCREs55253	chr10	79988338	79988854	516
cCREs55304	chr10	80160690	80161915	1225
cCREs55409	chr10	80584322	80584823	501
cCREs55421	chr10	80627632	80628133	501
cCREs55508	chr10	80966227	80966743	516
cCREs55511	chr10	80971400	80972108	708
cCREs55595	chr10	81317190	81317691	501
cCREs55597	chr10	81326799	81327306	507
cCREs55598	chr10	81328302	81328867	565
cCREs55600	chr10	81340497	81341009	512
cCREs55602	chr10	81342961	81343657	696
cCREs55663	chr10	81541689	81542204	515
cCREs55984	chr10	83871565	83872167	602
cCREs56005	chr10	83995733	83996404	671
cCREs56026	chr10	84081602	84082504	902
cCREs56117	chr10	84405093	84405830	737
cCREs56508	chr10	86066665	86067166	501
cCREs56572	chr10	86264459	86265181	722
cCREs56575	chr10	86273391	86274348	957
cCREs56579	chr10	86281105	86281652	547
cCREs57222	chr10	89262109	89262610	501
cCREs57292	chr10	89546768	89547482	714
cCREs57342	chr10	89748550	89749051	501
cCREs57709	chr10	91031120	91031621	501
cCREs57756	chr10	91230357	91230883	526
cCREs57792	chr10	91434943	91435444	501
cCREs57796	chr10	91456442	91456943	501
cCREs57799	chr10	91464609	91465110	501
cCREs58310	chr10	93717046	93717683	637
cCREs58319	chr10	93749159	93750227	1068
cCREs58386	chr10	94038151	94038655	504
cCREs58481	chr10	94390976	94391590	614
cCREs58486	chr10	94404764	94405926	1162
cCREs58911	chr10	95722161	95722972	811
cCREs58915	chr10	95739898	95740861	963
cCREs59021	chr10	96188082	96188588	506
cCREs59063	chr10	96342426	96342956	530
cCREs59112	chr10	96548814	96549315	501
cCREs59113	chr10	96549638	96550153	515
cCREs59116	chr10	96555766	96556288	522
cCREs59127	chr10	96596471	96597338	867
cCREs59169	chr10	96749930	96750431	501
cCREs59176	chr10	96764481	96765058	577
cCREs59228	chr10	96988164	96988727	563
cCREs59247	chr10	97075344	97075914	570
cCREs59295	chr10	97332599	97333167	568
cCREs59310	chr10	97389483	97391047	1564
cCREs59738	chr10	99172837	99173349	512
cCREs59752	chr10	99214503	99215362	859
cCREs59789	chr10	99327419	99327973	554
cCREs60013	chr10	100086210	100086751	541
cCREs60458	chr10	102566028	102566777	749
cCREs60473	chr10	102636434	102636953	519
cCREs60474	chr10	102656712	102657298	586
cCREs61273	chr10	107302797	107303342	545
cCREs61282	chr10	107325501	107326002	501
cCREs61300	chr10	107374737	107375238	501
cCREs61404	chr10	107870512	107871348	836
cCREs62279	chr10	111060486	111061140	654
cCREs62379	chr10	111335656	111336380	724
cCREs62422	chr10	111521383	111522093	710
cCREs62445	chr10	111579320	111579969	649
cCREs62475	chr10	111695650	111696163	513
cCREs62526	chr10	111852875	111853958	1083
cCREs62764	chr10	113038864	113039466	602
cCREs63546	chr10	116678882	116679383	501
cCREs63626	chr10	116995553	116996064	511
cCREs63780	chr10	117641453	117642540	1087
cCREs63785	chr10	117653311	117653812	501
cCREs63884	chr10	118046802	118047340	538
cCREs64031	chr10	118782979	118783480	501
cCREs64059	chr10	118896296	118896836	540
cCREs64118	chr10	119076220	119076721	501
cCREs64203	chr10	119475175	119475676	501
cCREs64325	chr10	119823604	119824131	527
cCREs64499	chr10	120597203	120597940	737
cCREs64520	chr10	120691362	120691945	583
cCREs64580	chr10	121059234	121059770	536
cCREs64696	chr10	121509975	121510585	610
cCREs64819	chr10	121961007	121961916	909
cCREs65367	chr10	124423436	124424160	724
cCREs66005	chr10	127514666	127515174	508
cCREs66006	chr10	127515526	127516027	501
cCREs66007	chr10	127516448	127516985	537
cCREs66048	chr10	127616177	127616699	522
cCREs66111	chr10	127932444	127932982	538
cCREs66158	chr10	128179773	128180554	781
cCREs66229	chr10	128502266	128502767	501
cCREs66298	chr10	128920794	128921347	553
cCREs66303	chr10	128931198	128931853	655
cCREs66304	chr10	128932298	128932799	501
cCREs66368	chr10	130231458	130231959	501
cCREs66375	chr10	130260697	130261199	502
cCREs66545	chr11	3684527	3685234	707
cCREs66687	chr11	4251046	4251622	576
cCREs66696	chr11	4283565	4284105	540
cCREs66718	chr11	4390747	4391305	558
cCREs66791	chr11	4731692	4732226	534
cCREs66910	chr11	5170512	5171415	903
cCREs66978	chr11	5416852	5417360	508
cCREs67005	chr11	5596694	5597223	529
cCREs67023	chr11	5717190	5717781	591
cCREs67484	chr11	7757472	7758055	583
cCREs67486	chr11	7765049	7766117	1068
cCREs67514	chr11	7939483	7940179	696
cCREs67599	chr11	8450499	8451122	623
cCREs67603	chr11	8455600	8456101	501
cCREs67676	chr11	8640152	8640883	731
cCREs68237	chr11	12032828	12033334	506
cCREs68252	chr11	12090918	12091419	501
cCREs68291	chr11	12315649	12316578	929
cCREs68960	chr11	16792986	16793546	560
cCREs68997	chr11	16907081	16908270	1189
cCREs69395	chr11	19218318	19218880	562
cCREs69431	chr11	19434493	19435071	578
cCREs69628	chr11	20269206	20269707	501
cCREs69660	chr11	20422501	20423054	553
cCREs69669	chr11	20469198	20469777	579
cCREs69844	chr11	21236992	21237499	507
cCREs69882	chr11	21421771	21422736	965
cCREs69884	chr11	21427431	21428141	710
cCREs70036	chr11	22342736	22343265	529
cCREs70050	chr11	22380428	22381222	794
cCREs70120	chr11	22743628	22744129	501
cCREs70139	chr11	22824280	22824793	513
cCREs70223	chr11	23186246	23187071	825
cCREs71570	chr11	30275386	30275928	542
cCREs71572	chr11	30279259	30279766	507
cCREs71573	chr11	30280912	30281538	626
cCREs71579	chr11	30326149	30326684	535
cCREs71612	chr11	30555306	30556082	776
cCREs71874	chr11	31883669	31884400	731
cCREs71972	chr11	32189994	32190589	595
cCREs72008	chr11	32320463	32320994	531
cCREs72050	chr11	32422968	32423789	821
cCREs72074	chr11	32538340	32538935	595
cCREs72076	chr11	32543958	32544915	957
cCREs72079	chr11	32550147	32550648	501
cCREs72102	chr11	32611696	32612232	536
cCREs72359	chr11	33769860	33770361	501
cCREs72782	chr11	35340703	35341204	501
cCREs72876	chr11	35626507	35627008	501
cCREs73940	chr11	40710776	40711343	567
cCREs74623	chr11	43704383	43704884	501
cCREs74681	chr11	43921445	43922234	789
cCREs74881	chr11	44662181	44662682	501
cCREs74889	chr11	44684397	44685674	1277
cCREs74890	chr11	44685743	44686391	648
cCREs74891	chr11	44688188	44688750	562
cCREs74892	chr11	44689537	44690099	562
cCREs74893	chr11	44694413	44694914	501
cCREs74899	chr11	44707226	44708082	856
cCREs74912	chr11	44769457	44769958	501
cCREs74924	chr11	44821070	44821723	653
cCREs74946	chr11	44925567	44926619	1052
cCREs74976	chr11	45087137	45087998	861
cCREs74990	chr11	45177947	45178563	616
cCREs74991	chr11	45184419	45184920	501
cCREs75004	chr11	45241566	45242085	519
cCREs75005	chr11	45244465	45245117	652
cCREs75015	chr11	45288765	45289677	912
cCREs75131	chr11	45890315	45890873	558
cCREs75782	chr11	48601048	48601560	512
cCREs75791	chr11	48629219	48629741	522
cCREs75851	chr11	48992082	48992641	559
cCREs75854	chr11	49006652	49007286	634
cCREs75858	chr11	49081281	49081849	568
cCREs75963	chr11	49657928	49658568	640
cCREs76114	chr11	50184677	50185254	577
cCREs76125	chr11	50217795	50218308	513
cCREs76356	chr11	51351816	51352321	505
cCREs76358	chr11	51366601	51367145	544
cCREs76375	chr11	51418698	51419394	696
cCREs76377	chr11	51425159	51425694	535
cCREs76408	chr11	51542419	51542954	535
cCREs76413	chr11	51568751	51569505	754
cCREs76502	chr11	51951979	51952967	988
cCREs76752	chr11	53009465	53009988	523
cCREs76811	chr11	53264068	53264739	671
cCREs76867	chr11	53525415	53525943	528
cCREs76933	chr11	53809200	53809839	639
cCREs76934	chr11	53812862	53813721	859
cCREs76958	chr11	53904063	53904645	582
cCREs77004	chr11	54115816	54116322	506
cCREs77024	chr11	54207000	54207501	501
cCREs77161	chr11	54881033	54881534	501
cCREs77255	chr11	55380888	55381431	543
cCREs77263	chr11	55405548	55406490	942
cCREs77861	chr11	57758440	57758941	501
cCREs78222	chr11	59727088	59727656	568
cCREs78323	chr11	60099776	60100308	532
cCREs78412	chr11	60344816	60345880	1064
cCREs78493	chr11	60933481	60934037	556
cCREs78529	chr11	61056982	61057531	549
cCREs78705	chr11	61756883	61757423	540
cCREs78792	chr11	62179773	62180274	501
cCREs78794	chr11	62193062	62193563	501
cCREs78801	chr11	62224723	62225323	600
cCREs78858	chr11	62558864	62559415	551
cCREs78863	chr11	62591845	62592450	605
cCREs79021	chr11	63376043	63376619	576
cCREs79063	chr11	63570034	63570598	564
cCREs79065	chr11	63576303	63577025	722
cCREs79166	chr11	64059133	64060081	948
cCREs79260	chr11	64579757	64580292	535
cCREs79432	chr11	65300945	65301446	501
cCREs79564	chr11	65833273	65833774	501
cCREs79939	chr11	67405634	67406231	597
cCREs79971	chr11	67500775	67501276	501
cCREs80129	chr11	68016123	68016637	514
cCREs80201	chr11	68264276	68264777	501
cCREs80202	chr11	68267707	68268208	501
cCREs80246	chr11	68416695	68417467	772
cCREs80287	chr11	68602425	68603152	727
cCREs80364	chr11	68864635	68865423	788
cCREs80380	chr11	68956026	68956536	510
cCREs80521	chr11	69603460	69603961	501
cCREs80578	chr11	69919511	69920016	505
cCREs80583	chr11	69937429	69937930	501
cCREs81096	chr11	72308584	72309746	1162
cCREs81227	chr11	72944914	72945811	897
cCREs81230	chr11	72951251	72951752	501
cCREs81233	chr11	72960893	72961536	643
cCREs81236	chr11	72990627	72991128	501
cCREs81237	chr11	72991827	72992525	698
cCREs81239	chr11	72997631	72998132	501
cCREs81503	chr11	75157856	75158577	721
cCREs81507	chr11	75167899	75168497	598
cCREs81608	chr11	75513256	75513769	513
cCREs81609	chr11	75514798	75515299	501
cCREs81642	chr11	75624136	75624692	556
cCREs81752	chr11	76083554	76084385	831
cCREs81804	chr11	76294709	76295400	691
cCREs81832	chr11	76379703	76380589	886
cCREs81938	chr11	76699510	76700077	567
cCREs82052	chr11	77444759	77445298	539
cCREs82267	chr11	78498907	78499441	534
cCREs82273	chr11	78530916	78531569	653
cCREs82294	chr11	78598640	78599467	827
cCREs82455	chr11	79277087	79277654	567
cCREs82603	chr11	79864819	79865320	501
cCREs82605	chr11	79870168	79870710	542
cCREs82608	chr11	79878034	79878550	516
cCREs82641	chr11	80116286	80117020	734
cCREs82785	chr11	80771090	80771591	501
cCREs82944	chr11	81369593	81370137	544
cCREs83145	chr11	82053486	82054318	832
cCREs83229	chr11	82423333	82424008	675
cCREs83275	chr11	82571389	82572057	668
cCREs83363	chr11	82951117	82951649	532
cCREs83364	chr11	82951799	82952313	514
cCREs83368	chr11	82973814	82974345	531
cCREs83717	chr11	84933652	84934153	501
cCREs83820	chr11	85574402	85574932	530
cCREs83858	chr11	85732405	85732995	590
cCREs83882	chr11	85820942	85821443	501
cCREs83883	chr11	85821579	85822080	501
cCREs83891	chr11	85845808	85846309	501
cCREs83892	chr11	85846419	85846920	501
cCREs83895	chr11	85894945	85895493	548
cCREs84205	chr11	87584664	87585222	558
cCREs84336	chr11	88201143	88201644	501
cCREs84426	chr11	88484859	88485632	773
cCREs84457	chr11	88555875	88556760	885
cCREs84458	chr11	88556889	88557592	703
cCREs84804	chr11	89992384	89992888	504
cCREs84807	chr11	90025654	90026380	726
cCREs84817	chr11	90054321	90055235	914
cCREs84827	chr11	90099063	90099706	643
cCREs84835	chr11	90121794	90122335	541
cCREs84865	chr11	90230611	90231130	519
cCREs85596	chr11	94138314	94138815	501
cCREs85605	chr11	94175379	94176175	796
cCREs85798	chr11	95038927	95039428	501
cCREs85818	chr11	95102394	95102917	523
cCREs85836	chr11	95185597	95186135	538
cCREs86034	chr11	96404137	96404638	501
cCREs86256	chr11	97429520	97430061	541
cCREs86288	chr11	97511808	97512415	607
cCREs86331	chr11	97663793	97664360	567
cCREs86362	chr11	97819961	97820462	501
cCREs86386	chr11	97906855	97907356	501
cCREs86390	chr11	97918954	97919455	501
cCREs86391	chr11	97928810	97929311	501
cCREs86629	chr11	98936037	98936559	522
cCREs86895	chr11	100395119	100395713	594
cCREs86953	chr11	100684079	100684832	753
cCREs87071	chr11	101165282	101165783	501
cCREs87093	chr11	101245020	101245555	535
cCREs87119	chr11	101334429	101334930	501
cCREs87143	chr11	101469173	101469674	501
cCREs87220	chr11	101830003	101830567	564
cCREs87228	chr11	101858666	101859167	501
cCREs87237	chr11	101885093	101885608	515
cCREs87282	chr11	102051433	102052491	1058
cCREs87312	chr11	102210949	102211450	501
cCREs87321	chr11	102224544	102225114	570
cCREs87391	chr11	102582196	102583216	1020
cCREs87431	chr11	102788645	102789365	720
cCREs87432	chr11	102791503	102792026	523
cCREs87435	chr11	102827016	102827517	501
cCREs87436	chr11	102832348	102832849	501
cCREs87437	chr11	102834060	102834608	548
cCREs87439	chr11	102838120	102838639	519
cCREs87521	chr11	103097188	103098039	851
cCREs87789	chr11	104258939	104259440	501
cCREs87852	chr11	104572174	104573058	884
cCREs87949	chr11	105294098	105294599	501
cCREs87952	chr11	105306492	105307022	530
cCREs88166	chr11	106163480	106164233	753
cCREs88263	chr11	106579031	106579645	614
cCREs88335	chr11	106954074	106954603	529
cCREs88387	chr11	107195266	107195791	525
cCREs88388	chr11	107195948	107196449	501
cCREs88389	chr11	107201705	107202554	849
cCREs88404	chr11	107255140	107255641	501
cCREs88409	chr11	107270509	107271010	501
cCREs88411	chr11	107274428	107274929	501
cCREs88440	chr11	107347876	107348520	644
cCREs88800	chr11	108475689	108476665	976
cCREs88801	chr11	108478020	108478522	502
cCREs88935	chr11	109075475	109075976	501
cCREs88952	chr11	109139555	109140479	924
cCREs88953	chr11	109143692	109144198	506
cCREs88954	chr11	109144205	109144719	514
cCREs88961	chr11	109184483	109185007	524
cCREs89049	chr11	109477341	109477842	501
cCREs89099	chr11	109634975	109635535	560
cCREs89149	chr11	109817359	109817936	577
cCREs89151	chr11	109830300	109830801	501
cCREs89156	chr11	109845848	109846835	987
cCREs89188	chr11	109970499	109971157	658
cCREs89768	chr11	113008504	113009116	612
cCREs89774	chr11	113021557	113022076	519
cCREs90008	chr11	113729155	113729681	526
cCREs90012	chr11	113735063	113735608	545
cCREs90013	chr11	113737122	113737623	501
cCREs90026	chr11	113773346	113773847	501
cCREs90329	chr11	114815113	114815614	501
cCREs90331	chr11	114820360	114820887	527
cCREs90339	chr11	114849531	114850032	501
cCREs90342	chr11	114866962	114867693	731
cCREs90396	chr11	115176743	115177300	557
cCREs90487	chr11	115457268	115457865	597
cCREs90489	chr11	115472168	115472682	514
cCREs90523	chr11	115634051	115634609	558
cCREs90576	chr11	115832477	115833620	1143
cCREs90626	chr11	116075729	116076230	501
cCREs90632	chr11	116100349	116100945	596
cCREs90759	chr11	116630506	116631007	501
cCREs90761	chr11	116647295	116648184	889
cCREs90774	chr11	116674890	116675391	501
cCREs90775	chr11	116675408	116675909	501
cCREs90792	chr11	116801046	116801562	516
cCREs90863	chr11	117037854	117038355	501
cCREs90922	chr11	117191412	117192051	639
cCREs90945	chr11	117263024	117263536	512
cCREs90953	chr11	117283792	117284325	533
cCREs90977	chr11	117354019	117354520	501
cCREs90987	chr11	117389948	117390576	628
cCREs91144	chr11	117935530	117936070	540
cCREs91490	chr11	119026137	119026638	501
cCREs91527	chr11	119162895	119163426	531
cCREs91537	chr11	119186280	119186857	577
cCREs91740	chr11	119945264	119945825	561
cCREs91744	chr11	119955410	119955939	529
cCREs91786	chr11	120049028	120049539	511
cCREs91788	chr11	120052137	120052674	537
cCREs91810	chr11	120144082	120144906	824
cCREs91853	chr11	120266262	120266763	501
cCREs91858	chr11	120281094	120281685	591
cCREs91859	chr11	120283388	120284060	672
cCREs91971	chr11	120861180	120862013	833
cCREs91996	chr11	121001938	121002585	647
cCREs92021	chr11	121121023	121121524	501
cCREs92423	chr12	4151920	4152421	501
cCREs92474	chr12	4367016	4367581	565
cCREs92758	chr12	5395079	5395744	665
cCREs92819	chr12	5668413	5668914	501
cCREs92911	chr12	6110772	6111273	501
cCREs93350	chr12	8389403	8390033	630
cCREs93358	chr12	8420860	8421370	510
cCREs93368	chr12	8443814	8444596	782
cCREs93523	chr12	9109801	9110302	501
cCREs93528	chr12	9127061	9127562	501
cCREs93529	chr12	9128848	9129349	501
cCREs93918	chr12	11212785	11213586	801
cCREs94883	chr12	15544303	15544837	534
cCREs94908	chr12	15649744	15650347	603
cCREs94930	chr12	15738836	15739394	558
cCREs94950	chr12	15797927	15798445	518
cCREs94954	chr12	15804991	15805632	641
cCREs95015	chr12	16075176	16075713	537
cCREs95234	chr12	16882893	16883941	1048
cCREs95439	chr12	17661412	17662238	826
cCREs95450	chr12	17711312	17711942	630
cCREs95529	chr12	21157269	21157770	501
cCREs95533	chr12	21167118	21167634	516
cCREs95541	chr12	21186043	21186577	534
cCREs95631	chr12	21520964	21521465	501
cCREs95706	chr12	24723304	24723860	556
cCREs95718	chr12	24792334	24793072	738
cCREs96118	chr12	26367194	26367841	647
cCREs97273	chr12	31154463	31154967	504
cCREs97276	chr12	31174972	31175507	535
cCREs97447	chr12	31873950	31874484	534
cCREs97507	chr12	32045884	32046552	668
cCREs97776	chr12	33078642	33079192	550
cCREs97792	chr12	33120329	33120920	591
cCREs97800	chr12	33139012	33139513	501
cCREs97947	chr12	33825436	33826010	574
cCREs97949	chr12	33831866	33832530	664
cCREs97958	chr12	33955817	33956325	508
cCREs97970	chr12	34042204	34042705	501
cCREs98156	chr12	34795439	34795940	501
cCREs98671	chr12	37244848	37245349	501
cCREs98679	chr12	37268581	37269103	522
cCREs98681	chr12	37272296	37272797	501
cCREs98813	chr12	37986190	37986691	501
cCREs98822	chr12	38017432	38018119	687
cCREs98991	chr12	38777183	38777684	501
cCREs99404	chr12	40580284	40580850	566
cCREs100286	chr12	45049779	45050343	564
cCREs101511	chr12	52551896	52552434	538
cCREs101597	chr12	52874305	52875016	711
cCREs101620	chr12	52922862	52923594	732
cCREs102119	chr12	55376606	55377431	825
cCREs102124	chr12	55387648	55388149	501
cCREs102139	chr12	55452710	55453266	556
cCREs102140	chr12	55453848	55454370	522
cCREs104193	chr12	69424816	69425366	550
cCREs104200	chr12	69450998	69451563	565
cCREs104219	chr12	69514963	69515698	735
cCREs104225	chr12	69541588	69542089	501
cCREs104526	chr12	70580847	70581588	741
cCREs104534	chr12	70609430	70609949	519
cCREs104536	chr12	70611874	70612375	501
cCREs104610	chr12	70826711	70827212	501
cCREs104699	chr12	71250368	71251056	688
cCREs104727	chr12	71345999	71346589	590
cCREs104737	chr12	71368216	71369085	869
cCREs104743	chr12	71383292	71384142	850
cCREs104754	chr12	71409537	71410038	501
cCREs104781	chr12	71489132	71489633	501
cCREs104796	chr12	71540186	71540904	718
cCREs104939	chr12	71972418	71973321	903
cCREs104961	chr12	72031743	72032313	570
cCREs105136	chr12	73012061	73013326	1265
cCREs105145	chr12	73060593	73061426	833
cCREs105168	chr12	73214346	73214847	501
cCREs105187	chr12	73303106	73303658	552
cCREs105200	chr12	73345083	73345622	539
cCREs105204	chr12	73355004	73355522	518
cCREs105331	chr12	73800709	73801234	525
cCREs105491	chr12	74502648	74503189	541
cCREs105665	chr12	75283187	75284126	939
cCREs105680	chr12	75341319	75342198	879
cCREs105695	chr12	75387044	75387603	559
cCREs105980	chr12	76530537	76531038	501
cCREs105990	chr12	76550353	76550882	529
cCREs105992	chr12	76553898	76554868	970
cCREs105993	chr12	76556658	76557576	918
cCREs105995	chr12	76560091	76561081	990
cCREs106003	chr12	76589476	76590009	533
cCREs106006	chr12	76598081	76598582	501
cCREs106196	chr12	77424943	77425465	522
cCREs106665	chr12	79684654	79685360	706
cCREs106687	chr12	79756369	79756870	501
cCREs106698	chr12	79793232	79793976	744
cCREs106736	chr12	79906900	79907405	505
cCREs106745	chr12	79928953	79929497	544
cCREs106770	chr12	79993649	79994447	798
cCREs106838	chr12	80220186	80221151	965
cCREs106934	chr12	80564891	80565392	501
cCREs107234	chr12	81883226	81883766	540
cCREs107424	chr12	82613245	82613746	501
cCREs107427	chr12	82622745	82623667	922
cCREs107508	chr12	82941387	82941888	501
cCREs107598	chr12	83271171	83271672	501
cCREs107649	chr12	83466986	83467487	501
cCREs107657	chr12	83495606	83496297	691
cCREs107714	chr12	83762464	83763011	547
cCREs108008	chr12	85172941	85173442	501
cCREs108018	chr12	85202049	85202687	638
cCREs108019	chr12	85204695	85205686	991
cCREs108109	chr12	85577838	85578339	501
cCREs108159	chr12	85756989	85757625	636
cCREs108160	chr12	85757928	85758442	514
cCREs108163	chr12	85767662	85768198	536
cCREs108173	chr12	85813568	85814147	579
cCREs108264	chr12	86087732	86088582	850
cCREs108380	chr12	86626561	86627352	791
cCREs108468	chr12	86899402	86900152	750
cCREs109290	chr12	91008688	91009189	501
cCREs109470	chr12	91875241	91875808	567
cCREs109750	chr12	93481744	93482278	534
cCREs109917	chr12	94674903	94675727	824
cCREs109990	chr12	95209853	95210419	566
cCREs109993	chr12	95233687	95234223	536
cCREs111269	chr12	100703414	100704008	594
cCREs111270	chr12	100704138	100704639	501
cCREs112303	chr12	105505940	105506488	548
cCREs112333	chr12	105598807	105599802	995
cCREs112992	chr12	108249408	108249984	576
cCREs113185	chr12	108933790	108934726	936
cCREs113239	chr12	109388765	109389305	540
cCREs113402	chr12	110156381	110156907	526
cCREs113631	chr12	111190847	111191832	985
cCREs113652	chr12	111268054	111268555	501
cCREs113677	chr12	111346968	111347606	638
cCREs113715	chr12	111449113	111449912	799
cCREs113881	chr12	112083299	112084072	773
cCREs113907	chr12	112155393	112156014	621
cCREs114023	chr12	112587330	112587883	553
cCREs114103	chr12	112866572	112867222	650
cCREs114199	chr12	113151749	113152274	525
cCREs114631	chr12	117458116	117458827	711
cCREs114635	chr12	117479841	117480342	501
cCREs114696	chr12	117663432	117664221	789
cCREs115134	chr13	3675776	3676372	596
cCREs115144	chr13	3724275	3724776	501
cCREs115152	chr13	3750561	3751132	571
cCREs115320	chr13	5181355	5181918	563
cCREs115331	chr13	5254512	5255083	571
cCREs115335	chr13	5276502	5277079	577
cCREs115428	chr13	5709661	5710162	501
cCREs115456	chr13	5817895	5818545	650
cCREs115457	chr13	5822421	5823137	716
cCREs116111	chr13	9181057	9181573	516
cCREs116552	chr13	11097070	11097571	501
cCREs116553	chr13	11099225	11099746	521
cCREs116555	chr13	11105536	11106056	520
cCREs116962	chr13	13469244	13469779	535
cCREs116965	chr13	13474831	13475332	501
cCREs117225	chr13	14987680	14988181	501
cCREs117280	chr13	15440795	15441685	890
cCREs117300	chr13	15504674	15505849	1175
cCREs118955	chr13	24198448	24198949	501
cCREs119094	chr13	24646825	24647552	727
cCREs119098	chr13	24653484	24654097	613
cCREs119121	chr13	24717608	24718144	536
cCREs119158	chr13	24905362	24905914	552
cCREs119199	chr13	25069792	25070466	674
cCREs119207	chr13	25098534	25099037	503
cCREs119538	chr13	26565037	26565747	710
cCREs119593	chr13	26916090	26916947	857
cCREs119594	chr13	26920525	26921026	501
cCREs119760	chr13	28618951	28619596	645
cCREs119776	chr13	28681863	28682572	709
cCREs119817	chr13	28801527	28802030	503
cCREs119837	chr13	28870571	28871184	613
cCREs119843	chr13	28886508	28887069	561
cCREs120139	chr13	29953650	29954376	726
cCREs120181	chr13	30078905	30079406	501
cCREs120215	chr13	30252379	30253154	775
cCREs120246	chr13	30396357	30397626	1269
cCREs120254	chr13	30484351	30484867	516
cCREs120315	chr13	30722538	30723165	627
cCREs120421	chr13	31073649	31074150	501
cCREs120422	chr13	31076085	31076974	889
cCREs120440	chr13	31180866	31181405	539
cCREs120483	chr13	31393077	31393578	501
cCREs120485	chr13	31397147	31398100	953
cCREs120523	chr13	31562096	31562597	501
cCREs120524	chr13	31564296	31564907	611
cCREs120537	chr13	31630489	31630990	501
cCREs120540	chr13	31665127	31665782	655
cCREs120571	chr13	31815683	31816206	523
cCREs120573	chr13	31818261	31818832	571
cCREs120574	chr13	31819550	31820363	813
cCREs120580	chr13	31832883	31833384	501
cCREs120617	chr13	31960365	31961001	636
cCREs120621	chr13	31974555	31975539	984
cCREs120641	chr13	32059243	32059764	521
cCREs120727	chr13	32481301	32481825	524
cCREs120740	chr13	32518522	32519363	841
cCREs120760	chr13	32649916	32650489	573
cCREs120788	chr13	32763072	32763573	501
cCREs121132	chr13	34684047	34684548	501
cCREs121141	chr13	34734559	34735302	743
cCREs121355	chr13	35796275	35796789	514
cCREs121678	chr13	37025940	37026441	501
cCREs121689	chr13	37065943	37066444	501
cCREs121690	chr13	37070735	37071705	970
cCREs121697	chr13	37097413	37097922	509
cCREs121804	chr13	37481430	37481931	501
cCREs122244	chr13	39691251	39691781	530
cCREs122292	chr13	40043809	40044343	534
cCREs122349	chr13	40496112	40496613	501
cCREs122379	chr13	40759542	40760298	756
cCREs122412	chr13	40911903	40912585	682
cCREs122502	chr13	41314747	41315400	653
cCREs122678	chr13	41949013	41949580	567
cCREs123150	chr13	43560931	43561466	535
cCREs123226	chr13	43801811	43802742	931
cCREs123258	chr13	43924607	43925142	535
cCREs123299	chr13	44067236	44067737	501
cCREs123543	chr13	45070265	45070833	568
cCREs123591	chr13	45252090	45252688	598
cCREs123809	chr13	45887452	45887953	501
cCREs124089	chr13	46902829	46903358	529
cCREs124142	chr13	47093692	47094255	563
cCREs124315	chr13	47902157	47902713	556
cCREs124436	chr13	48574727	48575251	524
cCREs124487	chr13	48819086	48819623	537
cCREs124571	chr13	49087206	49087882	676
cCREs124657	chr13	49370094	49371152	1058
cCREs124696	chr13	49505578	49506079	501
cCREs124706	chr13	49545496	49546150	654
cCREs124707	chr13	49546514	49547023	509
cCREs124712	chr13	49559126	49559652	526
cCREs124715	chr13	49584276	49584793	517
cCREs124817	chr13	51049721	51050222	501
cCREs124852	chr13	51231379	51232097	718
cCREs124876	chr13	51323007	51323528	521
cCREs125099	chr13	52066899	52067461	562
cCREs125100	chr13	52067968	52068554	586
cCREs125116	chr13	52110487	52111189	702
cCREs125487	chr13	53598675	53599324	649
cCREs125490	chr13	53603355	53604048	693
cCREs125574	chr13	53914372	53915316	944
cCREs125913	chr13	55069688	55070234	546
cCREs126011	chr13	55566941	55567442	501
cCREs126104	chr13	56110606	56111259	653
cCREs126105	chr13	56111519	56112042	523
cCREs126719	chr13	58469629	58470130	501
cCREs127058	chr13	59725841	59726414	573
cCREs127174	chr13	60173425	60174105	680
cCREs127305	chr13	60685904	60686423	519
cCREs127382	chr13	62863675	62864262	587
cCREs127443	chr13	63091210	63091711	501
cCREs127511	chr13	63265889	63266434	545
cCREs127537	chr13	63321604	63322194	590
cCREs127620	chr13	63696363	63696933	570
cCREs127681	chr13	64034975	64035826	851
cCREs127774	chr13	64504658	64505159	501
cCREs128503	chr13	70654174	70654824	650
cCREs128707	chr13	71660499	71661000	501
cCREs128709	chr13	71668248	71668772	524
cCREs128805	chr13	72301566	72302295	729
cCREs129058	chr13	73817712	73818222	510
cCREs129066	chr13	73842600	73843101	501
cCREs129075	chr13	73875636	73876408	772
cCREs129137	chr13	74115923	74116424	501
cCREs129869	chr13	78518421	78518969	548
cCREs129881	chr13	78578336	78578837	501
cCREs129948	chr13	79029905	79030434	529
cCREs129950	chr13	79036306	79036807	501
cCREs130172	chr13	81019929	81020541	612
cCREs130194	chr13	81131816	81132432	616
cCREs130246	chr13	81334072	81334907	835
cCREs130426	chr13	82175018	82175565	547
cCREs130449	chr13	82280741	82281242	501
cCREs130518	chr13	82732165	82732666	501
cCREs130522	chr13	82747220	82747721	501
cCREs130547	chr13	82906173	82906674	501
cCREs130594	chr13	83202272	83202773	501
cCREs131809	chr13	91202512	91203013	501
cCREs131945	chr13	91749972	91750642	670
cCREs132165	chr13	92650762	92651311	549
cCREs132492	chr13	93852415	93852985	570
cCREs132579	chr13	94136137	94136805	668
cCREs132764	chr13	95020202	95021018	816
cCREs132795	chr13	95096572	95097073	501
cCREs132833	chr13	95206328	95206847	519
cCREs132855	chr13	95271555	95272056	501
cCREs133352	chr13	97249246	97250163	917
cCREs133357	chr13	97261222	97262020	798
cCREs133443	chr13	97526174	97526675	501
cCREs133452	chr13	97547699	97548215	516
cCREs133554	chr13	97861521	97862289	768
cCREs133705	chr13	98374510	98375400	890
cCREs133725	chr13	98445296	98445797	501
cCREs133739	chr13	98498017	98498639	622
cCREs133748	chr13	98539231	98540003	772
cCREs133768	chr13	98617386	98617999	613
cCREs133769	chr13	98624896	98625449	553
cCREs133840	chr13	98917737	98918310	573
cCREs133902	chr13	99126478	99126979	501
cCREs133925	chr13	99190406	99190958	552
cCREs133945	chr13	99244527	99245295	768
cCREs134031	chr13	99483227	99483987	760
cCREs134259	chr13	100548324	100548867	543
cCREs134502	chr13	101652154	101652977	823
cCREs134557	chr13	101839134	101839654	520
cCREs134566	chr13	101863720	101864221	501
cCREs134592	chr13	101957638	101958139	501
cCREs134684	chr13	102451117	102451641	524
cCREs134741	chr13	102669425	102670228	803
cCREs134796	chr13	102840048	102840661	613
cCREs134812	chr13	102878652	102879214	562
cCREs134865	chr13	103045339	103045868	529
cCREs134899	chr13	103174323	103174824	501
cCREs134921	chr13	103241404	103241905	501
cCREs134946	chr13	103336156	103336680	524
cCREs134947	chr13	103338559	103339060	501
cCREs134953	chr13	103360394	103361609	1215
cCREs134970	chr13	103426841	103427346	505
cCREs135171	chr13	104476121	104477027	906
cCREs135975	chr13	107863168	107863707	539
cCREs136168	chr13	108541452	108541983	531
cCREs136174	chr13	108552974	108553475	501
cCREs136175	chr13	108553757	108554586	829
cCREs136183	chr13	108593839	108594340	501
cCREs136248	chr13	108854059	108854586	527
cCREs136274	chr13	108980782	108981283	501
cCREs137056	chr13	111903308	111903856	548
cCREs137072	chr13	111946726	111947380	654
cCREs137075	chr13	111954130	111955040	910
cCREs137095	chr13	112025138	112025976	838
cCREs137128	chr13	112144950	112145484	534
cCREs137157	chr13	112252890	112253391	501
cCREs137158	chr13	112254045	112254548	503
cCREs137198	chr13	112404651	112405633	982
cCREs137201	chr13	112411182	112411683	501
cCREs137204	chr13	112415774	112416275	501
cCREs137256	chr13	112607862	112609040	1178
cCREs137346	chr13	113052377	113052894	517
cCREs137383	chr13	113244833	113245758	925
cCREs137398	chr13	113325606	113326444	838
cCREs137477	chr13	113592659	113593160	501
cCREs137846	chr13	115036602	115037103	501
cCREs137853	chr13	115059234	115059735	501
cCREs137859	chr13	115085943	115086444	501
cCREs137861	chr13	115096132	115096659	527
cCREs137864	chr13	115108319	115108820	501
cCREs137873	chr13	115130428	115130929	501
cCREs137885	chr13	115196554	115197055	501
cCREs138141	chr13	116887351	116888064	713
cCREs138144	chr13	116903347	116904094	747
cCREs139102	chr14	9157837	9158402	565
cCREs139664	chr14	11759292	11759824	532
cCREs139707	chr14	11868625	11869188	563
cCREs140467	chr14	15087005	15087536	531
cCREs140666	chr14	16331148	16331665	517
cCREs140719	chr14	16537325	16537908	583
cCREs140743	chr14	16602959	16603638	679
cCREs140759	chr14	16728336	16729199	863
cCREs140826	chr14	17106563	17107083	520
cCREs141160	chr14	18826686	18827224	538
cCREs141204	chr14	19694238	19695039	801
cCREs141341	chr14	20116175	20116821	646
cCREs141373	chr14	20246683	20247259	576
cCREs141516	chr14	20871392	20871951	559
cCREs141565	chr14	21063947	21064777	830
cCREs141818	chr14	22165833	22166366	533
cCREs141837	chr14	22288116	22288648	532
cCREs141840	chr14	22306128	22306689	561
cCREs141846	chr14	22328777	22329723	946
cCREs141915	chr14	22715491	22716188	697
cCREs141931	chr14	22807260	22808151	891
cCREs141935	chr14	22814666	22815505	839
cCREs142043	chr14	23383708	23384256	548
cCREs142062	chr14	23435731	23436530	799
cCREs142079	chr14	23471880	23472381	501
cCREs142096	chr14	23522465	23523095	630
cCREs142265	chr14	23931541	23932085	544
cCREs142328	chr14	24141334	24142390	1056
cCREs142526	chr14	24969474	24970021	547
cCREs142593	chr14	25174290	25174849	559
cCREs142608	chr14	25210032	25210547	515
cCREs142728	chr14	25577379	25577946	567
cCREs142742	chr14	25612258	25612759	501
cCREs142782	chr14	25709924	25710425	501
cCREs142797	chr14	25746372	25746873	501
cCREs142813	chr14	25786911	25787922	1011
cCREs142853	chr14	26357118	26357769	651
cCREs142855	chr14	26386789	26387327	538
cCREs142927	chr14	26934213	26935004	791
cCREs142945	chr14	27044123	27044668	545
cCREs142956	chr14	27074089	27074709	620
cCREs142979	chr14	27171102	27171977	875
cCREs143017	chr14	27296906	27297426	520
cCREs143867	chr14	30326001	30326720	719
cCREs144041	chr14	31132034	31132535	501
cCREs144117	chr14	31419236	31419762	526
cCREs144121	chr14	31432315	31432816	501
cCREs144122	chr14	31433658	31434234	576
cCREs144126	chr14	31439384	31439959	575
cCREs144232	chr14	31961329	31961840	511
cCREs144242	chr14	32005756	32006278	522
cCREs144243	chr14	32006393	32006961	568
cCREs144245	chr14	32014032	32014557	525
cCREs144430	chr14	32861001	32861591	590
cCREs144431	chr14	32861592	32862170	578
cCREs144436	chr14	32885215	32885716	501
cCREs144459	chr14	32958626	32959127	501
cCREs144535	chr14	33280855	33281378	523
cCREs144650	chr14	33680479	33681307	828
cCREs144652	chr14	33687243	33688125	882
cCREs144657	chr14	33696759	33697338	579
cCREs144660	chr14	33719608	33720185	577
cCREs144688	chr14	33841565	33842281	716
cCREs144771	chr14	34267911	34268466	555
cCREs144830	chr14	34532445	34532980	535
cCREs144839	chr14	34555741	34556246	505
cCREs144863	chr14	34660691	34661199	508
cCREs145387	chr14	37284080	37284882	802
cCREs145485	chr14	38161311	38162145	834
cCREs145975	chr14	40955057	40955564	507
cCREs146174	chr14	45069555	45070065	510
cCREs146250	chr14	45477649	45478192	543
cCREs146266	chr14	45523260	45523761	501
cCREs146404	chr14	46193513	46194014	501
cCREs146754	chr14	47767585	47768154	569
cCREs146766	chr14	47809488	47810032	544
cCREs146779	chr14	47866408	47866933	525
cCREs146852	chr14	48151483	48151984	501
cCREs146875	chr14	48210032	48210563	531
cCREs146917	chr14	48348102	48348838	736
cCREs146949	chr14	48503787	48505021	1234
cCREs147638	chr14	54189187	54190117	930
cCREs147798	chr14	54920148	54920739	591
cCREs147999	chr14	55824504	55825034	530
cCREs148001	chr14	55828665	55829421	756
cCREs148222	chr14	57338578	57339436	858
cCREs148531	chr14	58608111	58608695	584
cCREs148563	chr14	58782904	58783594	690
cCREs148576	chr14	58859125	58859626	501
cCREs149067	chr14	61022351	61022941	590
cCREs149077	chr14	61047533	61048043	510
cCREs149083	chr14	61068356	61069202	846
cCREs149184	chr14	61568293	61568804	511
cCREs149275	chr14	62118413	62119086	673
cCREs149328	chr14	62370778	62371329	551
cCREs149484	chr14	62993307	62993845	538
cCREs149730	chr14	64050391	64051198	807
cCREs150064	chr14	65041230	65041731	501
cCREs150069	chr14	65052701	65053210	509
cCREs150092	chr14	65098758	65099831	1073
cCREs150432	chr14	66376133	66377010	877
cCREs150446	chr14	66460709	66461292	583
cCREs150517	chr14	66745532	66746082	550
cCREs150563	chr14	66863810	66864311	501
cCREs150735	chr14	67544671	67545473	802
cCREs150997	chr14	68823168	68823748	580
cCREs150998	chr14	68825081	68825582	501
cCREs151047	chr14	69088440	69088947	507
cCREs151050	chr14	69103445	69104050	605
cCREs151054	chr14	69140907	69141408	501
cCREs151170	chr14	70031817	70032388	571
cCREs151173	chr14	70043677	70044558	881
cCREs151214	chr14	70176548	70177109	561
cCREs151216	chr14	70179702	70180203	501
cCREs151304	chr14	70515439	70515981	542
cCREs151485	chr14	71254244	71254909	665
cCREs151495	chr14	71313451	71314056	605
cCREs151497	chr14	71322511	71323136	625
cCREs151815	chr14	73015334	73015863	529
cCREs151817	chr14	73038588	73039089	501
cCREs151819	chr14	73048904	73049706	802
cCREs151820	chr14	73057536	73058276	740
cCREs151822	chr14	73071808	73072368	560
cCREs151823	chr14	73077693	73078348	655
cCREs151824	chr14	73089204	73089705	501
cCREs151929	chr14	73451282	73452126	844
cCREs152246	chr14	74788693	74789225	532
cCREs152699	chr14	76448756	76449324	568
cCREs152742	chr14	76569209	76569968	759
cCREs152756	chr14	76613492	76613993	501
cCREs152776	chr14	76670885	76671554	669
cCREs153368	chr14	78645522	78646023	501
cCREs153533	chr14	79227906	79228417	511
cCREs153545	chr14	79257471	79257972	501
cCREs153553	chr14	79279123	79280006	883
cCREs156156	chr14	97559503	97560015	512
cCREs156184	chr14	97795364	97795865	501
cCREs156189	chr14	97847717	97848246	529
cCREs156489	chr14	99419538	99420808	1270
cCREs156700	chr14	100125742	100126514	772
cCREs156720	chr14	100183470	100183971	501
cCREs156820	chr14	100627506	100628007	501
cCREs157014	chr14	101513024	101513625	601
cCREs157579	chr14	103796820	103797321	501
cCREs157617	chr14	104005037	104005538	501
cCREs157749	chr14	104935579	104936271	692
cCREs157863	chr14	105514411	105514912	501
cCREs157928	chr14	105736375	105736876	501
cCREs157954	chr14	105870294	105870865	571
cCREs157955	chr14	105874430	105875060	630
cCREs157978	chr14	106007088	106007589	501
cCREs158005	chr14	106194066	106194599	533
cCREs159337	chr14	115770591	115771260	669
cCREs159515	chr14	116933397	116934784	1387
cCREs159593	chr14	117233094	117233618	524
cCREs159735	chr14	117759279	117759823	544
cCREs159770	chr14	117841745	117842738	993
cCREs159850	chr14	118148507	118149358	851
cCREs159919	chr14	118551043	118551545	502
cCREs159924	chr14	118572732	118573233	501
cCREs160424	chr14	120393964	120394576	612
cCREs160503	chr14	120680170	120680671	501
cCREs160595	chr14	121014146	121014658	512
cCREs160690	chr14	121261186	121261930	744
cCREs160719	chr14	121335026	121335527	501
cCREs160723	chr14	121341730	121342231	501
cCREs160725	chr14	121345676	121346177	501
cCREs160746	chr14	121397923	121398636	713
cCREs160760	chr14	121456319	121456851	532
cCREs160762	chr14	121460253	121461143	890
cCREs160833	chr14	121659975	121660665	690
cCREs160851	chr14	121705497	121706064	567
cCREs160852	chr14	121706278	121707026	748
cCREs161053	chr14	122480444	122480945	501
cCREs161076	chr14	122601208	122601959	751
cCREs161104	chr14	122730889	122731390	501
cCREs161116	chr14	122765806	122766307	501
cCREs161154	chr14	122902032	122902569	537
cCREs161509	chr15	3381310	3381946	636
cCREs161540	chr15	3490802	3491303	501
cCREs161612	chr15	4054692	4055193	501
cCREs161735	chr15	4645041	4645542	501
cCREs161894	chr15	5808108	5808611	503
cCREs162087	chr15	6871219	6871978	759
cCREs162135	chr15	7044217	7044842	625
cCREs162136	chr15	7045020	7045521	501
cCREs162176	chr15	7167154	7167715	561
cCREs162177	chr15	7167784	7168304	520
cCREs162196	chr15	7231792	7232293	501
cCREs162213	chr15	7301715	7302226	511
cCREs162214	chr15	7302888	7303389	501
cCREs162215	chr15	7308636	7309137	501
cCREs162220	chr15	7352357	7353257	900
cCREs162222	chr15	7368642	7369712	1070
cCREs162226	chr15	7383280	7383785	505
cCREs162237	chr15	7442048	7442609	561
cCREs162238	chr15	7442632	7443165	533
cCREs163022	chr15	11505082	11505713	631
cCREs163027	chr15	11530085	11530586	501
cCREs163036	chr15	11574353	11574927	574
cCREs163065	chr15	11707385	11708181	796
cCREs163087	chr15	11780969	11781528	559
cCREs163090	chr15	11794580	11795115	535
cCREs163277	chr15	12428473	12428974	501
cCREs163279	chr15	12432243	12432804	561
cCREs163312	chr15	12503613	12504266	653
cCREs163326	chr15	12545623	12546124	501
cCREs163334	chr15	12566556	12567397	841
cCREs163724	chr15	14649557	14650112	555
cCREs165159	chr15	25485329	25485835	506
cCREs165163	chr15	25496231	25496766	535
cCREs165200	chr15	25632839	25633411	572
cCREs165250	chr15	25769466	25769978	512
cCREs165283	chr15	25844731	25845232	501
cCREs165533	chr15	26834332	26834859	527
cCREs165586	chr15	27072770	27073418	648
cCREs166661	chr15	31449635	31450220	585
cCREs166809	chr15	32071160	32071874	714
cCREs166879	chr15	32328332	32329085	753
cCREs167117	chr15	33596283	33596840	557
cCREs167151	chr15	33758697	33759233	536
cCREs167152	chr15	33759400	33759974	574
cCREs167161	chr15	33873361	33873862	501
cCREs167193	chr15	34110367	34110868	501
cCREs167415	chr15	35147964	35148465	501
cCREs167545	chr15	35922914	35923465	551
cCREs167546	chr15	35927133	35927793	660
cCREs167699	chr15	36640699	36641219	520
cCREs167748	chr15	36820018	36820765	747
cCREs167750	chr15	36826873	36827553	680
cCREs167760	chr15	36851615	36852116	501
cCREs167773	chr15	36888570	36889491	921
cCREs167784	chr15	36924072	36925120	1048
cCREs167863	chr15	37243715	37244216	501
cCREs167887	chr15	37377901	37378479	578
cCREs168016	chr15	37755523	37756024	501
cCREs168098	chr15	38139688	38140189	501
cCREs168124	chr15	38259343	38259997	654
cCREs168274	chr15	38990203	38990999	796
cCREs168280	chr15	39013607	39014138	531
cCREs168282	chr15	39018652	39019207	555
cCREs168294	chr15	39052068	39052569	501
cCREs169058	chr15	42509684	42510344	660
cCREs171064	chr15	54953871	54954434	563
cCREs171145	chr15	55249010	55249760	750
cCREs171176	chr15	55378187	55378753	566
cCREs171215	chr15	55519684	55520510	826
cCREs171253	chr15	55702039	55702847	808
cCREs171267	chr15	55781958	55782459	501
cCREs171273	chr15	55806230	55806775	545
cCREs171277	chr15	55819338	55819839	501
cCREs171280	chr15	55824801	55825302	501
cCREs171587	chr15	57772680	57773573	893
cCREs171661	chr15	57987444	57988253	809
cCREs171897	chr15	58818126	58818646	520
cCREs172009	chr15	59130878	59131383	505
cCREs172020	chr15	59171105	59171653	548
cCREs172031	chr15	59230503	59231064	561
cCREs172134	chr15	59597282	59597816	534
cCREs172499	chr15	61365441	61366076	635
cCREs172534	chr15	61552996	61553529	533
cCREs172656	chr15	62114589	62115154	565
cCREs172870	chr15	63052292	63053370	1078
cCREs175188	chr15	73226303	73227018	715
cCREs175194	chr15	73255367	73255942	575
cCREs175270	chr15	73532995	73533540	545
cCREs175314	chr15	73668019	73668525	506
cCREs175331	chr15	73735560	73736115	555
cCREs175333	chr15	73739638	73740139	501
cCREs176118	chr15	77202186	77202713	527
cCREs176261	chr15	77856463	77857016	553
cCREs176267	chr15	77873516	77874080	564
cCREs176269	chr15	77882644	77883452	808
cCREs176270	chr15	77883498	77884065	567
cCREs176274	chr15	77891731	77892292	561
cCREs176278	chr15	77906480	77906981	501
cCREs176284	chr15	77922424	77923195	771
cCREs176419	chr15	78430210	78430711	501
cCREs176439	chr15	78528779	78529358	579
cCREs176513	chr15	78787197	78787698	501
cCREs176632	chr15	79233561	79234062	501
cCREs176684	chr15	79436278	79437118	840
cCREs176685	chr15	79438120	79438621	501
cCREs176811	chr15	79952491	79953149	658
cCREs176824	chr15	80000431	80001076	645
cCREs176825	chr15	80003508	80004009	501
cCREs176866	chr15	80147805	80148306	501
cCREs177217	chr15	81511570	81512208	638
cCREs177235	chr15	81710675	81711243	568
cCREs177522	chr15	83070851	83071387	536
cCREs177543	chr15	83161028	83161529	501
cCREs177546	chr15	83169413	83169959	546
cCREs177553	chr15	83220543	83221082	539
cCREs177557	chr15	83226826	83227327	501
cCREs177565	chr15	83254320	83254821	501
cCREs177569	chr15	83267718	83268901	1183
cCREs177574	chr15	83292987	83293554	567
cCREs177584	chr15	83331462	83332036	574
cCREs177644	chr15	83564236	83564755	519
cCREs177671	chr15	83696592	83697613	1021
cCREs177953	chr15	84643017	84643688	671
cCREs177954	chr15	84648927	84649428	501
cCREs177972	chr15	84712538	84713097	559
cCREs178049	chr15	85007838	85008386	548
cCREs178074	chr15	85162605	85163486	881
cCREs178082	chr15	85186860	85187390	530
cCREs178086	chr15	85202138	85202639	501
cCREs178093	chr15	85218235	85219315	1080
cCREs178216	chr15	85675882	85676383	501
cCREs178220	chr15	85684105	85684608	503
cCREs178228	chr15	85701224	85701725	501
cCREs178267	chr15	85908646	85909147	501
cCREs178301	chr15	86054853	86055354	501
cCREs178302	chr15	86056269	86056770	501
cCREs178311	chr15	86081462	86082073	611
cCREs178998	chr15	88867470	88868461	991
cCREs180221	chr15	94139386	94139935	549
cCREs180229	chr15	94201041	94201542	501
cCREs180230	chr15	94205145	94205977	832
cCREs180246	chr15	94248103	94248871	768
cCREs180671	chr15	95910016	95910568	552
cCREs180674	chr15	95914871	95915372	501
cCREs180774	chr15	96382188	96382689	501
cCREs180883	chr15	96799152	96799764	612
cCREs180960	chr15	97203687	97204188	501
cCREs181008	chr15	97376631	97377200	569
cCREs181069	chr15	97719880	97720784	904
cCREs181076	chr15	97733028	97733970	942
cCREs181088	chr15	97765402	97765903	501
cCREs181282	chr15	98692074	98692857	783
cCREs181288	chr15	98722803	98723324	521
cCREs181372	chr15	99116314	99116874	560
cCREs181407	chr15	99307405	99307928	523
cCREs181418	chr15	99339642	99340143	501
cCREs181426	chr15	99363887	99364667	780
cCREs181554	chr15	99839827	99840490	663
cCREs181848	chr15	101128327	101129186	859
cCREs181871	chr15	101181187	101182051	864
cCREs181939	chr15	101370213	101370956	743
cCREs182067	chr15	102102623	102103410	787
cCREs182102	chr15	102240507	102241009	502
cCREs182131	chr15	102388887	102389932	1045
cCREs182139	chr15	102418633	102419169	536
cCREs182284	chr15	103193597	103194098	501
cCREs182316	chr15	103320909	103321493	584
cCREs182381	chr15	103514815	103515328	513
cCREs182429	chr16	3727687	3728760	1073
cCREs182509	chr16	4315301	4315802	501
cCREs182535	chr16	4406627	4407156	529
cCREs182564	chr16	4514308	4514856	548
cCREs182578	chr16	4569575	4570076	501
cCREs182653	chr16	4890241	4890838	597
cCREs182710	chr16	5136993	5137498	505
cCREs183191	chr16	6896197	6896719	522
cCREs183320	chr16	7292418	7293117	699
cCREs183370	chr16	7534899	7535951	1052
cCREs183372	chr16	7543102	7543714	612
cCREs183905	chr16	10138995	10139916	921
cCREs184118	chr16	11017681	11018421	740
cCREs184125	chr16	11046419	11046925	506
cCREs184134	chr16	11069770	11070271	501
cCREs184154	chr16	11132652	11133153	501
cCREs184518	chr16	12670369	12670870	501
cCREs184629	chr16	13205733	13206234	501
cCREs184670	chr16	13353889	13354901	1012
cCREs184682	chr16	13387225	13387753	528
cCREs184852	chr16	14242024	14242810	786
cCREs184853	chr16	14249786	14250307	521
cCREs185018	chr16	15942464	15942981	517
cCREs185028	chr16	15991979	15992513	534
cCREs185031	chr16	16017205	16017729	524
cCREs185219	chr16	17348484	17348986	502
cCREs185317	chr16	17798345	17798879	534
cCREs185404	chr16	18159722	18160223	501
cCREs185406	chr16	18161482	18162064	582
cCREs185444	chr16	18347204	18347705	501
cCREs185480	chr16	18453668	18454360	692
cCREs185522	chr16	18645004	18645731	727
cCREs185532	chr16	18720269	18721277	1008
cCREs185543	chr16	18773773	18774320	547
cCREs186138	chr16	22598045	22598546	501
cCREs186304	chr16	23294284	23294823	539
cCREs186452	chr16	23979879	23980781	902
cCREs186570	chr16	24454443	24455029	586
cCREs186583	chr16	24492494	24493041	547
cCREs186595	chr16	24531660	24532438	778
cCREs186695	chr16	24897596	24898129	533
cCREs186703	chr16	24926373	24926907	534
cCREs186752	chr16	25066734	25067302	568
cCREs186783	chr16	25253020	25253593	573
cCREs187437	chr16	28515870	28516380	510
cCREs187599	chr16	29174789	29175381	592
cCREs187616	chr16	29264714	29265224	510
cCREs187622	chr16	29310738	29311713	975
cCREs187624	chr16	29312824	29313415	591
cCREs187640	chr16	29385620	29386380	760
cCREs187651	chr16	29405687	29406257	570
cCREs187656	chr16	29415840	29416347	507
cCREs187670	chr16	29501927	29502428	501
cCREs187743	chr16	29807775	29808340	565
cCREs187907	chr16	30501510	30503088	1578
cCREs188086	chr16	31133906	31134419	513
cCREs188131	chr16	31296935	31297521	586
cCREs188142	chr16	31326030	31327121	1091
cCREs188145	chr16	31330857	31331472	615
cCREs188326	chr16	32200150	32201334	1184
cCREs188376	chr16	32535166	32535832	666
cCREs188380	chr16	32567153	32567837	684
cCREs188557	chr16	33467354	33468011	657
cCREs188578	chr16	33545174	33545958	784
cCREs188582	chr16	33567682	33568183	501
cCREs188583	chr16	33568292	33569092	800
cCREs188590	chr16	33581753	33582363	610
cCREs188603	chr16	33659977	33660629	652
cCREs188651	chr16	33855525	33856026	501
cCREs188669	chr16	33927305	33927823	518
cCREs188830	chr16	34359162	34359663	501
cCREs188875	chr16	34471449	34471950	501
cCREs188884	chr16	34501671	34502248	577
cCREs188978	chr16	34905938	34906439	501
cCREs188979	chr16	34909313	34910094	781
cCREs188983	chr16	34920938	34921775	837
cCREs188985	chr16	34927016	34927517	501
cCREs188994	chr16	34947073	34947574	501
cCREs188999	chr16	34966580	34967081	501
cCREs189080	chr16	35216210	35216711	501
cCREs189083	chr16	35221483	35222075	592
cCREs189245	chr16	35712277	35712935	658
cCREs189631	chr16	37790355	37791309	954
cCREs189643	chr16	37821233	37822156	923
cCREs189649	chr16	37843729	37844230	501
cCREs189651	chr16	37851308	37851862	554
cCREs189698	chr16	38029306	38029983	677
cCREs189790	chr16	38432687	38433506	819
cCREs189859	chr16	38703444	38703945	501
cCREs189861	chr16	38707900	38708401	501
cCREs189890	chr16	38820892	38821441	549
cCREs190477	chr16	41564844	41565345	501
cCREs190537	chr16	41781876	41782397	521
cCREs190949	chr16	43545136	43545683	547
cCREs190993	chr16	43667343	43667904	561
cCREs191168	chr16	44296618	44297134	516
cCREs191195	chr16	44410109	44410632	523
cCREs191277	chr16	44671136	44672047	911
cCREs191291	chr16	44704350	44704914	564
cCREs191293	chr16	44722681	44723182	501
cCREs191357	chr16	45100849	45101350	501
cCREs191403	chr16	45274053	45274554	501
cCREs191433	chr16	45368099	45368600	501
cCREs191496	chr16	45713824	45714325	501
cCREs191504	chr16	45728731	45729232	501
cCREs191510	chr16	45758855	45759359	504
cCREs191531	chr16	45817747	45818253	506
cCREs191542	chr16	45860237	45860738	501
cCREs191549	chr16	45874099	45874600	501
cCREs191552	chr16	45889558	45890108	550
cCREs191561	chr16	45922496	45923018	522
cCREs191562	chr16	45927490	45928183	693
cCREs191574	chr16	45956360	45957139	779
cCREs191577	chr16	45966591	45967128	537
cCREs192240	chr16	49848130	49848631	501
cCREs192337	chr16	50096209	50096710	501
cCREs192561	chr16	51328618	51329119	501
cCREs192624	chr16	51760889	51761390	501
cCREs192685	chr16	52064385	52065241	856
cCREs192948	chr16	53327886	53329277	1391
cCREs193387	chr16	56163415	56164031	616
cCREs193511	chr16	56814150	56814651	501
cCREs193513	chr16	56828699	56829221	522
cCREs193518	chr16	56850269	56850811	542
cCREs193596	chr16	57244604	57245145	541
cCREs193619	chr16	57330033	57330534	501
cCREs193637	chr16	57393053	57393554	501
cCREs193638	chr16	57396283	57396784	501
cCREs193649	chr16	57419299	57419847	548
cCREs193688	chr16	57561083	57561584	501
cCREs193707	chr16	57649784	57650575	791
cCREs193725	chr16	57724458	57725446	988
cCREs193755	chr16	57893072	57893573	501
cCREs194978	chr16	65823608	65824179	571
cCREs195645	chr16	70350016	70350540	524
cCREs196971	chr16	76984374	76984927	553
cCREs196972	chr16	76985143	76985684	541
cCREs197095	chr16	77493970	77494950	980
cCREs197099	chr16	77504311	77504812	501
cCREs197177	chr16	77797449	77798333	884
cCREs197204	chr16	77945418	77946082	664
cCREs197346	chr16	78563541	78564136	595
cCREs197645	chr16	80828335	80828869	534
cCREs197665	chr16	80951157	80951666	509
cCREs198273	chr16	84990974	84991475	501
cCREs198296	chr16	85041314	85042111	797
cCREs198358	chr16	85157083	85157601	518
cCREs198494	chr16	85749249	85749791	542
cCREs198521	chr16	85910794	85911355	561
cCREs198835	chr16	87575451	87575952	501
cCREs198874	chr16	87715699	87716794	1095
cCREs199571	chr16	90703611	90704139	528
cCREs199572	chr16	90704196	90704697	501
cCREs199630	chr16	90901331	90901832	501
cCREs199631	chr16	90903158	90903753	595
cCREs199639	chr16	90924558	90925129	571
cCREs199728	chr16	91362490	91363004	514
cCREs199729	chr16	91363327	91363914	587
cCREs199752	chr16	91439645	91440376	731
cCREs199963	chr16	92175887	92177176	1289
cCREs199969	chr16	92215818	92216429	611
cCREs199975	chr16	92234345	92234991	646
cCREs199988	chr16	92267749	92268313	564
cCREs200087	chr16	92602492	92602993	501
cCREs200133	chr16	92851773	92852288	515
cCREs200236	chr16	93357425	93358372	947
cCREs200279	chr16	93557581	93558118	537
cCREs200436	chr16	94327980	94328564	584
cCREs200669	chr16	95207350	95208018	668
cCREs200672	chr16	95221985	95222764	779
cCREs200684	chr16	95264049	95264550	501
cCREs200693	chr16	95321826	95322685	859
cCREs200698	chr16	95347135	95347672	537
cCREs200748	chr16	95549927	95550485	558
cCREs200798	chr16	95742618	95743448	830
cCREs200834	chr16	95863817	95865103	1286
cCREs200928	chr16	96283497	96283998	501
cCREs200929	chr16	96284050	96284551	501
cCREs201230	chr16	97387870	97388724	854
cCREs201329	chr16	97894198	97894699	501
cCREs201492	chr17	3596672	3597587	915
cCREs201567	chr17	4024272	4024773	501
cCREs201569	chr17	4034367	4034868	501
cCREs201677	chr17	4610357	4610871	514
cCREs201710	chr17	4796159	4796660	501
cCREs201716	chr17	4830672	4831348	676
cCREs201772	chr17	5074645	5075146	501
cCREs202032	chr17	5892988	5893574	586
cCREs202051	chr17	5959717	5960255	538
cCREs202061	chr17	5988039	5988540	501
cCREs202244	chr17	7226955	7227644	689
cCREs202614	chr17	9059337	9059838	501
cCREs202784	chr17	9895110	9895661	551
cCREs202833	chr17	10095478	10096346	868
cCREs202859	chr17	10211461	10212097	636
cCREs203349	chr17	12184291	12184844	553
cCREs203479	chr17	12739358	12739859	501
cCREs204191	chr17	20965315	20965855	540
cCREs204192	chr17	20966606	20967108	502
cCREs204208	chr17	21474473	21475307	834
cCREs204463	chr17	24636749	24637250	501
cCREs204473	chr17	24672066	24672594	528
cCREs204569	chr17	25211045	25211546	501
cCREs204604	chr17	25416132	25416633	501
cCREs204611	chr17	25429243	25429744	501
cCREs204617	chr17	25450020	25450521	501
cCREs204677	chr17	25647832	25648386	554
cCREs204783	chr17	26111843	26112344	501
cCREs204884	chr17	26571293	26571933	640
cCREs204903	chr17	26625506	26626210	704
cCREs204967	chr17	26952411	26952912	501
cCREs205001	chr17	27121735	27122236	501
cCREs205223	chr17	27978746	27979247	501
cCREs205224	chr17	27982794	27983463	669
cCREs205302	chr17	28253177	28253713	536
cCREs205443	chr17	28931699	28932200	501
cCREs205459	chr17	29014156	29014657	501
cCREs205486	chr17	29123467	29124092	625
cCREs205548	chr17	29304685	29305261	576
cCREs205549	chr17	29305284	29305800	516
cCREs205585	chr17	29450834	29451817	983
cCREs205710	chr17	29985464	29986366	902
cCREs205711	chr17	29990686	29991189	503
cCREs205720	chr17	30026524	30027040	516
cCREs205828	chr17	30335618	30336311	693
cCREs206069	chr17	31405548	31406062	514
cCREs206088	chr17	31472863	31473364	501
cCREs206132	chr17	31688164	31688665	501
cCREs206160	chr17	31795969	31796470	501
cCREs206163	chr17	31808053	31808932	879
cCREs206190	chr17	31901339	31902410	1071
cCREs206214	chr17	31982299	31983280	981
cCREs206215	chr17	31983394	31983946	552
cCREs206241	chr17	32097565	32098187	622
cCREs206253	chr17	32160820	32161337	517
cCREs206259	chr17	32172754	32173623	869
cCREs206266	chr17	32205380	32205881	501
cCREs206413	chr17	33756340	33756855	515
cCREs206485	chr17	34234180	34234681	501
cCREs206507	chr17	34377347	34378221	874
cCREs206529	chr17	34583325	34584138	813
cCREs206556	chr17	34657408	34657909	501
cCREs206559	chr17	34667349	34667891	542
cCREs206589	chr17	34941514	34942232	718
cCREs206731	chr17	35802768	35803565	797
cCREs206733	chr17	35811244	35811790	546
cCREs206736	chr17	35817119	35817760	641
cCREs206808	chr17	36144983	36145936	953
cCREs206854	chr17	36869810	36870332	522
cCREs206959	chr17	40483343	40483885	542
cCREs206961	chr17	40490815	40491368	553
cCREs206962	chr17	40493309	40493830	521
cCREs207303	chr17	43218686	43219187	501
cCREs207305	chr17	43222843	43223379	536
cCREs207308	chr17	43237937	43238438	501
cCREs207337	chr17	43359732	43361101	1369
cCREs207341	chr17	43368109	43368729	620
cCREs207349	chr17	43391754	43392521	767
cCREs207368	chr17	43519712	43520603	891
cCREs207403	chr17	43675071	43675594	523
cCREs207437	chr17	43827218	43827729	511
cCREs207618	chr17	44601584	44602129	545
cCREs207855	chr17	45628086	45628608	522
cCREs207892	chr17	45800832	45801343	511
cCREs207893	chr17	45803927	45804428	501
cCREs207928	chr17	45930999	45931629	630
cCREs207991	chr17	46272594	46273138	544
cCREs208072	chr17	46667644	46668472	828
cCREs208150	chr17	47008881	47009382	501
cCREs208251	chr17	47513308	47513809	501
cCREs208263	chr17	47551492	47552002	510
cCREs208363	chr17	48005011	48005532	521
cCREs208368	chr17	48019529	48020112	583
cCREs208444	chr17	48436301	48436967	666
cCREs208635	chr17	49208288	49208789	501
cCREs208648	chr17	49254673	49255322	649
cCREs208706	chr17	49515680	49516181	501
cCREs208767	chr17	49726749	49727250	501
cCREs208815	chr17	49887308	49887809	501
cCREs208825	chr17	49946939	49947440	501
cCREs208852	chr17	50031134	50031936	802
cCREs208859	chr17	50060194	50060695	501
cCREs208879	chr17	50116934	50117435	501
cCREs209514	chr17	54246517	54247320	803
cCREs209517	chr17	54272031	54272591	560
cCREs209717	chr17	55968047	55968576	529
cCREs209774	chr17	56163545	56164058	513
cCREs209960	chr17	56888885	56889557	672
cCREs210603	chr17	62505543	62506053	510
cCREs210881	chr17	63392804	63393305	501
cCREs210913	chr17	63489411	63490599	1188
cCREs210941	chr17	63677869	63678734	865
cCREs210968	chr17	63811336	63811852	516
cCREs211049	chr17	64134562	64135109	547
cCREs211088	chr17	64286868	64287369	501
cCREs211136	chr17	64492001	64492511	510
cCREs211174	chr17	64616196	64616727	531
cCREs211425	chr17	65710237	65710997	760
cCREs211455	chr17	65788845	65789346	501
cCREs211614	chr17	66403012	66403513	501
cCREs211973	chr17	67730599	67731113	514
cCREs212313	chr17	69249245	69250074	829
cCREs212690	chr17	70745361	70745879	518
cCREs212693	chr17	70751051	70751812	761
cCREs213176	chr17	72880248	72880749	501
cCREs213197	chr17	72948085	72948586	501
cCREs213228	chr17	73034964	73035549	585
cCREs213248	chr17	73126288	73126789	501
cCREs213294	chr17	73284399	73284900	501
cCREs213438	chr17	73813198	73813699	501
cCREs213440	chr17	73815878	73816379	501
cCREs213666	chr17	75031086	75031634	548
cCREs213687	chr17	75128274	75129059	785
cCREs213713	chr17	75206197	75206734	537
cCREs213749	chr17	75356319	75356996	677
cCREs213788	chr17	75526341	75527264	923
cCREs214136	chr17	78218435	78218990	555
cCREs214140	chr17	78225456	78226022	566
cCREs214169	chr17	78290988	78291489	501
cCREs214191	chr17	78336132	78336666	534
cCREs214200	chr17	78360060	78360589	529
cCREs214346	chr17	78994339	78995311	972
cCREs214398	chr17	79269131	79269803	672
cCREs214521	chr17	79781612	79782166	554
cCREs214577	chr17	80006548	80007064	516
cCREs214636	chr17	80243102	80243603	501
cCREs214770	chr17	80785847	80786700	853
cCREs214771	chr17	80788920	80789421	501
cCREs214813	chr17	80928970	80929471	501
cCREs214836	chr17	80998883	80999472	589
cCREs215309	chr17	83219958	83220481	523
cCREs215333	chr17	83330394	83330907	513
cCREs215501	chr17	83957482	83957983	501
cCREs215518	chr17	83990225	83990817	592
cCREs215532	chr17	84031377	84031935	558
cCREs215551	chr17	84083251	84084411	1160
cCREs215587	chr17	84197976	84198556	580
cCREs215608	chr17	84265421	84266604	1183
cCREs215609	chr17	84268015	84268923	908
cCREs215617	chr17	84288853	84289383	530
cCREs215673	chr17	84505809	84506334	525
cCREs216005	chr17	86031950	86032809	859
cCREs216009	chr17	86048089	86048636	547
cCREs216011	chr17	86061415	86061916	501
cCREs216067	chr17	86256515	86257278	763
cCREs216178	chr17	86539859	86540374	515
cCREs216195	chr17	86595431	86596047	616
cCREs216202	chr17	86614210	86614715	505
cCREs216215	chr17	86670502	86671483	981
cCREs216222	chr17	86710263	86711015	752
cCREs216229	chr17	86733593	86734104	511
cCREs216246	chr17	86797546	86798052	506
cCREs216259	chr17	86864349	86865101	752
cCREs216335	chr17	87164416	87165017	601
cCREs216493	chr17	87862249	87863108	859
cCREs216507	chr17	87927280	87927781	501
cCREs216560	chr17	88260214	88260715	501
cCREs216587	chr17	88389981	88390606	625
cCREs216623	chr17	88563526	88564037	511
cCREs216649	chr17	88626241	88626742	501
cCREs216680	chr17	88756311	88756829	518
cCREs217570	chr18	3669291	3669858	567
cCREs217649	chr18	4147321	4148158	837
cCREs217679	chr18	4337827	4338681	854
cCREs217722	chr18	4526810	4527311	501
cCREs217817	chr18	4872346	4872868	522
cCREs217819	chr18	4876425	4876942	517
cCREs217843	chr18	4975073	4975582	509
cCREs217905	chr18	5152211	5152712	501
cCREs217948	chr18	5358543	5359331	788
cCREs217955	chr18	5370276	5370837	561
cCREs217967	chr18	5418491	5419106	615
cCREs217994	chr18	5522712	5523236	524
cCREs217999	chr18	5542330	5543024	694
cCREs218006	chr18	5586401	5586953	552
cCREs218059	chr18	5816045	5816870	825
cCREs218384	chr18	7703391	7703925	534
cCREs218704	chr18	9810364	9811354	990
cCREs218710	chr18	9834591	9835497	906
cCREs218769	chr18	10253529	10254069	540
cCREs218915	chr18	10918205	10918706	501
cCREs219047	chr18	11828416	11829102	686
cCREs219123	chr18	12016877	12017378	501
cCREs219527	chr18	13600907	13602272	1365
cCREs219814	chr18	14988378	14988879	501
cCREs219826	chr18	15014353	15014854	501
cCREs220295	chr18	17178398	17178899	501
cCREs220401	chr18	18097377	18098241	864
cCREs220402	chr18	18104823	18105350	527
cCREs220408	chr18	18195872	18196373	501
cCREs220881	chr18	21195694	21196197	503
cCREs221454	chr18	23808148	23808649	501
cCREs221858	chr18	25191258	25191759	501
cCREs221962	chr18	25588710	25589211	501
cCREs223348	chr18	32448200	32448737	537
cCREs223522	chr18	33217066	33217567	501
cCREs223581	chr18	33494635	33495258	623
cCREs223602	chr18	33562129	33562813	684
cCREs224108	chr18	35697098	35697629	531
cCREs224132	chr18	35823544	35824227	683
cCREs224561	chr18	38181928	38182429	501
cCREs224594	chr18	38268550	38269051	501
cCREs224599	chr18	38284294	38284824	530
cCREs224670	chr18	38570308	38570819	511
cCREs224677	chr18	38590155	38590665	510
cCREs224680	chr18	38596912	38597470	558
cCREs224701	chr18	38711621	38712150	529
cCREs224722	chr18	38785495	38786096	601
cCREs224816	chr18	39036282	39036783	501
cCREs224939	chr18	39358153	39358654	501
cCREs224945	chr18	39378400	39378901	501
cCREs225576	chr18	42314540	42315041	501
cCREs226577	chr18	46698069	46698712	643
cCREs226582	chr18	46716454	46717521	1067
cCREs226749	chr18	47303889	47304483	594
cCREs226757	chr18	47313943	47315082	1139
cCREs226822	chr18	47495343	47495844	501
cCREs226835	chr18	47549881	47550382	501
cCREs226837	chr18	47551352	47551853	501
cCREs227211	chr18	49576167	49576785	618
cCREs227221	chr18	49628901	49629415	514
cCREs227293	chr18	49991796	49992373	577
cCREs227310	chr18	50046227	50047352	1125
cCREs228367	chr18	54954063	54954564	501
cCREs228446	chr18	55194001	55194502	501
cCREs228475	chr18	55288475	55288995	520
cCREs228542	chr18	55520395	55520997	602
cCREs228731	chr18	56421751	56422324	573
cCREs228732	chr18	56424590	56425093	503
cCREs228793	chr18	56688276	56688880	604
cCREs229026	chr18	57466682	57467221	539
cCREs229054	chr18	57540121	57540651	530
cCREs229063	chr18	57564354	57564855	501
cCREs229079	chr18	57610563	57611064	501
cCREs229099	chr18	57666851	57667531	680
cCREs229116	chr18	57730445	57730946	501
cCREs229153	chr18	57854248	57854977	729
cCREs229154	chr18	57856099	57856600	501
cCREs229294	chr18	58450831	58451380	549
cCREs229615	chr18	60379671	60380182	511
cCREs229626	chr18	60474293	60474794	501
cCREs229664	chr18	60604416	60604917	501
cCREs229687	chr18	60651881	60652441	560
cCREs229689	chr18	60657018	60657696	678
cCREs229850	chr18	61026449	61027381	932
cCREs229866	chr18	61059475	61060049	574
cCREs229870	chr18	61070608	61071109	501
cCREs229980	chr18	61423747	61425233	1486
cCREs229990	chr18	61487012	61487725	713
cCREs230012	chr18	61550352	61550853	501
cCREs230351	chr18	62724492	62725389	897
cCREs230378	chr18	62789845	62790685	840
cCREs230415	chr18	62919916	62920438	522
cCREs230425	chr18	62940602	62941188	586
cCREs230430	chr18	62968200	62968742	542
cCREs230821	chr18	64827115	64827616	501
cCREs231006	chr18	65314003	65314722	719
cCREs231079	chr18	65612015	65612527	512
cCREs231125	chr18	65737712	65738213	501
cCREs231128	chr18	65744830	65745349	519
cCREs231839	chr18	68670987	68671823	836
cCREs231841	chr18	68678860	68679427	567
cCREs231853	chr18	68722404	68722949	545
cCREs231927	chr18	69028768	69029515	747
cCREs231976	chr18	69209351	69209852	501
cCREs232152	chr18	69660218	69660772	554
cCREs233115	chr18	74354936	74355468	532
cCREs233293	chr18	75026763	75027304	541
cCREs233413	chr18	75377078	75377996	918
cCREs233554	chr18	75750750	75751703	953
cCREs233557	chr18	75764909	75765410	501
cCREs233571	chr18	75829434	75829944	510
cCREs233576	chr18	75840928	75841456	528
cCREs233587	chr18	75901413	75902427	1014
cCREs233637	chr18	76072732	76073636	904
cCREs233919	chr18	77510250	77510794	544
cCREs233954	chr18	77638428	77638946	518
cCREs234103	chr18	78255274	78256257	983
cCREs234115	chr18	78295530	78296046	516
cCREs234143	chr18	78430824	78431611	787
cCREs234331	chr18	79046071	79046615	544
cCREs234345	chr18	79080287	79080788	501
cCREs234485	chr18	79993295	79994018	723
cCREs234504	chr18	80071579	80072262	683
cCREs234522	chr18	80116258	80116775	517
cCREs234525	chr18	80124192	80124931	739
cCREs234535	chr18	80149920	80150421	501
cCREs234698	chr18	80694844	80695579	735
cCREs234722	chr18	80775523	80776307	784
cCREs235064	chr18	82517328	82517866	538
cCREs236533	chr19	3321538	3322039	501
cCREs236600	chr19	3653968	3654533	565
cCREs236673	chr19	4051529	4052202	673
cCREs236687	chr19	4129549	4130050	501
cCREs236690	chr19	4144807	4145308	501
cCREs236756	chr19	4484971	4485929	958
cCREs236763	chr19	4507707	4508208	501
cCREs236765	chr19	4515477	4516253	776
cCREs236825	chr19	4870652	4871153	501
cCREs236862	chr19	5056925	5057426	501
cCREs237030	chr19	5929966	5930506	540
cCREs237152	chr19	6500622	6501123	501
cCREs237174	chr19	6551160	6551661	501
cCREs237176	chr19	6553719	6554258	539
cCREs237179	chr19	6566460	6566961	501
cCREs237424	chr19	8571666	8572366	700
cCREs237438	chr19	8614176	8614824	648
cCREs237442	chr19	8630148	8631551	1403
cCREs237451	chr19	8678971	8679887	916
cCREs237509	chr19	8944729	8945230	501
cCREs237609	chr19	10012603	10013758	1155
cCREs237621	chr19	10049522	10050359	837
cCREs237633	chr19	10085369	10085896	527
cCREs238015	chr19	11993447	11993948	501
cCREs238085	chr19	12496132	12496633	501
cCREs238268	chr19	14588038	14588758	720
cCREs238582	chr19	16246776	16247288	512
cCREs238637	chr19	16439209	16439710	501
cCREs239109	chr19	18608894	18609467	573
cCREs239145	chr19	18887518	18888184	666
cCREs239170	chr19	18999040	18999570	530
cCREs239644	chr19	21821791	21822299	508
cCREs239648	chr19	21834583	21835084	501
cCREs239663	chr19	21882979	21883725	746
cCREs239965	chr19	23065465	23066126	661
cCREs240079	chr19	23533077	23533578	501
cCREs240119	chr19	23664977	23665478	501
cCREs240139	chr19	23768799	23769332	533
cCREs240276	chr19	24181787	24182615	828
cCREs240281	chr19	24195068	24195640	572
cCREs240320	chr19	24336658	24337267	609
cCREs240369	chr19	24490725	24491226	501
cCREs240409	chr19	24644947	24645620	673
cCREs240415	chr19	24659027	24659541	514
cCREs240421	chr19	24672349	24673032	683
cCREs241029	chr19	27420857	27421358	501
cCREs241334	chr19	28646237	28647034	797
cCREs241397	chr19	28887223	28887784	561
cCREs241420	chr19	28936371	28936872	501
cCREs241422	chr19	28939860	28940361	501
cCREs241433	chr19	28970078	28970705	627
cCREs241444	chr19	29016137	29016638	501
cCREs241455	chr19	29045257	29045811	554
cCREs241473	chr19	29132995	29133769	774
cCREs241474	chr19	29134266	29134787	521
cCREs241506	chr19	29287771	29288335	564
cCREs241629	chr19	29852616	29853441	825
cCREs241637	chr19	29877264	29877765	501
cCREs241640	chr19	29882651	29883158	507
cCREs241990	chr19	31621735	31622382	647
cCREs242082	chr19	32157323	32158129	806
cCREs242280	chr19	32888597	32889300	703
cCREs242281	chr19	32901376	32902277	901
cCREs242286	chr19	32909747	32910689	942
cCREs242296	chr19	32947068	32947569	501
cCREs242339	chr19	33088860	33089361	501
cCREs242355	chr19	33158796	33159297	501
cCREs242584	chr19	34702989	34703490	501
cCREs242585	chr19	34704547	34705417	870
cCREs242589	chr19	34715828	34716342	514
cCREs242594	chr19	34731315	34731837	522
cCREs242595	chr19	34732964	34733483	519
cCREs242660	chr19	35066151	35066679	528
cCREs243273	chr19	38028018	38028693	675
cCREs243401	chr19	38568881	38569542	661
cCREs243410	chr19	38598990	38599552	562
cCREs243411	chr19	38600129	38600630	501
cCREs243419	chr19	38624115	38624616	501
cCREs243421	chr19	38632084	38632585	501
cCREs243429	chr19	38659922	38660423	501
cCREs243445	chr19	38744434	38744973	539
cCREs243507	chr19	40253688	40254233	545
cCREs243513	chr19	40278294	40278795	501
cCREs243535	chr19	40332393	40332894	501
cCREs243599	chr19	40480929	40481580	651
cCREs244085	chr19	42458242	42459085	843
cCREs244562	chr19	45106563	45107153	590
cCREs244564	chr19	45113720	45114581	861
cCREs244593	chr19	45319201	45319702	501
cCREs244969	chr19	46885989	46886490	501
cCREs245125	chr19	47402820	47403475	655
cCREs245229	chr19	47886474	47887086	612
cCREs245524	chr19	49155602	49156103	501
cCREs245557	chr19	49357896	49358397	501
cCREs245579	chr19	49476372	49477041	669
cCREs246168	chr19	53010434	53011327	893
cCREs246199	chr19	53105601	53106141	540
cCREs246260	chr19	53307122	53307666	544
cCREs246302	chr19	53452322	53452845	523
cCREs246356	chr19	53652966	53653529	563
cCREs246681	chr19	55137002	55137507	505
cCREs246719	chr19	55268170	55269001	831
cCREs246739	chr19	55359508	55360013	505
cCREs246776	chr19	55491262	55492085	823
cCREs246942	chr19	56214394	56214921	527
cCREs246990	chr19	56441075	56441616	541
cCREs247124	chr19	56929256	56929866	610
cCREs247153	chr19	57016908	57017798	890
cCREs247190	chr19	57124848	57125382	534
cCREs247270	chr19	57350063	57350602	539
cCREs247529	chr19	58266539	58267066	527
cCREs247663	chr19	58808124	58808625	501
cCREs247673	chr19	58824841	58825342	501
cCREs247911	chr19	59919507	59920058	551
cCREs248065	chr19	60759076	60759745	669
cCREs248098	chr19	60954446	60955034	588
cCREs248102	chr19	60964377	60964878	501
cCREs248285	chr2	3730689	3731242	553
cCREs248300	chr2	3765861	3766362	501
cCREs248424	chr2	4361843	4362344	501
cCREs248441	chr2	4421671	4422226	555
cCREs248481	chr2	4541693	4542231	538
cCREs248606	chr2	5102777	5103656	879
cCREs248612	chr2	5129086	5129587	501
cCREs248919	chr2	6337907	6338469	562
cCREs248940	chr2	6398767	6399268	501
cCREs249058	chr2	6698681	6699256	575
cCREs249740	chr2	10228693	10229442	749
cCREs249743	chr2	10242900	10243436	536
cCREs249747	chr2	10255740	10256313	573
cCREs250017	chr2	11665157	11665851	694
cCREs250329	chr2	13198731	13199249	518
cCREs250429	chr2	13555660	13556216	556
cCREs250649	chr2	14784250	14784751	501
cCREs250660	chr2	14827529	14828163	634
cCREs250701	chr2	14955674	14956202	528
cCREs251003	chr2	16909612	16910113	501
cCREs251433	chr2	18938155	18938689	534
cCREs251474	chr2	19142433	19142934	501
cCREs251892	chr2	20990032	20990551	519
cCREs252298	chr2	23203893	23204525	632
cCREs252558	chr2	25141921	25142422	501
cCREs252723	chr2	25947923	25948433	510
cCREs252857	chr2	26516035	26516967	932
cCREs253022	chr2	27328557	27329058	501
cCREs253077	chr2	27505423	27506010	587
cCREs253147	chr2	27798730	27799542	812
cCREs253181	chr2	27942519	27943020	501
cCREs253184	chr2	27954812	27955363	551
cCREs253346	chr2	28496555	28497141	586
cCREs253358	chr2	28530127	28530823	696
cCREs253422	chr2	28807685	28808447	762
cCREs253423	chr2	28808761	28809306	545
cCREs253700	chr2	29973422	29973963	541
cCREs253765	chr2	30351166	30351667	501
cCREs253792	chr2	30445295	30445838	543
cCREs253880	chr2	30779026	30779818	792
cCREs253883	chr2	30784288	30785138	850
cCREs253913	chr2	30901616	30902348	732
cCREs253916	chr2	30912076	30912877	801
cCREs253958	chr2	31081363	31081917	554
cCREs253963	chr2	31098991	31099538	547
cCREs253968	chr2	31108822	31109323	501
cCREs253998	chr2	31204653	31205154	501
cCREs254055	chr2	31434619	31435174	555
cCREs254172	chr2	31868377	31868897	520
cCREs254178	chr2	31886964	31887488	524
cCREs254180	chr2	31889936	31890472	536
cCREs254181	chr2	31891145	31891653	508
cCREs254193	chr2	31958310	31958811	501
cCREs254195	chr2	31966724	31967236	512
cCREs254196	chr2	31968284	31968972	688
cCREs254300	chr2	32350333	32351269	936
cCREs254334	chr2	32509235	32509752	517
cCREs254383	chr2	32655769	32656343	574
cCREs254390	chr2	32685769	32686335	566
cCREs254398	chr2	32730756	32731316	560
cCREs254407	chr2	32767202	32767919	717
cCREs254562	chr2	33223593	33224548	955
cCREs254617	chr2	33350849	33351350	501
cCREs254654	chr2	33446478	33446979	501
cCREs254696	chr2	33640842	33641398	556
cCREs254763	chr2	33872759	33873452	693
cCREs255076	chr2	35301997	35302498	501
cCREs255097	chr2	35413560	35414061	501
cCREs255099	chr2	35427234	35428087	853
cCREs255119	chr2	35484016	35484571	555
cCREs255150	chr2	35600132	35600648	516
cCREs255192	chr2	35700855	35701489	634
cCREs255202	chr2	35737511	35738012	501
cCREs255223	chr2	35795382	35795883	501
cCREs255498	chr2	37848100	37848630	530
cCREs255640	chr2	38476910	38477411	501
cCREs255659	chr2	38522251	38522784	533
cCREs255660	chr2	38527538	38528039	501
cCREs255758	chr2	38990127	38990824	697
cCREs256940	chr2	45517761	45518262	501
cCREs256950	chr2	45572838	45573691	853
cCREs256957	chr2	45600176	45600898	722
cCREs257006	chr2	45904632	45905364	732
cCREs257090	chr2	46445237	46445738	501
cCREs257097	chr2	46520881	46521605	724
cCREs257526	chr2	49361073	49361895	822
cCREs257892	chr2	50704228	50704775	547
cCREs257912	chr2	50796045	50796564	519
cCREs257923	chr2	50821642	50822143	501
cCREs257926	chr2	50827059	50828001	942
cCREs258047	chr2	51355079	51355662	583
cCREs258088	chr2	51532956	51533457	501
cCREs258107	chr2	51634267	51634768	501
cCREs259328	chr2	58175511	58176012	501
cCREs259331	chr2	58177827	58178666	839
cCREs259987	chr2	60542760	60543261	501
cCREs259990	chr2	60551617	60552118	501
cCREs260056	chr2	60800872	60801599	727
cCREs260058	chr2	60802739	60803282	543
cCREs260075	chr2	60837512	60838013	501
cCREs260137	chr2	61046137	61046930	793
cCREs260139	chr2	61062046	61062547	501
cCREs260168	chr2	61173547	61174108	561
cCREs260225	chr2	61437367	61437869	502
cCREs260464	chr2	62473049	62473720	671
cCREs260849	chr2	64413789	64414461	672
cCREs260967	chr2	65095484	65096014	530
cCREs260968	chr2	65096058	65096559	501
cCREs261013	chr2	65227866	65228367	501
cCREs261014	chr2	65229296	65229797	501
cCREs261051	chr2	65378271	65378877	606
cCREs261053	chr2	65392995	65393496	501
cCREs261074	chr2	65476912	65477413	501
cCREs261679	chr2	68270983	68271781	798
cCREs261697	chr2	68317371	68317916	545
cCREs261727	chr2	68386404	68386938	534
cCREs261755	chr2	68449441	68449961	520
cCREs261776	chr2	68509497	68509998	501
cCREs261777	chr2	68510255	68511039	784
cCREs261778	chr2	68513040	68513658	618
cCREs261780	chr2	68522476	68523012	536
cCREs261940	chr2	69137304	69137841	537
cCREs262074	chr2	69801866	69802426	560
cCREs262370	chr2	70970219	70970806	587
cCREs262543	chr2	71672893	71673756	863
cCREs262677	chr2	72104612	72105113	501
cCREs262692	chr2	72135285	72135877	592
cCREs262753	chr2	72284630	72285131	501
cCREs262755	chr2	72287058	72287559	501
cCREs262762	chr2	72311185	72312050	865
cCREs262825	chr2	72546362	72546863	501
cCREs262861	chr2	72663314	72663838	524
cCREs262868	chr2	72701663	72702183	520
cCREs262869	chr2	72703294	72704000	706
cCREs263012	chr2	73325827	73326378	551
cCREs263185	chr2	73944051	73944632	581
cCREs263432	chr2	75356682	75357198	516
cCREs263445	chr2	75400236	75400767	531
cCREs263452	chr2	75430033	75430534	501
cCREs263462	chr2	75468742	75469243	501
cCREs263539	chr2	75803051	75803573	522
cCREs264321	chr2	78929713	78930585	872
cCREs264330	chr2	78966536	78967037	501
cCREs264335	chr2	78991232	78991733	501
cCREs264361	chr2	79083626	79084127	501
cCREs264375	chr2	79141875	79142674	799
cCREs264386	chr2	79177864	79178365	501
cCREs264436	chr2	79368995	79369496	501
cCREs264480	chr2	79543448	79544264	816
cCREs264513	chr2	79647620	79648170	550
cCREs264563	chr2	79815697	79816530	833
cCREs264584	chr2	79910184	79910685	501
cCREs264620	chr2	80025492	80026460	968
cCREs265355	chr2	84292292	84293099	807
cCREs265358	chr2	84301981	84302770	789
cCREs265394	chr2	84464880	84465423	543
cCREs265397	chr2	84474598	84475136	538
cCREs265405	chr2	84496015	84496516	501
cCREs265411	chr2	84519322	84520181	859
cCREs265548	chr2	85056648	85057149	501
cCREs265586	chr2	85172358	85172872	514
cCREs266296	chr2	91993900	91994649	749
cCREs266306	chr2	92021987	92022562	575
cCREs266502	chr2	92741900	92742570	670
cCREs266583	chr2	92984321	92984822	501
cCREs266647	chr2	93175104	93175678	574
cCREs266741	chr2	93445267	93445868	601
cCREs266860	chr2	93880310	93880837	527
cCREs266883	chr2	93950374	93950875	501
cCREs266936	chr2	94141288	94141789	501
cCREs266985	chr2	94337950	94338476	526
cCREs268017	chr2	101750875	101751963	1088
cCREs268022	chr2	101757800	101758301	501
cCREs268041	chr2	101828183	101828684	501
cCREs268135	chr2	102072776	102073302	526
cCREs268751	chr2	104150794	104151295	501
cCREs269103	chr2	105673621	105674370	749
cCREs269347	chr2	106798726	106799227	501
cCREs269350	chr2	106808422	106808960	538
cCREs269364	chr2	106839890	106840431	541
cCREs269397	chr2	106958861	106959395	534
cCREs269998	chr2	110283618	110284272	654
cCREs270032	chr2	110487951	110488499	548
cCREs271558	chr2	117804621	117805143	522
cCREs271620	chr2	118072722	118073364	642
cCREs271775	chr2	118606936	118607437	501
cCREs271778	chr2	118617280	118617800	520
cCREs271795	chr2	118669077	118669640	563
cCREs271922	chr2	119311182	119311954	772
cCREs271935	chr2	119364956	119365457	501
cCREs271939	chr2	119377192	119377753	561
cCREs271979	chr2	119602189	119602958	769
cCREs272071	chr2	120102812	120103380	568
cCREs272221	chr2	120968388	120968889	501
cCREs272548	chr2	122617317	122618204	887
cCREs272945	chr2	124475507	124476271	764
cCREs273010	chr2	124660038	124661141	1103
cCREs273038	chr2	124786529	124787073	544
cCREs273051	chr2	124850173	124850674	501
cCREs273519	chr2	126887058	126887559	501
cCREs273777	chr2	128134344	128135378	1034
cCREs273784	chr2	128156975	128157524	549
cCREs273791	chr2	128174097	128174616	519
cCREs273802	chr2	128240477	128241016	539
cCREs273829	chr2	128359595	128360096	501
cCREs273849	chr2	128430827	128431395	568
cCREs273864	chr2	128470312	128470941	629
cCREs273874	chr2	128515282	128516196	914
cCREs273877	chr2	128525109	128525692	583
cCREs273884	chr2	128549811	128550312	501
cCREs274072	chr2	129407071	129407572	501
cCREs274079	chr2	129419232	129419955	723
cCREs274559	chr2	131451986	131452617	631
cCREs274712	chr2	131980847	131981400	553
cCREs274866	chr2	132512378	132512879	501
cCREs274901	chr2	132639264	132640151	887
cCREs275097	chr2	133521072	133521573	501
cCREs275170	chr2	133906198	133906730	532
cCREs275550	chr2	135559097	135559854	757
cCREs275864	chr2	136682055	136682556	501
cCREs275943	chr2	136952249	136953506	1257
cCREs275944	chr2	136955668	136956185	517
cCREs275963	chr2	137018296	137018797	501
cCREs275964	chr2	137019757	137020493	736
cCREs275983	chr2	137085258	137085795	537
cCREs275985	chr2	137087610	137088137	527
cCREs276015	chr2	137233857	137234447	590
cCREs276028	chr2	137295642	137296927	1285
cCREs276056	chr2	137436099	137436608	509
cCREs276111	chr2	137690697	137691198	501
cCREs276141	chr2	137822479	137823376	897
cCREs276235	chr2	138261075	138261820	745
cCREs277296	chr2	142853748	142854249	501
cCREs277571	chr2	143875875	143876712	837
cCREs277599	chr2	143976922	143977423	501
cCREs277644	chr2	144141953	144142478	525
cCREs277658	chr2	144192206	144192811	605
cCREs278089	chr2	145777569	145778126	557
cCREs278392	chr2	147027298	147028127	829
cCREs278662	chr2	148439596	148440106	510
cCREs278793	chr2	148878574	148879632	1058
cCREs279129	chr2	151003493	151004372	879
cCREs279236	chr2	151904435	151905019	584
cCREs279242	chr2	151919235	151919736	501
cCREs279260	chr2	151985398	151986223	825
cCREs279307	chr2	152146999	152147500	501
cCREs279311	chr2	152155453	152156506	1053
cCREs279347	chr2	152360276	152360984	708
cCREs279392	chr2	152626654	152627631	977
cCREs279393	chr2	152627982	152628483	501
cCREs279428	chr2	152736823	152737324	501
cCREs279433	chr2	152753862	152754374	512
cCREs279460	chr2	152820957	152821474	517
cCREs279465	chr2	152861796	152862297	501
cCREs279466	chr2	152862560	152863076	516
cCREs279480	chr2	152925429	152926329	900
cCREs279491	chr2	152954761	152955277	516
cCREs279579	chr2	153333621	153334227	606
cCREs279607	chr2	153432316	153432817	501
cCREs279806	chr2	154462145	154462828	683
cCREs279890	chr2	154803292	154803844	552
cCREs279896	chr2	154821029	154821602	573
cCREs279897	chr2	154827428	154827966	538
cCREs279973	chr2	155297529	155298030	501
cCREs279989	chr2	155383016	155383517	501
cCREs280182	chr2	156297597	156298131	534
cCREs280343	chr2	156780642	156781193	551
cCREs280403	chr2	157015463	157015964	501
cCREs280406	chr2	157022434	157022935	501
cCREs280412	chr2	157036330	157036831	501
cCREs280481	chr2	157336083	157336584	501
cCREs280570	chr2	157556027	157556957	930
cCREs280724	chr2	158094870	158095412	542
cCREs280770	chr2	158225188	158225774	586
cCREs280781	chr2	158255150	158255694	544
cCREs281028	chr2	159277947	159278464	517
cCREs281029	chr2	159278761	159279416	655
cCREs281140	chr2	160002624	160003178	554
cCREs281231	chr2	160445425	160446443	1018
cCREs281341	chr2	160932191	160932844	653
cCREs281630	chr2	162212994	162213658	664
cCREs281702	chr2	162498128	162498629	501
cCREs281713	chr2	162538015	162538525	510
cCREs281845	chr2	163095698	163096231	533
cCREs281922	chr2	163397828	163398329	501
cCREs281950	chr2	163502177	163502678	501
cCREs281965	chr2	163590957	163591458	501
cCREs281967	chr2	163595151	163595675	524
cCREs281976	chr2	163618245	163618902	657
cCREs281991	chr2	163672918	163673419	501
cCREs281999	chr2	163693009	163693510	501
cCREs282023	chr2	163783901	163784402	501
cCREs282209	chr2	164584954	164585826	872
cCREs282225	chr2	164731224	164731725	501
cCREs282309	chr2	165055358	165056365	1007
cCREs282419	chr2	165411558	165412059	501
cCREs282434	chr2	165481917	165482457	540
cCREs282495	chr2	165699496	165700030	534
cCREs282501	chr2	165728980	165729770	790
cCREs282503	chr2	165733499	165734255	756
cCREs282528	chr2	165812548	165813086	538
cCREs282589	chr2	165999654	166000215	561
cCREs282652	chr2	166179644	166180217	573
cCREs282694	chr2	166332637	166333178	541
cCREs282726	chr2	166426911	166427472	561
cCREs283034	chr2	167546742	167547395	653
cCREs283036	chr2	167555628	167556129	501
cCREs283044	chr2	167583076	167583577	501
cCREs283045	chr2	167585951	167586491	540
cCREs283046	chr2	167586949	167587466	517
cCREs283051	chr2	167602911	167603431	520
cCREs283090	chr2	167722643	167723394	751
cCREs283107	chr2	167781528	167782038	510
cCREs283176	chr2	168040588	168041228	640
cCREs283182	chr2	168056197	168057336	1139
cCREs283206	chr2	168167069	168167570	501
cCREs283211	chr2	168182942	168183443	501
cCREs283260	chr2	168371214	168371715	501
cCREs283328	chr2	168587964	168588465	501
cCREs283577	chr2	169728594	169729455	861
cCREs283589	chr2	169777166	169778221	1055
cCREs283731	chr2	170330387	170331127	740
cCREs284173	chr2	172476005	172476506	501
cCREs284197	chr2	172702527	172703085	558
cCREs284239	chr2	172885671	172886217	546
cCREs284371	chr2	173380312	173380899	587
cCREs284378	chr2	173405562	173406107	545
cCREs284495	chr2	173991920	173992446	526
cCREs284523	chr2	174087598	174088352	754
cCREs284715	chr2	174897295	174897994	699
cCREs285249	chr2	180016877	180018064	1187
cCREs285311	chr2	180216844	180217364	520
cCREs285559	chr2	181241598	181242366	768
cCREs285600	chr2	181484393	181484894	501
cCREs285640	chr2	181695718	181696250	532
cCREs285644	chr2	181716946	181717456	510
cCREs285950	chr3	6824205	6824951	746
cCREs286361	chr3	9343466	9344007	541
cCREs286376	chr3	9405208	9405972	764
cCREs286459	chr3	9671657	9672183	526
cCREs286615	chr3	10213654	10214155	501
cCREs287289	chr3	15126628	15127548	920
cCREs287319	chr3	15242960	15244362	1402
cCREs287607	chr3	18051511	18052012	501
cCREs287658	chr3	18290952	18291748	796
cCREs287688	chr3	18479465	18479989	524
cCREs287689	chr3	18481926	18482503	577
cCREs287745	chr3	18787479	18787993	514
cCREs287974	chr3	19989894	19990507	613
cCREs288040	chr3	20323058	20323602	544
cCREs288237	chr3	21491687	21492206	519
cCREs288245	chr3	21511765	21512547	782
cCREs289288	chr3	27284983	27285509	526
cCREs289290	chr3	27288846	27289388	542
cCREs289506	chr3	28096645	28097320	675
cCREs289507	chr3	28102901	28103402	501
cCREs289560	chr3	28301412	28301913	501
cCREs289991	chr3	30105198	30106287	1089
cCREs290308	chr3	31483783	31484381	598
cCREs290508	chr3	32433945	32434446	501
cCREs290522	chr3	32466473	32467163	690
cCREs290527	chr3	32472129	32472921	792
cCREs291137	chr3	34890760	34891261	501
cCREs291402	chr3	36468756	36469321	565
cCREs291477	chr3	36762441	36763276	835
cCREs291480	chr3	36769518	36770019	501
cCREs291481	chr3	36770030	36770531	501
cCREs291494	chr3	36819345	36819889	544
cCREs291496	chr3	36822124	36822651	527
cCREs291589	chr3	37342736	37343269	533
cCREs291650	chr3	37642729	37643252	523
cCREs291686	chr3	37786747	37787270	523
cCREs291714	chr3	37888433	37889229	796
cCREs291717	chr3	37902248	37902749	501
cCREs291721	chr3	37919369	37920159	790
cCREs291744	chr3	37992894	37993405	511
cCREs291752	chr3	38042494	38043093	599
cCREs291771	chr3	38128328	38129116	788
cCREs291796	chr3	38260067	38260924	857
cCREs291802	chr3	38275293	38275821	528
cCREs291807	chr3	38283427	38284321	894
cCREs291844	chr3	38423829	38424330	501
cCREs291854	chr3	38456963	38457466	503
cCREs291867	chr3	38481057	38481558	501
cCREs291898	chr3	38614064	38614565	501
cCREs291914	chr3	38668673	38669174	501
cCREs291934	chr3	38732175	38732955	780
cCREs292301	chr3	40522407	40522951	544
cCREs292335	chr3	40764831	40765350	519
cCREs292408	chr3	41160008	41160853	845
cCREs293543	chr3	49637698	49638199	501
cCREs293585	chr3	49814286	49814835	549
cCREs293591	chr3	49854227	49854728	501
cCREs293601	chr3	49920562	49921063	501
cCREs293620	chr3	49992833	49993377	544
cCREs293622	chr3	50005698	50006199	501
cCREs293623	chr3	50011968	50012469	501
cCREs293728	chr3	50484081	50484893	812
cCREs293747	chr3	50581214	50581839	625
cCREs293878	chr3	51029706	51030561	855
cCREs293891	chr3	51064101	51064717	616
cCREs293983	chr3	51380242	51381099	857
cCREs294069	chr3	51713146	51713664	518
cCREs294245	chr3	52299369	52299971	602
cCREs294279	chr3	52452255	52452855	600
cCREs294503	chr3	53165969	53166486	517
cCREs294519	chr3	53212197	53212982	785
cCREs294534	chr3	53249789	53250290	501
cCREs294796	chr3	54273856	54274357	501
cCREs294844	chr3	54436293	54436794	501
cCREs294850	chr3	54447877	54448487	610
cCREs295026	chr3	55126120	55126621	501
cCREs295548	chr3	57094621	57095371	750
cCREs295589	chr3	57287465	57288357	892
cCREs295592	chr3	57292740	57293282	542
cCREs295600	chr3	57319505	57320006	501
cCREs295642	chr3	57516063	57516587	524
cCREs295644	chr3	57521737	57522328	591
cCREs295652	chr3	57544110	57544707	597
cCREs295861	chr3	58561274	58561851	577
cCREs296025	chr3	59169889	59170648	759
cCREs297130	chr3	65440745	65441273	528
cCREs297166	chr3	65568772	65569326	554
cCREs297237	chr3	65802820	65803323	503
cCREs297244	chr3	65824721	65825222	501
cCREs297494	chr3	67372814	67373315	501
cCREs297769	chr3	68454013	68454562	549
cCREs297964	chr3	69239154	69239690	536
cCREs298078	chr3	69561631	69562132	501
cCREs299380	chr3	78964187	78964688	501
cCREs299396	chr3	79025829	79026474	645
cCREs299400	chr3	79038176	79039073	897
cCREs299443	chr3	79172407	79172908	501
cCREs299708	chr3	79993990	79994577	587
cCREs299918	chr3	80861659	80862516	857
cCREs299941	chr3	80908192	80908693	501
cCREs300178	chr3	82044855	82045356	501
cCREs300247	chr3	82266189	82266690	501
cCREs300574	chr3	83717794	83718295	501
cCREs300674	chr3	84081773	84082274	501
cCREs300680	chr3	84112803	84113304	501
cCREs301462	chr3	87094575	87095133	558
cCREs301470	chr3	87106453	87106954	501
cCREs301473	chr3	87114702	87115230	528
cCREs301485	chr3	87157513	87158431	918
cCREs301488	chr3	87162301	87162845	544
cCREs301622	chr3	87861837	87862338	501
cCREs301707	chr3	88228883	88229384	501
cCREs301772	chr3	88470760	88471261	501
cCREs301991	chr3	89448546	89449331	785
cCREs302116	chr3	89898805	89899614	809
cCREs302135	chr3	89962383	89962884	501
cCREs302156	chr3	90134435	90134967	532
cCREs302712	chr3	95163503	95164004	501
cCREs302743	chr3	95259779	95260315	536
cCREs302815	chr3	95700144	95700833	689
cCREs302825	chr3	95734844	95735345	501
cCREs302911	chr3	96127985	96128648	663
cCREs302914	chr3	96133228	96134034	806
cCREs302948	chr3	96283790	96284339	549
cCREs302987	chr3	96562162	96562731	569
cCREs302992	chr3	96573529	96574307	778
cCREs303082	chr3	96953667	96954514	847
cCREs303237	chr3	97667076	97667588	512
cCREs303531	chr3	99164379	99165065	686
cCREs303532	chr3	99165659	99166348	689
cCREs303541	chr3	99183173	99184141	968
cCREs303552	chr3	99240066	99240608	542
cCREs303556	chr3	99247529	99248060	531
cCREs303743	chr3	100470912	100471536	624
cCREs303745	chr3	100485173	100485885	712
cCREs304108	chr3	101670399	101670927	528
cCREs304243	chr3	102135557	102136234	677
cCREs304245	chr3	102138360	102138861	501
cCREs304289	chr3	102275184	102275731	547
cCREs304310	chr3	102366147	102366714	567
cCREs304317	chr3	102383525	102384062	537
cCREs304354	chr3	102525708	102526392	684
cCREs304360	chr3	102543556	102544295	739
cCREs304446	chr3	102996958	102997460	502
cCREs304496	chr3	103340434	103340940	506
cCREs304509	chr3	103407135	103407679	544
cCREs304629	chr3	103792428	103792971	543
cCREs304846	chr3	104782207	104782725	518
cCREs305159	chr3	105829833	105830759	926
cCREs305173	chr3	105867713	105868522	809
cCREs305176	chr3	105874009	105874510	501
cCREs305455	chr3	107514326	107515126	800
cCREs305476	chr3	107569539	107570040	501
cCREs305478	chr3	107577549	107578083	534
cCREs305481	chr3	107584685	107585206	521
cCREs305548	chr3	107797349	107798003	654
cCREs305692	chr3	108289670	108290171	501
cCREs305704	chr3	108311546	108312134	588
cCREs306489	chr3	113566237	113566742	505
cCREs306490	chr3	113567056	113567613	557
cCREs306950	chr3	116221335	116222241	906
cCREs307086	chr3	116698761	116699262	501
cCREs307139	chr3	116963165	116963743	578
cCREs307167	chr3	117060952	117062234	1282
cCREs307709	chr3	119512781	119513459	678
cCREs308081	chr3	121419111	121419616	505
cCREs308166	chr3	121640441	121641030	589
cCREs308237	chr3	121885716	121886661	945
cCREs308267	chr3	122001212	122001998	786
cCREs308268	chr3	122007654	122008155	501
cCREs308295	chr3	122101927	122102540	613
cCREs308301	chr3	122120178	122120779	601
cCREs308316	chr3	122182550	122183111	561
cCREs308423	chr3	122510727	122511228	501
cCREs308466	chr3	122676030	122676595	565
cCREs308467	chr3	122676818	122677319	501
cCREs308468	chr3	122684604	122685358	754
cCREs308483	chr3	122753587	122754088	501
cCREs308547	chr3	123009379	123009916	537
cCREs308584	chr3	123116824	123117392	568
cCREs308653	chr3	123399237	123399738	501
cCREs308765	chr3	123788773	123789277	504
cCREs308879	chr3	124444336	124444837	501
cCREs309494	chr3	127348826	127349366	540
cCREs309567	chr3	127710090	127710591	501
cCREs309629	chr3	127946865	127947366	501
cCREs309646	chr3	128040389	128040900	511
cCREs310035	chr3	130125740	130126352	612
cCREs310116	chr3	130370124	130370942	818
cCREs310267	chr3	130975172	130976032	860
cCREs310292	chr3	131102088	131102589	501
cCREs310304	chr3	131155602	131156147	545
cCREs310311	chr3	131171229	131172005	776
cCREs310315	chr3	131187683	131188203	520
cCREs310331	chr3	131244419	131244953	534
cCREs310355	chr3	131333585	131334086	501
cCREs310421	chr3	131640352	131641018	666
cCREs310424	chr3	131643811	131644312	501
cCREs310534	chr3	132168360	132168867	507
cCREs310551	chr3	132274695	132275196	501
cCREs310786	chr3	133387587	133388109	522
cCREs311158	chr3	135573021	135574045	1024
cCREs311611	chr3	137340790	137341691	901
cCREs311612	chr3	137342533	137343073	540
cCREs311656	chr3	137551829	137552330	501
cCREs311695	chr3	137727360	137727927	567
cCREs311745	chr3	137894370	137895056	686
cCREs311759	chr3	137949178	137949679	501
cCREs311780	chr3	138011462	138012007	545
cCREs311937	chr3	138672270	138673059	789
cCREs311947	chr3	138715208	138716305	1097
cCREs311994	chr3	138842968	138843781	813
cCREs312813	chr3	142569082	142569726	644
cCREs313383	chr3	144602516	144603017	501
cCREs313384	chr3	144603431	144603932	501
cCREs313580	chr3	145497835	145498612	777
cCREs313737	chr3	146093241	146093801	560
cCREs313890	chr3	146671072	146671573	501
cCREs313943	chr3	146805651	146806600	949
cCREs314085	chr3	147274366	147274959	593
cCREs314096	chr3	147343057	147344444	1387
cCREs314099	chr3	147348016	147348536	520
cCREs314565	chr3	149577132	149577796	664
cCREs314909	chr3	151795038	151795722	684
cCREs314918	chr3	151827945	151828489	544
cCREs314929	chr3	151879839	151880382	543
cCREs314978	chr3	152108616	152109426	810
cCREs315008	chr3	152231676	152232444	768
cCREs315065	chr3	152419782	152420370	588
cCREs315550	chr3	153764682	153765219	537
cCREs316541	chr3	157833956	157834831	875
cCREs316593	chr3	158068796	158069509	713
cCREs316977	chr4	3721010	3721829	819
cCREs317240	chr4	5346025	5346668	643
cCREs317355	chr4	5814366	5814867	501
cCREs317943	chr4	8826121	8826715	594
cCREs318130	chr4	9445347	9445881	534
cCREs318548	chr4	11869578	11870198	620
cCREs318652	chr4	12338803	12339310	507
cCREs318957	chr4	13775148	13775728	580
cCREs319267	chr4	15227879	15228575	696
cCREs322542	chr4	35049372	35050339	967
cCREs323420	chr4	40828747	40829328	581
cCREs323548	chr4	41330905	41331406	501
cCREs323705	chr4	42837182	42837964	782
cCREs323706	chr4	42842939	42843473	534
cCREs323728	chr4	42932141	42932698	557
cCREs323834	chr4	43418864	43419385	521
cCREs323867	chr4	43533209	43533765	556
cCREs323916	chr4	43729701	43730553	852
cCREs323918	chr4	43733095	43733596	501
cCREs324014	chr4	44275778	44276279	501
cCREs324051	chr4	44527026	44527822	796
cCREs324070	chr4	44632069	44632570	501
cCREs324369	chr4	46064134	46064751	617
cCREs324476	chr4	46538884	46539663	779
cCREs324706	chr4	47138915	47139902	987
cCREs324716	chr4	47176507	47177247	740
cCREs324719	chr4	47184028	47184766	738
cCREs324731	chr4	47226943	47227495	552
cCREs324780	chr4	47393764	47394528	764
cCREs325325	chr4	49642956	49643644	688
cCREs326211	chr4	54340052	54341016	964
cCREs326324	chr4	54921436	54922119	683
cCREs326332	chr4	54953149	54953650	501
cCREs326372	chr4	55066298	55067272	974
cCREs326379	chr4	55097084	55097585	501
cCREs326466	chr4	55450461	55451005	544
cCREs326495	chr4	55597900	55598462	562
cCREs326626	chr4	56150652	56151501	849
cCREs326697	chr4	56596614	56597155	541
cCREs326723	chr4	56710698	56711199	501
cCREs326892	chr4	57240048	57240614	566
cCREs326896	chr4	57249013	57249514	501
cCREs326971	chr4	57529545	57530150	605
cCREs326982	chr4	57559940	57560441	501
cCREs326988	chr4	57570234	57570735	501
cCREs327031	chr4	57690017	57690561	544
cCREs327061	chr4	57765746	57766581	835
cCREs327064	chr4	57776805	57777306	501
cCREs327083	chr4	57833993	57834577	584
cCREs327174	chr4	58286602	58287229	627
cCREs327190	chr4	58339236	58339737	501
cCREs327192	chr4	58351118	58352079	961
cCREs327198	chr4	58384031	58384824	793
cCREs327201	chr4	58413350	58414288	938
cCREs327213	chr4	58442260	58442806	546
cCREs327217	chr4	58456947	58457544	597
cCREs327252	chr4	58578410	58578952	542
cCREs327266	chr4	58663585	58664172	587
cCREs327459	chr4	59558256	59559013	757
cCREs327493	chr4	59697790	59698509	719
cCREs327512	chr4	59752738	59753239	501
cCREs327702	chr4	62516024	62516546	522
cCREs327722	chr4	62602944	62603675	731
cCREs327723	chr4	62603966	62604629	663
cCREs327729	chr4	62622159	62622729	570
cCREs327730	chr4	62623284	62623785	501
cCREs327740	chr4	62640444	62641852	1408
cCREs327899	chr4	63244279	63244806	527
cCREs328041	chr4	63717798	63718700	902
cCREs328042	chr4	63719165	63719724	559
cCREs328099	chr4	63982937	63983504	567
cCREs329623	chr4	72061640	72062141	501
cCREs329631	chr4	72122194	72123234	1040
cCREs329656	chr4	72194091	72194705	614
cCREs329682	chr4	72378920	72379917	997
cCREs330155	chr4	76222448	76222949	501
cCREs330863	chr4	81098973	81099474	501
cCREs331041	chr4	82023816	82024317	501
cCREs331092	chr4	82246215	82246765	550
cCREs331246	chr4	82692936	82693437	501
cCREs331383	chr4	83228958	83229716	758
cCREs331563	chr4	84088155	84089257	1102
cCREs331570	chr4	84109960	84110500	540
cCREs331962	chr4	85956000	85956501	501
cCREs332421	chr4	87862274	87863067	793
cCREs332425	chr4	87870459	87871062	603
cCREs332515	chr4	88168254	88168810	556
cCREs332558	chr4	88303494	88304062	568
cCREs332714	chr4	89393329	89394074	745
cCREs333480	chr4	94683242	94683744	502
cCREs333485	chr4	94720270	94721087	817
cCREs333504	chr4	94829694	94830825	1131
cCREs333505	chr4	94836840	94837601	761
cCREs333596	chr4	95283571	95284174	603
cCREs333700	chr4	95738202	95738730	528
cCREs333710	chr4	95759067	95759973	906
cCREs333972	chr4	97477646	97478222	576
cCREs334075	chr4	97866418	97866936	518
cCREs334163	chr4	98142729	98143475	746
cCREs334279	chr4	98619096	98619673	577
cCREs334338	chr4	98831363	98832059	696
cCREs334561	chr4	99988644	99989219	575
cCREs334627	chr4	100247938	100248764	826
cCREs334670	chr4	100376164	100376665	501
cCREs334683	chr4	100429483	100430012	529
cCREs334698	chr4	100525983	100526484	501
cCREs334837	chr4	101118236	101118737	501
cCREs334899	chr4	101300161	101300879	718
cCREs334900	chr4	101301517	101302198	681
cCREs334906	chr4	101332937	101333491	554
cCREs334916	chr4	101357911	101358412	501
cCREs335017	chr4	101675656	101676190	534
cCREs335208	chr4	102538559	102539095	536
cCREs335390	chr4	103181373	103181874	501
cCREs335929	chr4	105129123	105129736	613
cCREs336113	chr4	105987969	105988782	813
cCREs336115	chr4	105994090	105994848	758
cCREs336145	chr4	106127274	106127775	501
cCREs336178	chr4	106261217	106261783	566
cCREs336493	chr4	107480611	107481711	1100
cCREs336495	chr4	107484661	107485418	757
cCREs336509	chr4	107552684	107553205	521
cCREs336642	chr4	107949832	107950366	534
cCREs336669	chr4	108024457	108025193	736
cCREs336726	chr4	108385947	108386476	529
cCREs336843	chr4	109043625	109044204	579
cCREs336844	chr4	109048197	109048751	554
cCREs336858	chr4	109087525	109088077	552
cCREs336864	chr4	109103071	109104044	973
cCREs336879	chr4	109150162	109150703	541
cCREs337287	chr4	111513676	111514401	725
cCREs337396	chr4	114366870	114367501	631
cCREs337450	chr4	114516493	114517449	956
cCREs337474	chr4	114612793	114613294	501
cCREs337499	chr4	114688174	114689038	864
cCREs337501	chr4	114694000	114694746	746
cCREs337674	chr4	116052678	116053179	501
cCREs337708	chr4	116212735	116213318	583
cCREs337725	chr4	116335824	116336754	930
cCREs338154	chr4	118489668	118490350	682
cCREs338249	chr4	119124676	119125354	678
cCREs338662	chr4	120743573	120744074	501
cCREs338871	chr4	123237341	123238323	982
cCREs338920	chr4	123450746	123451314	568
cCREs339119	chr4	124533630	124534131	501
cCREs339183	chr4	124753648	124754149	501
cCREs339184	chr4	124755460	124755961	501
cCREs339551	chr4	126130396	126130924	528
cCREs339767	chr4	127258074	127258951	877
cCREs339770	chr4	127269300	127269801	501
cCREs339771	chr4	127278099	127279417	1318
cCREs339772	chr4	127286910	127287411	501
cCREs339775	chr4	127303714	127304265	551
cCREs339778	chr4	127315738	127316239	501
cCREs340173	chr4	128729634	128730135	501
cCREs340192	chr4	128781929	128782430	501
cCREs340203	chr4	128817548	128818448	900
cCREs340205	chr4	128831955	128832456	501
cCREs340213	chr4	128859980	128860481	501
cCREs340223	chr4	128897778	128898401	623
cCREs340225	chr4	128904028	128904907	879
cCREs340314	chr4	129258951	129259555	604
cCREs340342	chr4	129382299	129382975	676
cCREs340343	chr4	129384316	129384847	531
cCREs340529	chr4	130163382	130163971	589
cCREs340533	chr4	130171774	130172832	1058
cCREs340534	chr4	130174566	130175812	1246
cCREs340613	chr4	130725477	130725993	516
cCREs340656	chr4	130820829	130821343	514
cCREs340676	chr4	130889681	130890664	983
cCREs340939	chr4	131918644	131919215	571
cCREs340950	chr4	131956981	131957581	600
cCREs340969	chr4	132038769	132039287	518
cCREs341084	chr4	132594033	132594682	649
cCREs341327	chr4	133625397	133626607	1210
cCREs341541	chr4	134636330	134637171	841
cCREs341560	chr4	134671156	134671955	799
cCREs341589	chr4	134760698	134761278	580
cCREs341620	chr4	134918267	134918848	581
cCREs341698	chr4	135292504	135293049	545
cCREs341861	chr4	136119995	136120496	501
cCREs341890	chr4	136247405	136248479	1074
cCREs341894	chr4	136261821	136262322	501
cCREs341928	chr4	136416113	136416868	755
cCREs341942	chr4	136466049	136466787	738
cCREs342091	chr4	137135667	137136282	615
cCREs342109	chr4	137234394	137234895	501
cCREs342141	chr4	137353963	137354464	501
cCREs342153	chr4	137392645	137394171	1526
cCREs342170	chr4	137484676	137485599	923
cCREs342176	chr4	137497968	137498885	917
cCREs342294	chr4	137880461	137880982	521
cCREs342296	chr4	137887872	137888849	977
cCREs342299	chr4	137895655	137896156	501
cCREs342307	chr4	137921433	137921962	529
cCREs342311	chr4	137929260	137929806	546
cCREs342329	chr4	138008535	138009102	567
cCREs342657	chr4	139170522	139171044	522
cCREs342779	chr4	139624577	139625091	514
cCREs342962	chr4	140415718	140416219	501
cCREs343177	chr4	141277776	141278615	839
cCREs343179	chr4	141299379	141299880	501
cCREs343181	chr4	141302878	141303379	501
cCREs343182	chr4	141306037	141306538	501
cCREs343186	chr4	141324721	141325371	650
cCREs343187	chr4	141325535	141326215	680
cCREs343189	chr4	141328278	141328915	637
cCREs343193	chr4	141338720	141339221	501
cCREs343211	chr4	141426705	141427250	545
cCREs343212	chr4	141427277	141427800	523
cCREs343232	chr4	141493727	141494665	938
cCREs343240	chr4	141514083	141514664	581
cCREs343263	chr4	141600380	141600881	501
cCREs343288	chr4	141679877	141680446	569
cCREs343329	chr4	141862431	141863298	867
cCREs343337	chr4	141872882	141873383	501
cCREs343348	chr4	141907655	141908156	501
cCREs343351	chr4	141920972	141921473	501
cCREs343389	chr4	142059338	142059864	526
cCREs343392	chr4	142065147	142066438	1291
cCREs343394	chr4	142070746	142071259	513
cCREs343667	chr4	143188744	143189245	501
cCREs343736	chr4	144947918	144948485	567
cCREs343886	chr4	147892929	147893559	630
cCREs343936	chr4	148084084	148084675	591
cCREs343938	chr4	148089073	148089587	514
cCREs344129	chr4	148903353	148903854	501
cCREs344186	chr4	149115264	149115765	501
cCREs344194	chr4	149149504	149150020	516
cCREs344310	chr4	149601235	149601736	501
cCREs344328	chr4	149663037	149663570	533
cCREs344331	chr4	149688809	149689310	501
cCREs344371	chr4	149800016	149800517	501
cCREs344400	chr4	149890539	149891058	519
cCREs344401	chr4	149893359	149894321	962
cCREs344412	chr4	149936797	149937394	597
cCREs344548	chr4	150454442	150454943	501
cCREs344625	chr4	150714810	150715311	501
cCREs344630	chr4	150740191	150740692	501
cCREs344639	chr4	150774220	150774721	501
cCREs344644	chr4	150784306	150785547	1241
cCREs344652	chr4	150831645	150832389	744
cCREs344653	chr4	150834196	150834969	773
cCREs344669	chr4	150889507	150890460	953
cCREs344902	chr4	151712163	151712664	501
cCREs344915	chr4	151753118	151753619	501
cCREs344990	chr4	152097769	152098623	854
cCREs345372	chr4	153582059	153582560	501
cCREs345373	chr4	153582848	153583349	501
cCREs345388	chr4	153651805	153652345	540
cCREs345398	chr4	153706923	153707673	750
cCREs345401	chr4	153715102	153715603	501
cCREs345406	chr4	153730669	153731170	501
cCREs345505	chr4	154184303	154185446	1143
cCREs345510	chr4	154205347	154205903	556
cCREs345736	chr4	155154955	155155466	511
cCREs345752	chr4	155188242	155188810	568
cCREs345844	chr4	155525696	155526230	534
cCREs345900	chr4	155837663	155838165	502
cCREs345901	chr4	155838218	155838781	563
cCREs345950	chr4	156196100	156196609	509
cCREs346015	chr5	3466374	3466921	547
cCREs346018	chr5	3472420	3473196	776
cCREs346278	chr5	4825902	4826425	523
cCREs346797	chr5	7910588	7911905	1317
cCREs346804	chr5	7931116	7931617	501
cCREs346828	chr5	8053806	8054307	501
cCREs347142	chr5	9559843	9560396	553
cCREs348286	chr5	17886349	17886866	517
cCREs348292	chr5	17923849	17924694	845
cCREs349111	chr5	21702852	21703494	642
cCREs349753	chr5	24512203	24512753	550
cCREs349785	chr5	24637671	24638172	501
cCREs349980	chr5	25381763	25382288	525
cCREs350719	chr5	29388014	29388536	522
cCREs350743	chr5	29574264	29574799	535
cCREs350918	chr5	30559993	30560545	552
cCREs350919	chr5	30571743	30572270	527
cCREs350997	chr5	30857960	30858869	909
cCREs351027	chr5	30973569	30974269	700
cCREs351093	chr5	31451210	31451956	746
cCREs351186	chr5	31876456	31877177	721
cCREs351337	chr5	32718912	32719423	511
cCREs351695	chr5	34507761	34508262	501
cCREs351946	chr5	35540430	35541097	667
cCREs351970	chr5	35646875	35647390	515
cCREs351971	chr5	35647419	35648057	638
cCREs351993	chr5	35710295	35710923	628
cCREs352093	chr5	35948084	35949005	921
cCREs352330	chr5	36625612	36626113	501
cCREs352760	chr5	38267138	38267646	508
cCREs354140	chr5	44480588	44481115	527
cCREs355065	chr5	49012106	49012636	530
cCREs355303	chr5	50007054	50007876	822
cCREs355794	chr5	52319152	52319924	772
cCREs355805	chr5	52350311	52350998	687
cCREs355806	chr5	52351655	52352262	607
cCREs355812	chr5	52364448	52364969	521
cCREs356143	chr5	53496807	53497663	856
cCREs356155	chr5	53529778	53530319	541
cCREs356156	chr5	53536585	53537098	513
cCREs356240	chr5	53902674	53903178	504
cCREs356277	chr5	54005447	54006261	814
cCREs356291	chr5	54041407	54041959	552
cCREs356321	chr5	54106974	54107524	550
cCREs356352	chr5	54224634	54225514	880
cCREs357345	chr5	62619383	62619884	501
cCREs357381	chr5	62744755	62745256	501
cCREs357652	chr5	63959264	63959923	659
cCREs357711	chr5	64175304	64175828	524
cCREs357721	chr5	64203789	64204326	537
cCREs357727	chr5	64212142	64212661	519
cCREs357741	chr5	64254990	64255491	501
cCREs357755	chr5	64286446	64286947	501
cCREs357878	chr5	64666161	64666703	542
cCREs357993	chr5	65089614	65090155	541
cCREs358009	chr5	65157374	65158433	1059
cCREs358012	chr5	65162918	65163419	501
cCREs358283	chr5	66352003	66352504	501
cCREs358345	chr5	66498067	66498663	596
cCREs358351	chr5	66518310	66518843	533
cCREs358488	chr5	66895363	66896160	797
cCREs359584	chr5	72766648	72767149	501
cCREs359586	chr5	72778317	72779386	1069
cCREs359602	chr5	72826801	72827463	662
cCREs359616	chr5	72866193	72867053	860
cCREs359625	chr5	72896652	72897334	682
cCREs359996	chr5	74172126	74172653	527
cCREs360004	chr5	74190994	74191495	501
cCREs360153	chr5	74719551	74720114	563
cCREs360280	chr5	75215600	75216250	650
cCREs360379	chr5	75596015	75597101	1086
cCREs360429	chr5	75753369	75754189	820
cCREs360472	chr5	75922648	75923545	897
cCREs360528	chr5	76176345	76177297	952
cCREs360738	chr5	77100633	77101134	501
cCREs360801	chr5	77371212	77371713	501
cCREs360805	chr5	77380209	77380767	558
cCREs360808	chr5	77387156	77387709	553
cCREs360814	chr5	77400016	77400613	597
cCREs360815	chr5	77400741	77401270	529
cCREs360852	chr5	77532997	77533498	501
cCREs361383	chr5	81327185	81327824	639
cCREs362427	chr5	88797087	88797637	550
cCREs363004	chr5	91317950	91318451	501
cCREs363183	chr5	91968657	91969324	667
cCREs363278	chr5	92383676	92384177	501
cCREs363280	chr5	92387399	92387905	506
cCREs363298	chr5	92458663	92459211	548
cCREs363443	chr5	93026014	93026520	506
cCREs363485	chr5	93142301	93142843	542
cCREs363683	chr5	96616036	96616551	515
cCREs363750	chr5	96870917	96871418	501
cCREs363774	chr5	96968682	96969400	718
cCREs364403	chr5	99993988	99994544	556
cCREs364567	chr5	100603989	100604523	534
cCREs364711	chr5	101304287	101304829	542
cCREs364851	chr5	101989981	101990736	755
cCREs364854	chr5	101996287	101996788	501
cCREs364993	chr5	102670653	102671549	896
cCREs365001	chr5	102693111	102693684	573
cCREs365008	chr5	102729380	102729881	501
cCREs365065	chr5	102969632	102970142	510
cCREs365072	chr5	102984904	102985445	541
cCREs365189	chr5	103435860	103436425	565
cCREs365362	chr5	104123333	104123850	517
cCREs365374	chr5	104161274	104161840	566
cCREs365390	chr5	104236666	104237167	501
cCREs365516	chr5	105443334	105443875	541
cCREs365526	chr5	105477479	105477980	501
cCREs365554	chr5	105560875	105561376	501
cCREs365567	chr5	105598826	105599754	928
cCREs365613	chr5	105730417	105730918	501
cCREs365853	chr5	106956339	106956898	559
cCREs365858	chr5	106994618	106995152	534
cCREs365875	chr5	107073815	107074740	925
cCREs365890	chr5	107116607	107117224	617
cCREs366379	chr5	110857013	110857514	501
cCREs366391	chr5	110914844	110915378	534
cCREs366442	chr5	111125639	111126243	604
cCREs366493	chr5	111261658	111262187	529
cCREs366587	chr5	111577314	111577815	501
cCREs366600	chr5	111638326	111638848	522
cCREs366733	chr5	112208268	112209166	898
cCREs366739	chr5	112219386	112220126	740
cCREs366831	chr5	112486346	112486874	528
cCREs366973	chr5	112959405	112959906	501
cCREs367055	chr5	113197034	113197982	948
cCREs367239	chr5	113808157	113808767	610
cCREs367263	chr5	113887027	113887546	519
cCREs367374	chr5	114421714	114422808	1094
cCREs367477	chr5	114761859	114762467	608
cCREs367524	chr5	115035143	115035644	501
cCREs367633	chr5	115523840	115524466	626
cCREs368034	chr5	117213961	117214462	501
cCREs368051	chr5	117304898	117305437	539
cCREs368168	chr5	117747640	117748609	969
cCREs368332	chr5	118312099	118312600	501
cCREs368343	chr5	118353104	118353650	546
cCREs368376	chr5	118490822	118491862	1040
cCREs368423	chr5	118675656	118676211	555
cCREs368474	chr5	118870681	118871182	501
cCREs368506	chr5	119069986	119070487	501
cCREs368511	chr5	119111081	119111899	818
cCREs368524	chr5	119183426	119183954	528
cCREs368528	chr5	119193549	119194190	641
cCREs368529	chr5	119196539	119197040	501
cCREs368530	chr5	119198890	119199391	501
cCREs368533	chr5	119209240	119209741	501
cCREs368555	chr5	119325619	119326299	680
cCREs368561	chr5	119378067	119378819	752
cCREs368563	chr5	119396600	119397101	501
cCREs368569	chr5	119438351	119439040	689
cCREs368571	chr5	119449093	119449703	610
cCREs368581	chr5	119518436	119518985	549
cCREs368588	chr5	119587158	119587895	737
cCREs368591	chr5	119613278	119613936	658
cCREs368594	chr5	119622890	119623391	501
cCREs368595	chr5	119624482	119625018	536
cCREs368596	chr5	119625481	119626019	538
cCREs368600	chr5	119671404	119671905	501
cCREs368601	chr5	119681562	119682068	506
cCREs368602	chr5	119682672	119683173	501
cCREs368603	chr5	119684899	119685400	501
cCREs368675	chr5	120191446	120192114	668
cCREs369009	chr5	121542629	121543155	526
cCREs369065	chr5	121809661	121810162	501
cCREs369088	chr5	121867902	121868449	547
cCREs369167	chr5	122163047	122163548	501
cCREs369236	chr5	122412728	122413253	525
cCREs369256	chr5	122513687	122514427	740
cCREs369354	chr5	122915842	122916343	501
cCREs369355	chr5	122918940	122919441	501
cCREs369357	chr5	122926333	122926910	577
cCREs369467	chr5	123381814	123382354	540
cCREs369490	chr5	123489861	123490362	501
cCREs369518	chr5	123599307	123600246	939
cCREs369667	chr5	124202003	124202504	501
cCREs369670	chr5	124209721	124210342	621
cCREs369843	chr5	124998138	124998652	514
cCREs369856	chr5	125019790	125020379	589
cCREs369858	chr5	125022124	125022625	501
cCREs369872	chr5	125055836	125056337	501
cCREs369877	chr5	125071850	125072367	517
cCREs369918	chr5	125167058	125167559	501
cCREs369925	chr5	125184725	125185353	628
cCREs369965	chr5	125309798	125310299	501
cCREs369970	chr5	125325199	125325700	501
cCREs370442	chr5	127348745	127349320	575
cCREs370444	chr5	127355843	127356371	528
cCREs370720	chr5	128541546	128542351	805
cCREs370734	chr5	128625870	128626642	772
cCREs370737	chr5	128641651	128642162	511
cCREs371076	chr5	130062007	130062551	544
cCREs371095	chr5	130124166	130124729	563
cCREs371099	chr5	130141949	130142459	510
cCREs371157	chr5	130336073	130336968	895
cCREs371166	chr5	130386309	130386847	538
cCREs371757	chr5	132651251	132651768	517
cCREs371812	chr5	132980862	132981364	502
cCREs371852	chr5	133241089	133241590	501
cCREs372121	chr5	134541474	134542140	666
cCREs372255	chr5	135280035	135280976	941
cCREs372327	chr5	135672956	135673457	501
cCREs372375	chr5	135888762	135889280	518
cCREs372458	chr5	136269885	136270392	507
cCREs372574	chr5	136754170	136754671	501
cCREs372590	chr5	136842876	136843397	521
cCREs372597	chr5	136888372	136889100	728
cCREs372609	chr5	136949473	136949974	501
cCREs372616	chr5	136966282	136966783	501
cCREs372617	chr5	136967533	136968079	546
cCREs372642	chr5	137087328	137087869	541
cCREs372643	chr5	137093743	137094287	544
cCREs372722	chr5	137610219	137610992	773
cCREs372899	chr5	138944513	138945393	880
cCREs372937	chr5	139060406	139060907	501
cCREs372956	chr5	139118592	139119134	542
cCREs373015	chr5	139313428	139313963	535
cCREs373056	chr5	139409997	139410814	817
cCREs373070	chr5	139444728	139445726	998
cCREs373074	chr5	139453722	139454438	716
cCREs373114	chr5	139723192	139723693	501
cCREs373127	chr5	139793298	139793813	515
cCREs373293	chr5	140356864	140357444	580
cCREs373295	chr5	140370290	140370908	618
cCREs373385	chr5	140741015	140741516	501
cCREs373416	chr5	140810192	140810693	501
cCREs373764	chr5	142456232	142457016	784
cCREs373863	chr5	142813275	142814112	837
cCREs374010	chr5	143520347	143520862	515
cCREs374023	chr5	143571987	143572817	830
cCREs374028	chr5	143586279	143586845	566
cCREs374048	chr5	143659799	143660329	530
cCREs374106	chr5	144055078	144055647	569
cCREs374160	chr5	144274830	144275385	555
cCREs374409	chr5	146324819	146325676	857
cCREs374552	chr5	146846477	146847023	546
cCREs374568	chr5	146916755	146917271	516
cCREs374591	chr5	147017617	147018296	679
cCREs374599	chr5	147035967	147036526	559
cCREs374600	chr5	147037109	147038171	1062
cCREs374616	chr5	147075081	147075582	501
cCREs374664	chr5	147441053	147441572	519
cCREs374705	chr5	147614653	147615154	501
cCREs374706	chr5	147620087	147620677	590
cCREs374720	chr5	147697988	147698511	523
cCREs374723	chr5	147715297	147715828	531
cCREs374726	chr5	147721357	147721858	501
cCREs374728	chr5	147744737	147745339	602
cCREs374732	chr5	147767954	147768455	501
cCREs374733	chr5	147769578	147770079	501
cCREs374734	chr5	147781914	147782988	1074
cCREs374738	chr5	147794698	147795587	889
cCREs374881	chr5	148392743	148393558	815
cCREs375019	chr5	148936328	148937079	751
cCREs375020	chr5	148939717	148940509	792
cCREs375029	chr5	148963041	148963542	501
cCREs375055	chr5	149114506	149115158	652
cCREs375056	chr5	149117775	149118631	856
cCREs375100	chr5	149284201	149284771	570
cCREs375324	chr5	150059361	150059901	540
cCREs375374	chr5	150232022	150232606	584
cCREs375404	chr5	150311066	150311567	501
cCREs375414	chr5	150340936	150341437	501
cCREs375420	chr5	150353885	150354386	501
cCREs375425	chr5	150378614	150379760	1146
cCREs375495	chr5	150705737	150706316	579
cCREs375517	chr5	150839126	150839659	533
cCREs375539	chr5	150946389	150947351	962
cCREs375559	chr5	151020827	151021328	501
cCREs375613	chr5	151183788	151184289	501
cCREs375635	chr5	151247107	151248026	919
cCREs375792	chr6	4009472	4010008	536
cCREs375874	chr6	4456157	4457350	1193
cCREs376066	chr6	5287764	5288527	763
cCREs376101	chr6	5448330	5448882	552
cCREs376205	chr6	5920615	5921123	508
cCREs376274	chr6	6153332	6153914	582
cCREs376311	chr6	6303653	6304205	552
cCREs376335	chr6	6434714	6435402	688
cCREs376461	chr6	6907853	6908354	501
cCREs376709	chr6	8336420	8337443	1023
cCREs376721	chr6	8370595	8371111	516
cCREs376753	chr6	8469806	8470412	606
cCREs377866	chr6	15731317	15731844	527
cCREs377899	chr6	15884325	15884872	547
cCREs378209	chr6	17559579	17560178	599
cCREs378270	chr6	17785186	17785687	501
cCREs378971	chr6	21986675	21987451	776
cCREs378985	chr6	22025580	22026253	673
cCREs380157	chr6	28416883	28417410	527
cCREs380281	chr6	28751147	28751762	615
cCREs380328	chr6	28845428	28846074	646
cCREs380461	chr6	29214249	29214806	557
cCREs380652	chr6	30026644	30027192	548
cCREs380760	chr6	30540939	30541440	501
cCREs380776	chr6	30589515	30590361	846
cCREs380778	chr6	30599979	30600522	543
cCREs380932	chr6	31184408	31184944	536
cCREs381420	chr6	32924539	32925209	670
cCREs381830	chr6	34494901	34495701	800
cCREs381840	chr6	34528023	34528573	550
cCREs381852	chr6	34583169	34583940	771
cCREs381861	chr6	34619074	34619575	501
cCREs381880	chr6	34671058	34671827	769
cCREs381893	chr6	34717127	34717702	575
cCREs381936	chr6	34891944	34892722	778
cCREs382333	chr6	36770754	36771287	533
cCREs382612	chr6	37618914	37619641	727
cCREs383114	chr6	39615058	39615572	514
cCREs383138	chr6	39716968	39717513	545
cCREs383904	chr6	43632822	43633363	541
cCREs383905	chr6	43637257	43637777	520
cCREs384488	chr6	47028290	47028885	595
cCREs384742	chr6	48439432	48439933	501
cCREs384773	chr6	48573138	48573716	578
cCREs384853	chr6	48931887	48932388	501
cCREs384855	chr6	48942856	48943357	501
cCREs385196	chr6	50442795	50443318	523
cCREs385345	chr6	51010435	51010936	501
cCREs385351	chr6	51022819	51023320	501
cCREs385412	chr6	51332627	51333479	852
cCREs385429	chr6	51399069	51399586	517
cCREs385431	chr6	51406050	51406968	918
cCREs385443	chr6	51452828	51453490	662
cCREs385905	chr6	53531424	53531925	501
cCREs386105	chr6	54202575	54203144	569
cCREs386121	chr6	54251748	54252299	551
cCREs386136	chr6	54279226	54279918	692
cCREs386299	chr6	54822365	54822909	544
cCREs386305	chr6	54849392	54849905	513
cCREs386383	chr6	55142002	55142503	501
cCREs386386	chr6	55147485	55147986	501
cCREs386399	chr6	55179438	55180375	937
cCREs386411	chr6	55223853	55224354	501
cCREs386477	chr6	55402331	55402832	501
cCREs386478	chr6	55403171	55403858	687
cCREs386488	chr6	55432085	55432586	501
cCREs386815	chr6	56871754	56872542	788
cCREs387127	chr6	59179497	59179998	501
cCREs387875	chr6	64238666	64239167	501
cCREs388270	chr6	66358806	66359341	535
cCREs388781	chr6	70842915	70843416	501
cCREs389141	chr6	72391108	72391701	593
cCREs389144	chr6	72399888	72400429	541
cCREs389150	chr6	72424615	72425136	521
cCREs389158	chr6	72460283	72460814	531
cCREs389165	chr6	72488801	72489342	541
cCREs389240	chr6	72748351	72749389	1038
cCREs389243	chr6	72761499	72762093	594
cCREs389338	chr6	73182950	73183472	522
cCREs390504	chr6	80326773	80327274	501
cCREs390505	chr6	80327372	80327873	501
cCREs390506	chr6	80328377	80328878	501
cCREs390987	chr6	82695302	82695803	501
cCREs391021	chr6	82854269	82854803	534
cCREs391054	chr6	83009711	83010458	747
cCREs391070	chr6	83083402	83083903	501
cCREs391239	chr6	83791424	83791925	501
cCREs391424	chr6	84697276	84698454	1178
cCREs391665	chr6	85868232	85869008	776
cCREs391723	chr6	86082949	86083489	540
cCREs392015	chr6	87168551	87169082	531
cCREs392318	chr6	88485218	88485923	705
cCREs392834	chr6	90708090	90708610	520
cCREs393003	chr6	91183938	91184464	526
cCREs393005	chr6	91185457	91185982	525
cCREs393059	chr6	91357398	91357941	543
cCREs393091	chr6	91514391	91515044	653
cCREs393227	chr6	91959926	91960952	1026
cCREs393253	chr6	92034611	92035325	714
cCREs393492	chr6	92841919	92842455	536
cCREs393501	chr6	92874840	92875352	512
cCREs393507	chr6	92905773	92906361	588
cCREs393560	chr6	93181097	93181717	620
cCREs393966	chr6	94690214	94690715	501
cCREs394167	chr6	95545687	95546188	501
cCREs394170	chr6	95550960	95551461	501
cCREs394217	chr6	95731927	95732428	501
cCREs394462	chr6	97016648	97017224	576
cCREs394560	chr6	97413346	97414157	811
cCREs394851	chr6	98435552	98436125	573
cCREs394857	chr6	98464220	98465150	930
cCREs394940	chr6	98878634	98879135	501
cCREs394994	chr6	99043239	99043759	520
cCREs395031	chr6	99140821	99141348	527
cCREs395113	chr6	99377665	99378200	535
cCREs395161	chr6	99511814	99512315	501
cCREs395196	chr6	99625479	99626248	769
cCREs395326	chr6	100067204	100067705	501
cCREs395336	chr6	100096348	100096849	501
cCREs395359	chr6	100158982	100159712	730
cCREs395383	chr6	100215727	100216228	501
cCREs395409	chr6	100304739	100305314	575
cCREs395613	chr6	101083610	101084150	540
cCREs395677	chr6	101281478	101281979	501
cCREs395728	chr6	101412066	101412757	691
cCREs395798	chr6	101688366	101688889	523
cCREs397184	chr6	108252509	108253137	628
cCREs397641	chr6	110624147	110624648	501
cCREs398347	chr6	113497484	113497985	501
cCREs398348	chr6	113498262	113498763	501
cCREs398768	chr6	114941102	114941921	819
cCREs398938	chr6	115559482	115560070	588
cCREs399101	chr6	116189356	116189857	501
cCREs399199	chr6	116654700	116655201	501
cCREs399200	chr6	116655265	116655766	501
cCREs399208	chr6	116671790	116672291	501
cCREs399324	chr6	117146907	117147459	552
cCREs399456	chr6	117713389	117714048	659
cCREs399490	chr6	117895385	117895902	517
cCREs399569	chr6	118205161	118205693	532
cCREs399622	chr6	118508261	118508825	564
cCREs399630	chr6	118538014	118538515	501
cCREs399641	chr6	118589941	118590489	548
cCREs399655	chr6	118639708	118640255	547
cCREs399666	chr6	118688812	118689397	585
cCREs399667	chr6	118689407	118689908	501
cCREs399787	chr6	118992318	118993216	898
cCREs399788	chr6	118999221	118999853	632
cCREs399803	chr6	119052685	119053289	604
cCREs399944	chr6	119562510	119563011	501
cCREs399949	chr6	119572069	119572877	808
cCREs399963	chr6	119635426	119636202	776
cCREs400153	chr6	120596155	120596656	501
cCREs400340	chr6	121299967	121300478	511
cCREs400342	chr6	121303360	121304333	973
cCREs400364	chr6	121360439	121361163	724
cCREs400536	chr6	122625123	122625666	543
cCREs400753	chr6	124782462	124782994	532
cCREs400778	chr6	124885073	124885574	501
cCREs400976	chr6	125596609	125597446	837
cCREs401006	chr6	125729901	125730453	552
cCREs401332	chr6	127274941	127275576	635
cCREs401334	chr6	127283928	127284429	501
cCREs401338	chr6	127307843	127308344	501
cCREs401402	chr6	127555450	127556054	604
cCREs401516	chr6	127928149	127928731	582
cCREs401739	chr6	128731941	128732485	544
cCREs401740	chr6	128733447	128734313	866
cCREs401831	chr6	129212197	129213002	805
cCREs402031	chr6	133962142	133962643	501
cCREs402051	chr6	134060759	134061356	597
cCREs402104	chr6	134186188	134186801	613
cCREs402181	chr6	134489527	134490100	573
cCREs402295	chr6	134860197	134861605	1408
cCREs402321	chr6	135009161	135009662	501
cCREs402848	chr6	136893091	136893592	501
cCREs402855	chr6	136911608	136912109	501
cCREs402865	chr6	136927579	136928080	501
cCREs403046	chr6	137457006	137457743	737
cCREs403047	chr6	137458125	137458626	501
cCREs403057	chr6	137487346	137487855	509
cCREs403060	chr6	137494632	137495188	556
cCREs403072	chr6	137541205	137541708	503
cCREs403085	chr6	137568841	137569399	558
cCREs403110	chr6	137646655	137647156	501
cCREs403581	chr6	139849572	139850420	848
cCREs403585	chr6	139861106	139861641	535
cCREs403628	chr6	140017239	140017765	526
cCREs403959	chr6	141190264	141190781	517
cCREs403981	chr6	141308387	141308888	501
cCREs404060	chr6	141640580	141641178	598
cCREs404097	chr6	141888961	141889482	521
cCREs404166	chr6	142451286	142451845	559
cCREs404190	chr6	142527947	142528500	553
cCREs404196	chr6	142543603	142544104	501
cCREs404197	chr6	142545047	142545677	630
cCREs404198	chr6	142550437	142551285	848
cCREs404201	chr6	142558878	142559704	826
cCREs404204	chr6	142577716	142578217	501
cCREs404206	chr6	142603865	142604366	501
cCREs404214	chr6	142649257	142649978	721
cCREs404215	chr6	142658304	142658936	632
cCREs404223	chr6	142700008	142700517	509
cCREs404300	chr6	142931871	142932585	714
cCREs404662	chr6	144278585	144279095	510
cCREs404743	chr6	144593383	144593884	501
cCREs404775	chr6	144709563	144710154	591
cCREs404782	chr6	144740847	144741881	1034
cCREs404789	chr6	144759124	144759625	501
cCREs404794	chr6	144780358	144780859	501
cCREs404920	chr6	145357970	145358486	516
cCREs405001	chr6	145614052	145614613	561
cCREs405006	chr6	145640889	145641715	826
cCREs405085	chr6	145906065	145906572	507
cCREs405113	chr6	146017701	146018244	543
cCREs405158	chr6	146245772	146246451	679
cCREs405199	chr6	146383303	146383804	501
cCREs405203	chr6	146396202	146397216	1014
cCREs405233	chr6	146485902	146486505	603
cCREs405304	chr6	146793442	146793943	501
cCREs405427	chr6	147223100	147223951	851
cCREs405556	chr6	147822109	147822680	571
cCREs405851	chr6	149093381	149093929	548
cCREs405856	chr6	149118896	149119422	526
cCREs405870	chr6	149182220	149182764	544
cCREs405881	chr6	149332963	149333507	544
cCREs405918	chr7	3267820	3268778	958
cCREs406121	chr7	4780977	4781828	851
cCREs406474	chr7	16227736	16229024	1288
cCREs406494	chr7	16349349	16350366	1017
cCREs406556	chr7	16618492	16619025	533
cCREs406565	chr7	16692049	16692550	501
cCREs406577	chr7	16755515	16756016	501
cCREs406579	chr7	16760206	16760732	526
cCREs406582	chr7	16766310	16767224	914
cCREs406583	chr7	16772986	16773487	501
cCREs406584	chr7	16779929	16780542	613
cCREs406697	chr7	18832242	18832814	572
cCREs406755	chr7	19095719	19096220	501
cCREs406769	chr7	19168476	19168977	501
cCREs406794	chr7	19252966	19253854	888
cCREs406837	chr7	19441270	19441872	602
cCREs407079	chr7	24911335	24911865	530
cCREs407204	chr7	25615050	25615551	501
cCREs407205	chr7	25615627	25616128	501
cCREs407239	chr7	25729822	25730323	501
cCREs407243	chr7	25761231	25761906	675
cCREs407244	chr7	25763664	25764693	1029
cCREs407245	chr7	25768190	25768691	501
cCREs407251	chr7	25802076	25802625	549
cCREs407351	chr7	27467696	27468197	501
cCREs407385	chr7	27602790	27603299	509
cCREs407419	chr7	27765398	27765937	539
cCREs407481	chr7	28371325	28371838	513
cCREs407579	chr7	28911524	28912160	636
cCREs407586	chr7	28925232	28925774	542
cCREs407592	chr7	28941015	28941516	501
cCREs407597	chr7	28951726	28952295	569
cCREs407899	chr7	30743970	30744485	515
cCREs407918	chr7	30823523	30824095	572
cCREs408004	chr7	34163330	34163831	501
cCREs408029	chr7	34270325	34270871	546
cCREs408037	chr7	34305331	34305931	600
cCREs408041	chr7	34318903	34319605	702
cCREs408095	chr7	34632902	34633403	501
cCREs408196	chr7	35035098	35035669	571
cCREs408214	chr7	35106540	35107041	501
cCREs408479	chr7	36663370	36663871	501
cCREs408540	chr7	36932984	36933978	994
cCREs408554	chr7	37011019	37011931	912
cCREs408571	chr7	37139894	37140631	737
cCREs408806	chr7	38190911	38191412	501
cCREs408812	chr7	38209420	38210186	766
cCREs408852	chr7	39659509	39660010	501
cCREs408853	chr7	39667181	39667875	694
cCREs408934	chr7	40258149	40258942	793
cCREs409374	chr7	45144699	45145200	501
cCREs409419	chr7	45334962	45335463	501
cCREs409436	chr7	45404965	45405505	540
cCREs409581	chr7	46115895	46116396	501
cCREs409727	chr7	46739038	46739539	501
cCREs409730	chr7	46746160	46746998	838
cCREs409794	chr7	47073459	47074057	598
cCREs409796	chr7	47076668	47077184	516
cCREs409971	chr7	49210665	49211190	525
cCREs409979	chr7	49234895	49235651	756
cCREs411996	chr7	64042829	64043714	885
cCREs412001	chr7	64053758	64054285	527
cCREs412013	chr7	64142894	64143429	535
cCREs412033	chr7	64218681	64219352	671
cCREs412332	chr7	65375033	65375639	606
cCREs412366	chr7	65455434	65456511	1077
cCREs412367	chr7	65459335	65460076	741
cCREs412433	chr7	65737515	65738095	580
cCREs412460	chr7	65909389	65910235	846
cCREs412502	chr7	66069321	66070077	756
cCREs412556	chr7	66257123	66257698	575
cCREs412578	chr7	66330549	66331051	502
cCREs412881	chr7	67690838	67691597	759
cCREs412901	chr7	67745358	67745859	501
cCREs412952	chr7	67981344	67981845	501
cCREs412985	chr7	68065836	68066361	525
cCREs412992	chr7	68080402	68081024	622
cCREs413024	chr7	68151811	68152766	955
cCREs413033	chr7	68181955	68182505	550
cCREs413055	chr7	68248944	68249514	570
cCREs413067	chr7	68294361	68294904	543
cCREs413079	chr7	68344231	68345084	853
cCREs413191	chr7	68917318	68918235	917
cCREs413195	chr7	68945735	68946331	596
cCREs413290	chr7	69813328	69813971	643
cCREs413373	chr7	70366172	70366682	510
cCREs413374	chr7	70367422	70367950	528
cCREs413381	chr7	70409891	70410983	1092
cCREs413395	chr7	70514462	70515175	713
cCREs413401	chr7	70527848	70528349	501
cCREs413407	chr7	70589885	70590724	839
cCREs413409	chr7	70609054	70609587	533
cCREs413443	chr7	70825973	70826628	655
cCREs413447	chr7	70850665	70851413	748
cCREs413450	chr7	70862047	70863029	982
cCREs413481	chr7	71093235	71093736	501
cCREs413486	chr7	71104776	71105685	909
cCREs413494	chr7	71138766	71139795	1029
cCREs413501	chr7	71216655	71217593	938
cCREs413504	chr7	71229625	71230192	567
cCREs413507	chr7	71234834	71235364	530
cCREs413510	chr7	71239139	71239640	501
cCREs413518	chr7	71310871	71311372	501
cCREs413519	chr7	71311384	71312006	622
cCREs413523	chr7	71325113	71325653	540
cCREs413544	chr7	71411323	71412049	726
cCREs413567	chr7	71531369	71532056	687
cCREs413868	chr7	73230902	73231403	501
cCREs413872	chr7	73243612	73244442	830
cCREs413893	chr7	73307576	73308535	959
cCREs413910	chr7	73351406	73351937	531
cCREs413930	chr7	73402820	73403357	537
cCREs413931	chr7	73403495	73404021	526
cCREs413988	chr7	73559157	73559668	511
cCREs414000	chr7	73599877	73600378	501
cCREs414020	chr7	73666800	73667779	979
cCREs414233	chr7	74447727	74448335	608
cCREs414251	chr7	74493771	74494450	679
cCREs414272	chr7	74537836	74538833	997
cCREs414287	chr7	74613773	74614300	527
cCREs414534	chr7	75614515	75615016	501
cCREs414545	chr7	75643899	75644400	501
cCREs414554	chr7	75668367	75668868	501
cCREs414588	chr7	75789546	75790202	656
cCREs414933	chr7	78055114	78055634	520
cCREs414946	chr7	78122651	78123410	759
cCREs415244	chr7	79202196	79203144	948
cCREs415254	chr7	79243148	79243649	501
cCREs415260	chr7	79262405	79262964	559
cCREs415427	chr7	79831105	79832092	987
cCREs415429	chr7	79844011	79845097	1086
cCREs415432	chr7	79857891	79858654	763
cCREs415549	chr7	80365666	80366167	501
cCREs415589	chr7	80505937	80506592	655
cCREs415615	chr7	80612345	80612846	501
cCREs415656	chr7	80743798	80744511	713
cCREs415681	chr7	80832116	80832651	535
cCREs415724	chr7	81074498	81075075	577
cCREs415748	chr7	81219116	81219696	580
cCREs415755	chr7	81272940	81273444	504
cCREs415756	chr7	81273687	81274388	701
cCREs415759	chr7	81298090	81298654	564
cCREs416268	chr7	83769261	83770090	829
cCREs416297	chr7	83900439	83900940	501
cCREs416321	chr7	84018223	84018855	632
cCREs416365	chr7	84164420	84164921	501
cCREs416385	chr7	84273244	84273783	539
cCREs416408	chr7	84320472	84321620	1148
cCREs416921	chr7	89392292	89393040	748
cCREs416966	chr7	89556671	89557172	501
cCREs416991	chr7	89667507	89668032	525
cCREs416995	chr7	89676708	89677217	509
cCREs417005	chr7	89717566	89718099	533
cCREs417039	chr7	89839464	89840223	759
cCREs417079	chr7	90048268	90048769	501
cCREs417085	chr7	90061459	90062183	724
cCREs417092	chr7	90091680	90092214	534
cCREs417152	chr7	90372645	90373364	719
cCREs418349	chr7	96648603	96649148	545
cCREs418363	chr7	96685683	96686300	617
cCREs418776	chr7	98550521	98551119	598
cCREs418778	chr7	98558415	98558976	561
cCREs418779	chr7	98564545	98565071	526
cCREs418781	chr7	98572334	98572981	647
cCREs418783	chr7	98580139	98580640	501
cCREs418835	chr7	98793528	98794412	884
cCREs418964	chr7	99171682	99172268	586
cCREs419395	chr7	100904566	100905067	501
cCREs419397	chr7	100908051	100909029	978
cCREs419401	chr7	100919644	100920173	529
cCREs419402	chr7	100921225	100921726	501
cCREs419452	chr7	101149035	101149536	501
cCREs419517	chr7	101419045	101419797	752
cCREs419536	chr7	101459236	101459737	501
cCREs419583	chr7	101623794	101624296	502
cCREs419808	chr7	102737678	102738179	501
cCREs419974	chr7	105538020	105538521	501
cCREs420143	chr7	107573880	107574830	950
cCREs420166	chr7	107690341	107690872	531
cCREs420173	chr7	107705865	107706420	555
cCREs420398	chr7	109690881	109691407	526
cCREs420428	chr7	109826838	109827447	609
cCREs420444	chr7	109889158	109889778	620
cCREs420508	chr7	110271679	110272282	603
cCREs420566	chr7	110566067	110566687	620
cCREs420585	chr7	110648642	110649218	576
cCREs420588	chr7	110668250	110669256	1006
cCREs420615	chr7	110753865	110754382	517
cCREs420616	chr7	110756331	110756864	533
cCREs420624	chr7	110783029	110783643	614
cCREs420625	chr7	110785531	110786116	585
cCREs420650	chr7	110851516	110852050	534
cCREs420662	chr7	110893893	110894490	597
cCREs420666	chr7	110915592	110916382	790
cCREs420669	chr7	110935691	110936487	796
cCREs420672	chr7	110944232	110944750	518
cCREs420683	chr7	110983574	110984075	501
cCREs420688	chr7	110995970	110996508	538
cCREs420951	chr7	112012780	112013364	584
cCREs420992	chr7	112155130	112155651	521
cCREs421100	chr7	112462957	112463528	571
cCREs421125	chr7	112527130	112527756	626
cCREs421139	chr7	112600098	112600599	501
cCREs421142	chr7	112615273	112615808	535
cCREs421166	chr7	112717528	112718122	594
cCREs421543	chr7	114293879	114294380	501
cCREs421727	chr7	115399437	115399990	553
cCREs421738	chr7	115446474	115446978	504
cCREs421753	chr7	115500082	115500641	559
cCREs421765	chr7	115538870	115539375	505
cCREs421943	chr7	116336203	116336732	529
cCREs421948	chr7	116370266	116370767	501
cCREs422010	chr7	116715136	116715809	673
cCREs422459	chr7	118503813	118504314	501
cCREs422526	chr7	118767774	118768611	837
cCREs422770	chr7	119960972	119961584	612
cCREs422924	chr7	120873042	120873543	501
cCREs422934	chr7	120904109	120904625	516
cCREs423168	chr7	121931192	121931760	568
cCREs423170	chr7	121933606	121934107	501
cCREs423172	chr7	121935486	121936317	831
cCREs423197	chr7	122050836	122051417	581
cCREs423218	chr7	122215783	122216284	501
cCREs423238	chr7	122287095	122287634	539
cCREs423628	chr7	123919439	123919940	501
cCREs423809	chr7	124707029	124707544	515
cCREs424084	chr7	125979269	125980308	1039
cCREs424096	chr7	126020029	126020545	516
cCREs424179	chr7	126340186	126340767	581
cCREs424212	chr7	126586740	126587282	542
cCREs424219	chr7	126621657	126622168	511
cCREs424440	chr7	127850775	127851397	622
cCREs424500	chr7	128256630	128257510	880
cCREs424525	chr7	128408528	128409029	501
cCREs424552	chr7	128538142	128538820	678
cCREs424587	chr7	128668763	128669281	518
cCREs424831	chr7	129964157	129964709	552
cCREs424952	chr7	130518139	130518640	501
cCREs424988	chr7	130657725	130658250	525
cCREs425034	chr7	130808677	130809195	518
cCREs425083	chr7	130966838	130967339	501
cCREs425176	chr7	131647493	131648039	546
cCREs425177	chr7	131648129	131648721	592
cCREs425336	chr7	132260556	132261127	571
cCREs425350	chr7	132296046	132297233	1187
cCREs425387	chr7	132423372	132424100	728
cCREs425411	chr7	132493176	132493677	501
cCREs425416	chr7	132505867	132507148	1281
cCREs425497	chr7	132747068	132747672	604
cCREs425509	chr7	132774179	132774707	528
cCREs425533	chr7	132842309	132842810	501
cCREs425575	chr7	133037458	133037997	539
cCREs425592	chr7	133078794	133079568	774
cCREs425650	chr7	133344910	133345428	518
cCREs425771	chr7	133925821	133926365	544
cCREs425795	chr7	134023301	134024102	801
cCREs426371	chr7	136710573	136711074	501
cCREs426372	chr7	136713225	136713726	501
cCREs426533	chr7	137732786	137733287	501
cCREs426593	chr7	138016053	138016554	501
cCREs426649	chr7	138267976	138268736	760
cCREs427250	chr7	140967721	140968272	551
cCREs427258	chr7	141010529	141011056	527
cCREs427505	chr7	142330083	142330622	539
cCREs427557	chr7	142564766	142565657	891
cCREs427564	chr7	142599793	142600433	640
cCREs427565	chr7	142608845	142609657	812
cCREs427578	chr7	142657286	142657831	545
cCREs427632	chr7	143034674	143035175	501
cCREs427651	chr7	143136507	143137008	501
cCREs427696	chr7	143375817	143376463	646
cCREs427702	chr7	143394993	143395731	738
cCREs427714	chr7	143459087	143460228	1141
cCREs427758	chr7	143726346	143726906	560
cCREs427999	chr7	144618776	144619277	501
cCREs428005	chr7	144634761	144635262	501
cCREs428010	chr7	144659146	144659910	764
cCREs428011	chr7	144668820	144669343	523
cCREs428019	chr7	144712035	144712746	711
cCREs428026	chr7	144754654	144755155	501
cCREs428031	chr7	144762776	144763277	501
cCREs428032	chr7	144763919	144764420	501
cCREs428037	chr7	144773601	144774144	543
cCREs428038	chr7	144774193	144774694	501
cCREs428041	chr7	144795908	144796443	535
cCREs428097	chr7	145129899	145130400	501
cCREs428838	chr8	8477416	8477970	554
cCREs428846	chr8	8497844	8498404	560
cCREs428847	chr8	8498603	8499197	594
cCREs428851	chr8	8507485	8508444	959
cCREs428920	chr8	8753069	8753632	563
cCREs428949	chr8	8861196	8862059	863
cCREs428975	chr8	8990699	8991560	861
cCREs428995	chr8	9054795	9055296	501
cCREs429451	chr8	10664790	10665376	586
cCREs429529	chr8	10961897	10962489	592
cCREs429592	chr8	11205037	11206023	986
cCREs429631	chr8	11327212	11327746	534
cCREs429632	chr8	11327864	11328735	871
cCREs429636	chr8	11340238	11340778	540
cCREs429652	chr8	11379515	11380016	501
cCREs429656	chr8	11388638	11389139	501
cCREs429676	chr8	11450047	11450576	529
cCREs429684	chr8	11473004	11473540	536
cCREs429739	chr8	11711334	11711835	501
cCREs430005	chr8	12691867	12692867	1000
cCREs430149	chr8	13205213	13205714	501
cCREs431404	chr8	18674324	18674925	601
cCREs431410	chr8	18689577	18690319	742
cCREs431423	chr8	18722693	18723194	501
cCREs431439	chr8	18756713	18757215	502
cCREs431451	chr8	18789901	18790903	1002
cCREs431600	chr8	22259434	22260855	1421
cCREs431679	chr8	22668303	22669202	899
cCREs431681	chr8	22675930	22676460	530
cCREs431683	chr8	22687781	22688282	501
cCREs431684	chr8	22692563	22693064	501
cCREs431703	chr8	22762229	22762860	631
cCREs431838	chr8	23352293	23353179	886
cCREs431923	chr8	23736998	23737499	501
cCREs432121	chr8	24403169	24403670	501
cCREs432123	chr8	24406995	24407522	527
cCREs432198	chr8	24903390	24904028	638
cCREs432243	chr8	25074739	25075252	513
cCREs432250	chr8	25098171	25098693	522
cCREs432302	chr8	25237141	25237642	501
cCREs432450	chr8	25809161	25809738	577
cCREs432553	chr8	26350561	26351062	501
cCREs432677	chr8	26843858	26844359	501
cCREs432705	chr8	26932250	26932773	523
cCREs432706	chr8	26938345	26938885	540
cCREs432749	chr8	27090855	27091713	858
cCREs432892	chr8	27889235	27889736	501
cCREs433490	chr8	31133324	31133825	501
cCREs434043	chr8	33811390	33811891	501
cCREs434047	chr8	33826685	33828030	1345
cCREs434051	chr8	33836630	33837317	687
cCREs434057	chr8	33869244	33869763	519
cCREs434068	chr8	33912811	33913357	546
cCREs434069	chr8	33914034	33914636	602
cCREs434073	chr8	33938887	33939388	501
cCREs434083	chr8	34065289	34065827	538
cCREs434086	chr8	34076048	34076549	501
cCREs434245	chr8	34617470	34617993	523
cCREs434555	chr8	35677566	35678121	555
cCREs434702	chr8	36186982	36187559	577
cCREs434806	chr8	36488386	36488887	501
cCREs434831	chr8	36564449	36565020	571
cCREs434836	chr8	36583797	36584298	501
cCREs434847	chr8	36608087	36609004	917
cCREs434911	chr8	36830213	36830723	510
cCREs434930	chr8	36898546	36899411	865
cCREs434948	chr8	36945192	36945693	501
cCREs435566	chr8	40622028	40622529	501
cCREs435585	chr8	40857912	40858437	525
cCREs436278	chr8	45001504	45002063	559
cCREs436681	chr8	46530488	46531025	537
cCREs436682	chr8	46535859	46536367	508
cCREs436687	chr8	46546250	46547157	907
cCREs436688	chr8	46547192	46547723	531
cCREs438370	chr8	56378380	56378881	501
cCREs438425	chr8	56625985	56626516	531
cCREs438535	chr8	57547528	57548029	501
cCREs439216	chr8	61254065	61254637	572
cCREs439568	chr8	63287213	63287754	541
cCREs440509	chr8	67930717	67931459	742
cCREs441053	chr8	70488207	70488917	710
cCREs441072	chr8	70544053	70544580	527
cCREs441089	chr8	70593059	70593626	567
cCREs441108	chr8	70671571	70672170	599
cCREs441125	chr8	70741591	70742092	501
cCREs441172	chr8	70883789	70884290	501
cCREs441173	chr8	70884410	70885069	659
cCREs441176	chr8	70892532	70893045	513
cCREs441291	chr8	71665424	71666177	753
cCREs441303	chr8	71700684	71701363	679
cCREs441348	chr8	72131153	72131654	501
cCREs441394	chr8	72333328	72333868	540
cCREs442249	chr8	77213850	77214379	529
cCREs442337	chr8	77436525	77437056	531
cCREs442383	chr8	77630643	77631144	501
cCREs442406	chr8	77711652	77712187	535
cCREs442410	chr8	77718835	77719336	501
cCREs442435	chr8	77815541	77816042	501
cCREs442472	chr8	78023426	78024055	629
cCREs442577	chr8	78604399	78604924	525
cCREs442579	chr8	78608949	78609450	501
cCREs442805	chr8	79426465	79426966	501
cCREs442817	chr8	79501147	79502029	882
cCREs442885	chr8	79928655	79929541	886
cCREs443040	chr8	80806136	80806637	501
cCREs443073	chr8	80908182	80908690	508
cCREs443079	chr8	80923721	80924376	655
cCREs443233	chr8	81677014	81677568	554
cCREs443234	chr8	81686920	81687421	501
cCREs443269	chr8	81826381	81826882	501
cCREs443281	chr8	81860530	81861161	631
cCREs443290	chr8	81888822	81889331	509
cCREs443582	chr8	83240552	83241564	1012
cCREs443664	chr8	83687753	83688279	526
cCREs443675	chr8	83739247	83739833	586
cCREs443724	chr8	84037655	84038480	825
cCREs443759	chr8	84189546	84190047	501
cCREs443791	chr8	84311156	84311657	501
cCREs443795	chr8	84322126	84322627	501
cCREs443796	chr8	84322714	84323215	501
cCREs443959	chr8	84822393	84823152	759
cCREs443990	chr8	84980870	84981513	643
cCREs444031	chr8	85329408	85329977	569
cCREs444049	chr8	85430769	85431270	501
cCREs444311	chr8	86634959	86635907	948
cCREs444346	chr8	86749815	86750348	533
cCREs444585	chr8	87784094	87784806	712
cCREs444595	chr8	87816108	87816628	520
cCREs444631	chr8	87928771	87929321	550
cCREs444734	chr8	88479944	88480533	589
cCREs444735	chr8	88482405	88482954	549
cCREs444834	chr8	88815156	88815657	501
cCREs444872	chr8	89002003	89002642	639
cCREs444888	chr8	89078887	89079431	544
cCREs444901	chr8	89181109	89181750	641
cCREs444902	chr8	89185251	89185900	649
cCREs444908	chr8	89210239	89211407	1168
cCREs444911	chr8	89229050	89229599	549
cCREs444970	chr8	89500279	89500780	501
cCREs445237	chr8	90833874	90834375	501
cCREs445565	chr8	92322744	92323245	501
cCREs445863	chr8	93893259	93893760	501
cCREs445960	chr8	94193550	94194051	501
cCREs446107	chr8	94706801	94707733	932
cCREs446141	chr8	94819656	94820181	525
cCREs446162	chr8	94901053	94901554	501
cCREs446165	chr8	94911311	94911812	501
cCREs446258	chr8	95292976	95293621	645
cCREs446276	chr8	95367004	95367505	501
cCREs446280	chr8	95374220	95374901	681
cCREs446285	chr8	95395495	95395996	501
cCREs446292	chr8	95422140	95422641	501
cCREs447616	chr8	103031582	103032155	573
cCREs447667	chr8	103234299	103234824	525
cCREs447676	chr8	103281802	103282762	960
cCREs447684	chr8	103315612	103316169	557
cCREs447742	chr8	103470241	103470966	725
cCREs447784	chr8	103634250	103634751	501
cCREs447901	chr8	104039284	104039988	704
cCREs448041	chr8	104598382	104598971	589
cCREs448044	chr8	104611525	104612047	522
cCREs448116	chr8	105266753	105267254	501
cCREs448147	chr8	105355120	105355650	530
cCREs448190	chr8	105504551	105505118	567
cCREs448408	chr8	106404767	106405315	548
cCREs448476	chr8	106722362	106722922	560
cCREs448525	chr8	106901820	106902552	732
cCREs448580	chr8	107116947	107117490	543
cCREs448586	chr8	107135945	107136648	703
cCREs448597	chr8	107170615	107171116	501
cCREs448618	chr8	107251619	107252120	501
cCREs448867	chr8	108592606	108593487	881
cCREs448871	chr8	108612786	108613336	550
cCREs448882	chr8	108693132	108693715	583
cCREs448885	chr8	108696517	108697104	587
cCREs448888	chr8	108708857	108709358	501
cCREs448889	chr8	108710747	108711257	510
cCREs448898	chr8	108732468	108733010	542
cCREs448899	chr8	108737775	108738276	501
cCREs449353	chr8	110746456	110747118	662
cCREs449360	chr8	110761914	110762415	501
cCREs449364	chr8	110774066	110775198	1132
cCREs449372	chr8	110790186	110790687	501
cCREs449375	chr8	110800709	110801210	501
cCREs449402	chr8	110921249	110921837	588
cCREs449417	chr8	110966518	110967122	604
cCREs449611	chr8	111733685	111734186	501
cCREs449615	chr8	111739350	111739929	579
cCREs449629	chr8	111779640	111780171	531
cCREs449648	chr8	111833995	111834537	542
cCREs449689	chr8	112030663	112031164	501
cCREs450294	chr8	114610760	114611548	788
cCREs450320	chr8	114716265	114717042	777
cCREs450323	chr8	114722335	114723635	1300
cCREs450477	chr8	115400753	115401265	512
cCREs450563	chr8	115823419	115824307	888
cCREs450564	chr8	115826085	115826921	836
cCREs450579	chr8	115903952	115904629	677
cCREs450609	chr8	116114413	116114973	560
cCREs450616	chr8	116142906	116143427	521
cCREs450623	chr8	116177891	116178429	538
cCREs450750	chr8	116832054	116832624	570
cCREs450764	chr8	116887811	116888312	501
cCREs450969	chr8	117675140	117675641	501
cCREs450981	chr8	117725576	117726469	893
cCREs450983	chr8	117730915	117731508	593
cCREs451547	chr8	119663359	119663896	537
cCREs451548	chr8	119665198	119665701	503
cCREs451569	chr8	119756501	119757002	501
cCREs451637	chr8	119978990	119979491	501
cCREs451726	chr8	120243197	120243704	507
cCREs451855	chr8	120571579	120572089	510
cCREs451891	chr8	120685054	120685582	528
cCREs451906	chr8	120751872	120752488	616
cCREs451921	chr8	120806904	120807405	501
cCREs451968	chr8	121152320	121152826	506
cCREs451975	chr8	121195866	121196392	526
cCREs451986	chr8	121229460	121229961	501
cCREs452008	chr8	121332267	121332933	666
cCREs452043	chr8	121454716	121455217	501
cCREs452057	chr8	121506484	121507086	602
cCREs452217	chr8	122053473	122054020	547
cCREs452224	chr8	122074464	122074970	506
cCREs452342	chr8	122546928	122547467	539
cCREs452370	chr8	122648527	122649028	501
cCREs452378	chr8	122673833	122674334	501
cCREs452484	chr8	123043779	123044280	501
cCREs452488	chr8	123076790	123077320	530
cCREs452501	chr8	123131123	123131878	755
cCREs452606	chr8	123732243	123732795	552
cCREs452885	chr8	124645367	124645868	501
cCREs452965	chr8	124953076	124953665	589
cCREs452983	chr8	125073160	125073661	501
cCREs453075	chr8	125368243	125368830	587
cCREs453300	chr8	126131999	126132559	560
cCREs453484	chr8	126744641	126745396	755
cCREs453524	chr8	126859543	126860088	545
cCREs453578	chr8	127088254	127088885	631
cCREs453588	chr8	127126542	127127212	670
cCREs453606	chr8	127183915	127184545	630
cCREs453788	chr8	127821548	127822075	527
cCREs453792	chr8	127831362	127832095	733
cCREs453797	chr8	127849615	127850413	798
cCREs453904	chr8	128267213	128267714	501
cCREs453934	chr8	128387155	128387660	505
cCREs453961	chr8	128463113	128463643	530
cCREs454515	chr9	7923109	7923620	511
cCREs454567	chr9	8285424	8285925	501
cCREs454573	chr9	8325144	8325673	529
cCREs454721	chr9	9152522	9153023	501
cCREs454738	chr9	9200773	9201405	632
cCREs454753	chr9	9271629	9272130	501
cCREs455260	chr9	13464584	13465085	501
cCREs455277	chr9	13501289	13501790	501
cCREs455345	chr9	13688720	13689623	903
cCREs455383	chr9	13872243	13872935	692
cCREs455429	chr9	14027996	14028622	626
cCREs455438	chr9	14067314	14067815	501
cCREs455445	chr9	14088532	14089033	501
cCREs455458	chr9	14147555	14148160	605
cCREs455461	chr9	14164467	14165030	563
cCREs455514	chr9	14354376	14354878	502
cCREs455559	chr9	14589346	14589899	553
cCREs455725	chr9	15328775	15329349	574
cCREs456142	chr9	17356507	17357336	829
cCREs456357	chr9	21027740	21028241	501
cCREs456420	chr9	21337523	21338074	551
cCREs456514	chr9	21729956	21730457	501
cCREs456532	chr9	21791809	21792395	586
cCREs456547	chr9	21846561	21847514	953
cCREs456551	chr9	21858027	21858582	555
cCREs456556	chr9	21866152	21867189	1037
cCREs456586	chr9	22037525	22038346	821
cCREs456653	chr9	22420410	22421001	591
cCREs456666	chr9	22473817	22474318	501
cCREs456810	chr9	23070954	23071472	518
cCREs457206	chr9	25048182	25048683	501
cCREs457254	chr9	25204934	25205435	501
cCREs457605	chr9	26936489	26937187	698
cCREs457997	chr9	28261968	28262490	522
cCREs458382	chr9	29424380	29424881	501
cCREs458433	chr9	29598261	29598835	574
cCREs458786	chr9	30966562	30967219	657
cCREs458913	chr9	31541609	31542110	501
cCREs458917	chr9	31564947	31565472	525
cCREs458927	chr9	31645001	31645604	603
cCREs459110	chr9	32400475	32401328	853
cCREs459139	chr9	32503981	32504482	501
cCREs459155	chr9	32544631	32545545	914
cCREs459159	chr9	32561252	32561962	710
cCREs459165	chr9	32594905	32595857	952
cCREs459167	chr9	32607048	32607721	673
cCREs459178	chr9	32656349	32657639	1290
cCREs459193	chr9	32715071	32715608	537
cCREs459250	chr9	32986770	32987914	1144
cCREs459253	chr9	33000510	33001275	765
cCREs460112	chr9	37401682	37402241	559
cCREs460142	chr9	37527770	37528324	554
cCREs460143	chr9	37528478	37528979	501
cCREs460148	chr9	37545785	37546286	501
cCREs460371	chr9	40188358	40188880	522
cCREs460598	chr9	40946785	40947616	831
cCREs460836	chr9	41808667	41809757	1090
cCREs461232	chr9	43043690	43044881	1191
cCREs461248	chr9	43098834	43099364	530
cCREs461258	chr9	43140019	43140587	568
cCREs461262	chr9	43179569	43180086	517
cCREs461268	chr9	43228590	43229091	501
cCREs461271	chr9	43234022	43234523	501
cCREs461300	chr9	43337607	43338466	859
cCREs461445	chr9	43856987	43857700	713
cCREs461520	chr9	44137766	44138306	540
cCREs461645	chr9	44726360	44727211	851
cCREs461723	chr9	45079493	45080006	513
cCREs462002	chr9	46054421	46055056	635
cCREs462041	chr9	46163306	46163853	547
cCREs462647	chr9	48655666	48656371	705
cCREs462695	chr9	48786723	48787273	550
cCREs463209	chr9	50721008	50721633	625
cCREs463274	chr9	50888299	50888829	530
cCREs464219	chr9	55404124	55404642	518
cCREs464411	chr9	56453255	56453874	619
cCREs464414	chr9	56463481	56464305	824
cCREs464549	chr9	56874020	56874521	501
cCREs464570	chr9	56938412	56938970	558
cCREs464580	chr9	57002955	57003456	501
cCREs464581	chr9	57014582	57015207	625
cCREs464769	chr9	57969733	57970748	1015
cCREs464822	chr9	58144271	58145119	848
cCREs464869	chr9	58289038	58289556	518
cCREs465023	chr9	58854893	58855394	501
cCREs465202	chr9	59952537	59953277	740
cCREs465211	chr9	59974938	59975510	572
cCREs465304	chr9	60308112	60308650	538
cCREs465417	chr9	60741239	60741766	527
cCREs465422	chr9	60757816	60758770	954
cCREs465428	chr9	60792772	60793273	501
cCREs465431	chr9	60800804	60801342	538
cCREs465435	chr9	60813147	60813915	768
cCREs465438	chr9	60826617	60827220	603
cCREs465521	chr9	61159066	61160035	969
cCREs465551	chr9	61289574	61290208	634
cCREs465581	chr9	61406522	61407023	501
cCREs465855	chr9	62465988	62466489	501
cCREs465860	chr9	62474117	62474618	501
cCREs466013	chr9	63073910	63075254	1344
cCREs466032	chr9	63187238	63187739	501
cCREs466070	chr9	63354031	63354622	591
cCREs466192	chr9	63789301	63789925	624
cCREs466205	chr9	63826705	63827702	997
cCREs466237	chr9	63970217	63970846	629
cCREs466256	chr9	64060105	64060699	594
cCREs466286	chr9	64240648	64241149	501
cCREs466439	chr9	64931740	64932241	501
cCREs466525	chr9	65304227	65304761	534
cCREs466542	chr9	65393494	65393995	501
cCREs466543	chr9	65394261	65394825	564
cCREs466569	chr9	65538230	65538731	501
cCREs466593	chr9	65640902	65641441	539
cCREs466598	chr9	65671063	65672043	980
cCREs466601	chr9	65679249	65679917	668
cCREs466703	chr9	66234200	66234826	626
cCREs466705	chr9	66243195	66243744	549
cCREs466707	chr9	66251245	66251791	546
cCREs466748	chr9	66507311	66508133	822
cCREs466772	chr9	66624747	66625248	501
cCREs467212	chr9	68651677	68652178	501
cCREs467249	chr9	68756932	68757448	516
cCREs467317	chr9	68967853	68968477	624
cCREs467325	chr9	69002379	69002942	563
cCREs467361	chr9	69140099	69140670	571
cCREs467382	chr9	69226405	69226984	579
cCREs467655	chr9	70510126	70510657	531
cCREs467712	chr9	70829953	70830546	593
cCREs467772	chr9	71032045	71032546	501
cCREs467830	chr9	71316991	71317553	562
cCREs467834	chr9	71326167	71326702	535
cCREs467850	chr9	71404707	71405208	501
cCREs467913	chr9	71665849	71666941	1092
cCREs467918	chr9	71677003	71677828	825
cCREs467920	chr9	71694209	71694747	538
cCREs467927	chr9	71716910	71717447	537
cCREs467942	chr9	71797633	71798722	1089
cCREs467955	chr9	71820043	71820544	501
cCREs468030	chr9	72169816	72170660	844
cCREs468406	chr9	73854097	73854864	767
cCREs468423	chr9	73962336	73962837	501
cCREs468442	chr9	74033957	74034582	625
cCREs468585	chr9	74938773	74939374	601
cCREs468588	chr9	74955352	74955859	507
cCREs468676	chr9	75236736	75237360	624
cCREs468742	chr9	75468306	75468826	520
cCREs468752	chr9	75495879	75496516	637
cCREs468760	chr9	75517663	75518164	501
cCREs468768	chr9	75534403	75535045	642
cCREs468827	chr9	75775126	75775910	784
cCREs468828	chr9	75775930	75776664	734
cCREs468829	chr9	75778696	75779465	769
cCREs468854	chr9	75898856	75899581	725
cCREs468866	chr9	76003037	76003538	501
cCREs469305	chr9	78045069	78045639	570
cCREs469306	chr9	78050552	78051072	520
cCREs469585	chr9	79639559	79640228	669
cCREs469699	chr9	80088238	80088765	527
cCREs469720	chr9	80166370	80166871	501
cCREs469723	chr9	80175867	80176444	577
cCREs470165	chr9	82967800	82968379	579
cCREs470230	chr9	83246888	83247517	629
cCREs470242	chr9	83297654	83298471	817
cCREs470264	chr9	83352884	83353385	501
cCREs470278	chr9	83403565	83404088	523
cCREs470416	chr9	83867108	83867835	727
cCREs470728	chr9	85653462	85653963	501
cCREs470814	chr9	86017701	86018220	519
cCREs471140	chr9	87303083	87303636	553
cCREs471158	chr9	87412692	87413709	1017
cCREs471159	chr9	87413739	87414721	982
cCREs471160	chr9	87418122	87419031	909
cCREs471214	chr9	87846315	87846897	582
cCREs471265	chr9	88085858	88086365	507
cCREs471266	chr9	88091692	88092232	540
cCREs471562	chr9	90047814	90048990	1176
cCREs471601	chr9	90217423	90218007	584
cCREs471678	chr9	90691732	90692259	527
cCREs471684	chr9	90720063	90720564	501
cCREs471693	chr9	90795530	90796533	1003
cCREs471743	chr9	91128447	91128954	507
cCREs471745	chr9	91131740	91132297	557
cCREs471769	chr9	91331864	91332365	501
cCREs471773	chr9	91353861	91354381	520
cCREs471785	chr9	91390090	91390591	501
cCREs471806	chr9	91488643	91489608	965
cCREs471809	chr9	91510770	91511454	684
cCREs471840	chr9	91755192	91755731	539
cCREs471881	chr9	92123478	92123979	501
cCREs471888	chr9	92145719	92146545	826
cCREs471915	chr9	92270835	92271630	795
cCREs471976	chr9	92559694	92560205	511
cCREs472089	chr9	93010285	93010786	501
cCREs472550	chr9	95150026	95150559	533
cCREs472635	chr9	95437813	95438326	513
cCREs472639	chr9	95448319	95449045	726
cCREs472720	chr9	95742590	95743091	501
cCREs472777	chr9	96163125	96163894	769
cCREs472842	chr9	96430976	96431536	560
cCREs473440	chr9	98616247	98617213	966
cCREs473442	chr9	98629862	98630848	986
cCREs473820	chr9	100658308	100658813	505
cCREs473821	chr9	100660365	100660998	633
cCREs473976	chr9	101521430	101522319	889
cCREs473977	chr9	101523391	101523922	531
cCREs473982	chr9	101551109	101551772	663
cCREs474263	chr9	102658995	102659830	835
cCREs474269	chr9	102692468	102692969	501
cCREs474275	chr9	102709618	102710335	717
cCREs474296	chr9	102812544	102813061	517
cCREs474300	chr9	102836207	102836708	501
cCREs474323	chr9	102907400	102908301	901
cCREs474532	chr9	103679166	103679680	514
cCREs474982	chr9	105465790	105466291	501
cCREs475490	chr9	107551262	107551780	518
cCREs475805	chr9	108949186	108950372	1186
cCREs475905	chr9	109899672	109900173	501
cCREs475939	chr9	110058847	110059414	567
cCREs476019	chr9	110423398	110423926	528
cCREs476085	chr9	110728696	110729197	501
cCREs476087	chr9	110735248	110735749	501
cCREs476090	chr9	110746894	110747395	501
cCREs476091	chr9	110750657	110751363	706
cCREs476092	chr9	110753694	110754195	501
cCREs476096	chr9	110774834	110775756	922
cCREs476103	chr9	110834996	110835497	501
cCREs476107	chr9	110856589	110857339	750
cCREs476131	chr9	110935910	110936472	562
cCREs476132	chr9	110938040	110938600	560
cCREs476301	chr9	111619220	111619721	501
cCREs477019	chr9	114749829	114750330	501
cCREs477189	chr9	115325661	115326371	710
cCREs477244	chr9	115543527	115544070	543
cCREs477249	chr9	115551126	115552026	900
cCREs477403	chr9	116114391	116114907	516
cCREs477469	chr9	116327948	116328701	753
cCREs477547	chr9	116705883	116706438	555
cCREs477580	chr9	116847219	116847939	720
cCREs477633	chr9	117065560	117066105	545
cCREs477992	chr9	118641770	118642271	501
cCREs478062	chr9	118873548	118874282	734
cCREs478079	chr9	118929638	118930139	501
cCREs478117	chr9	119008770	119009271	501
cCREs478556	chr9	120774801	120775389	588
cCREs478706	chr9	121307238	121307739	501
cCREs478727	chr9	121351329	121351874	545
cCREs478884	chr9	121903555	121904420	865
cCREs478919	chr9	122028331	122028858	527
cCREs478933	chr9	122064874	122065467	593
cCREs478960	chr9	122149459	122149992	533
cCREs478961	chr9	122155082	122155669	587
cCREs479025	chr9	122350305	122350854	549
cCREs479213	chr9	123138749	123139672	923
cCREs479214	chr9	123148283	123148859	576
cCREs479305	chr9	123484767	123485268	501
cCREs479306	chr9	123489013	123489514	501
cCREs479307	chr9	123489870	123490381	511
cCREs479314	chr9	123506488	123506989	501
cCREs479345	chr9	123636719	123637220	501
cCREs479351	chr9	123674841	123675342	501
cCREs479355	chr9	123686176	123686830	654
cCREs479357	chr9	123691613	123692114	501
cCREs479360	chr9	123709150	123709662	512
cCREs479691	chrX	8248548	8249113	565
cCREs479738	chrX	9205026	9205606	580
cCREs479943	chrX	10910210	10910766	556
cCREs480142	chrX	12072666	12073167	501
cCREs480242	chrX	12771448	12772345	897
cCREs480465	chrX	14735449	14736114	665
cCREs480528	chrX	16034784	16035285	501
cCREs480711	chrX	18174278	18175300	1022
cCREs481133	chrX	23409217	23409718	501
cCREs481202	chrX	36121018	36121546	528
cCREs481203	chrX	36124025	36124526	501
cCREs481206	chrX	36136912	36137413	501
cCREs481319	chrX	36968910	36970000	1090
cCREs482556	chrX	51514711	51515341	630
cCREs482615	chrX	52017579	52018178	599
cCREs482637	chrX	52128180	52129144	964
cCREs482655	chrX	52221575	52222332	757
cCREs482679	chrX	52340267	52341064	797
cCREs482700	chrX	52457661	52458162	501
cCREs482714	chrX	52557442	52558087	645
cCREs482755	chrX	52792249	52792788	539
cCREs482823	chrX	53357694	53358225	531
cCREs482824	chrX	53363970	53364471	501
cCREs483039	chrX	57695595	57696163	568
cCREs483070	chrX	57935494	57936069	575
cCREs483978	chrX	70669751	70670252	501
cCREs484038	chrX	71108291	71108792	501
cCREs484262	chrX	73438807	73439424	617
cCREs484270	chrX	73474441	73475025	584
cCREs484271	chrX	73476538	73477092	554
cCREs484479	chrX	76009447	76010207	760
cCREs484611	chrX	77517236	77517737	501
cCREs484650	chrX	77630256	77630789	533
cCREs484908	chrX	83674604	83675495	891
cCREs485001	chrX	84865595	84866096	501
cCREs485031	chrX	85076734	85077368	634
cCREs485641	chrX	94058207	94059226	1019
cCREs486000	chrX	99010406	99010975	569
cCREs486001	chrX	99011296	99011841	545
cCREs486008	chrX	99030348	99031265	917
cCREs486009	chrX	99035933	99036459	526
cCREs486015	chrX	99052021	99052693	672
cCREs486020	chrX	99067769	99068374	605
cCREs486022	chrX	99086804	99087305	501
cCREs486117	chrX	99504267	99504807	540
cCREs486123	chrX	99518038	99518822	784
cCREs486124	chrX	99519232	99519780	548
cCREs486126	chrX	99521490	99521991	501
cCREs486163	chrX	99659473	99660153	680
cCREs486449	chrX	102022451	102022952	501
cCREs486460	chrX	102064000	102064501	501
cCREs486662	chrX	103911415	103911963	548
cCREs486668	chrX	103987173	103987682	509
cCREs487656	chrX	129701501	129702450	949
cCREs487951	chrX	133630607	133631108	501
cCREs487975	chrX	133753961	133754737	776
cCREs487984	chrX	133858059	133858734	675
cCREs488007	chrX	133981212	133982087	875
cCREs488132	chrX	134882678	134883192	514
cCREs488215	chrX	135902949	135903467	518
cCREs488727	chrX	140535354	140536076	722
cCREs488794	chrX	140980089	140980596	507
cCREs488827	chrX	141356459	141357112	653
cCREs488828	chrX	141359712	141360219	507
cCREs488834	chrX	141381594	141382145	551
cCREs488871	chrX	142057559	142058210	651
cCREs488982	chrX	142791558	142792091	533
cCREs489487	chrX	147429654	147430236	582
cCREs489758	chrX	153669059	153669566	507
cCREs489952	chrX	157245046	157245596	550
cCREs490560	chrX	161719782	161720283	501
cCREs490611	chrX	161942625	161943547	922
cCREs490623	chrX	161981407	161981960	553
cCREs490916	chrX	164152557	164153177	620
cCREs491036	chrX	164963981	164964482	501
cCREs491316	chrX	166930958	166931513	555
cCREs491623	chrX	168778294	168778795	501
cCREs491689	chrX	169236900	169237401	501
cCREs366	chr1	5362154	5362725	571
cCREs1900	chr1	14507901	14508576	675
cCREs6478	chr1	38398379	38398970	591
cCREs10202	chr1	56800157	56801026	869
cCREs13782	chr1	72909207	72909708	501
cCREs14989	chr1	78167798	78168302	504
cCREs14990	chr1	78171558	78172059	501
cCREs15927	chr1	82260032	82260679	647
cCREs16942	chr1	87161484	87162210	726
cCREs17289	chr1	88643221	88643885	664
cCREs17819	chr1	90493361	90493966	605
cCREs19058	chr1	96717613	96718140	527
cCREs19158	chr1	97654565	97655066	501
cCREs20508	chr1	106192882	106193505	623
cCREs21917	chr1	117058207	117059062	855
cCREs22198	chr1	119351622	119352294	672
cCREs22581	chr1	121177774	121178451	677
cCREs24223	chr1	128821897	128822398	501
cCREs25170	chr1	132736176	132736951	775
cCREs30025	chr1	156310404	156311158	754
cCREs30192	chr1	157043567	157044068	501
cCREs30693	chr1	158927830	158928331	501
cCREs31747	chr1	163356249	163357038	789
cCREs32418	chr1	166019295	166019958	663
cCREs33001	chr1	168324599	168325100	501
cCREs35667	chr1	179882607	179883544	937
cCREs37617	chr1	188046524	188047025	501
cCREs38132	chr1	190167911	190168412	501
cCREs38178	chr1	190444067	190444769	702
cCREs39342	chr1	194700245	194700795	550
cCREs39543	chr10	3525387	3525888	501
cCREs43105	chr10	19353590	19354091	501
cCREs43981	chr10	23211386	23211887	501
cCREs45501	chr10	30326815	30327316	501
cCREs45614	chr10	30883185	30883686	501
cCREs45750	chr10	31595247	31595900	653
cCREs51989	chr10	65781439	65781940	501
cCREs52116	chr10	66434671	66435172	501
cCREs52244	chr10	66941912	66942438	526
cCREs55286	chr10	80116914	80117463	549
cCREs56143	chr10	84479876	84480377	501
cCREs58040	chr10	92528319	92528820	501
cCREs58247	chr10	93423779	93424280	501
cCREs58648	chr10	94933017	94933586	569
cCREs59433	chr10	97971536	97972247	711
cCREs59987	chr10	100009582	100010114	532
cCREs63661	chr10	117103833	117104334	501
cCREs66079	chr10	127723364	127723865	501
cCREs66893	chr11	5110399	5111238	839
cCREs69268	chr11	18439122	18439623	501
cCREs70646	chr11	25045901	25046402	501
cCREs73038	chr11	36123080	36123782	702
cCREs73294	chr11	36902231	36902732	501
cCREs76991	chr11	54075273	54075774	501
cCREs77960	chr11	58247227	58247757	530
cCREs79098	chr11	63753352	63753853	501
cCREs79225	chr11	64400386	64401062	676
cCREs81807	chr11	76298109	76299536	1427
cCREs82348	chr11	78814734	78815235	501
cCREs82967	chr11	81454825	81455422	597
cCREs83663	chr11	84585461	84585962	501
cCREs84237	chr11	87725553	87726382	829
cCREs84359	chr11	88280476	88281043	567
cCREs85834	chr11	95179294	95179804	510
cCREs85947	chr11	95634991	95635492	501
cCREs86191	chr11	97126124	97126625	501
cCREs86336	chr11	97678213	97678736	523
cCREs87485	chr11	103000130	103000727	597
cCREs89011	chr11	109346496	109347049	553
cCREs89813	chr11	113138420	113138921	501
cCREs90092	chr11	113975476	113975977	501
cCREs91160	chr11	117967169	117967670	501
cCREs91874	chr11	120359305	120359847	542
cCREs92434	chr12	4178662	4179241	579
cCREs94117	chr12	12044366	12044867	501
cCREs95899	chr12	25453250	25453751	501
cCREs95967	chr12	25714292	25714985	693
cCREs96356	chr12	27470310	27470874	564
cCREs98886	chr12	38327702	38328308	606
cCREs99112	chr12	39481583	39482084	501
cCREs99374	chr12	40504123	40505162	1039
cCREs100567	chr12	46698268	46698958	690
cCREs100912	chr12	49755952	49756480	528
cCREs101297	chr12	51568015	51568726	711
cCREs107874	chr12	84546648	84547173	525
cCREs110367	chr12	97519740	97520241	501
cCREs110440	chr12	97894262	97894962	700
cCREs110445	chr12	97908184	97908724	540
cCREs113229	chr12	109112636	109113137	501
cCREs114622	chr12	117430649	117431366	717
cCREs114856	chr12	118521231	118521827	596
cCREs117635	chr13	17301319	17301977	658
cCREs119370	chr13	25762313	25762886	573
cCREs120080	chr13	29736305	29736806	501
cCREs123453	chr13	44749304	44749810	506
cCREs124103	chr13	46945965	46946466	501
cCREs124463	chr13	48664935	48665436	501
cCREs125056	chr13	51918598	51919119	521
cCREs126710	chr13	58438232	58438733	501
cCREs126724	chr13	58484914	58485461	547
cCREs128300	chr13	69825628	69826129	501
cCREs133466	chr13	97580023	97580598	575
cCREs133600	chr13	97998625	97999126	501
cCREs133701	chr13	98358540	98359041	501
cCREs134249	chr13	100493942	100494620	678
cCREs134853	chr13	103000786	103001350	564
cCREs137136	chr13	112183067	112183616	549
cCREs137579	chr13	113887007	113887511	504
cCREs138776	chr14	7822562	7823138	576
cCREs139135	chr14	9331518	9332099	581
cCREs140088	chr14	12958244	12958745	501
cCREs142642	chr14	25318629	25319239	610
cCREs143600	chr14	29480786	29481535	749
cCREs144248	chr14	32018806	32019572	766
cCREs146890	chr14	48251527	48252100	573
cCREs147718	chr14	54574285	54574786	501
cCREs148974	chr14	60721259	60722319	1060
cCREs149029	chr14	60898077	60898580	503
cCREs159882	chr14	118362827	118363328	501
cCREs159976	chr14	118737033	118737914	881
cCREs165516	chr15	26755475	26756224	749
cCREs165598	chr15	27173104	27174245	1141
cCREs167081	chr15	33360265	33360766	501
cCREs167425	chr15	35255650	35256400	750
cCREs167427	chr15	35271906	35272465	559
cCREs170335	chr15	51628465	51629021	556
cCREs172578	chr15	61734963	61735914	951
cCREs173233	chr15	64578967	64579468	501
cCREs175376	chr15	73901964	73902465	501
cCREs177485	chr15	82969060	82970123	1063
cCREs181835	chr15	101066879	101067669	790
cCREs182064	chr15	102098165	102098666	501
cCREs184844	chr16	14192326	14192836	510
cCREs185065	chr16	16273674	16274325	651
cCREs185940	chr16	21655258	21655789	531
cCREs186869	chr16	25602982	25603503	521
cCREs187547	chr16	28927256	28927817	561
cCREs188502	chr16	33173060	33174070	1010
cCREs189198	chr16	35587819	35588321	502
cCREs193892	chr16	58705226	58705782	556
cCREs194693	chr16	64110351	64111071	720
cCREs197084	chr16	77461325	77461839	514
cCREs198384	chr16	85291529	85292039	510
cCREs199686	chr16	91104718	91105567	849
cCREs200758	chr16	95586422	95586993	571
cCREs201393	chr17	3246548	3247629	1081
cCREs203730	chr17	14355988	14356518	530
cCREs204125	chr17	17433515	17434016	501
cCREs205898	chr17	30567799	30568376	577
cCREs207508	chr17	44094745	44095512	767
cCREs208633	chr17	49205673	49206174	501
cCREs209042	chr17	50766501	50767002	501
cCREs209138	chr17	51393060	51393561	501
cCREs210472	chr17	61303524	61304025	501
cCREs213113	chr17	72571224	72572114	890
cCREs213419	chr17	73723147	73723812	665
cCREs213640	chr17	74889423	74890243	820
cCREs215312	chr17	83226292	83227346	1054
cCREs215941	chr17	85747499	85748003	504
cCREs217790	chr18	4769111	4769649	538
cCREs219183	chr18	12234685	12235210	525
cCREs219892	chr18	15267306	15267884	578
cCREs231778	chr18	68427461	68428200	739
cCREs231968	chr18	69167886	69169065	1179
cCREs232236	chr18	69935976	69936511	535
cCREs234779	chr18	80992649	80993150	501
cCREs237136	chr19	6462767	6463321	554
cCREs239143	chr19	18881112	18881804	692
cCREs240626	chr19	25598554	25599067	513
cCREs242449	chr19	34069365	34070150	785
cCREs243029	chr19	36916195	36916696	501
cCREs243193	chr19	37570913	37571421	508
cCREs246507	chr19	54249520	54250021	501
cCREs247834	chr19	59465827	59466413	586
cCREs253415	chr2	28780842	28781699	857
cCREs253424	chr2	28810630	28811131	501
cCREs253444	chr2	28943499	28944606	1107
cCREs254054	chr2	31431357	31432077	720
cCREs256806	chr2	45040803	45041304	501
cCREs257176	chr2	47310235	47310736	501
cCREs263316	chr2	74726483	74727012	529
cCREs266446	chr2	92587524	92588025	501
cCREs266744	chr2	93452385	93452906	521
cCREs268026	chr2	101769136	101770071	935
cCREs269295	chr2	106686095	106686837	742
cCREs270981	chr2	115488399	115488914	515
cCREs271921	chr2	119301681	119302182	501
cCREs271923	chr2	119312454	119312955	501
cCREs271928	chr2	119329350	119329851	501
cCREs274114	chr2	129582437	129583051	614
cCREs274991	chr2	132992653	132993610	957
cCREs276615	chr2	139965343	139965844	501
cCREs276943	chr2	141449057	141449558	501
cCREs279542	chr2	153175760	153176417	657
cCREs280776	chr2	158245058	158245559	501
cCREs282430	chr2	165466174	165466779	605
cCREs283181	chr2	168050244	168050826	582
cCREs283522	chr2	169504503	169505203	700
cCREs283904	chr2	171032835	171033564	729
cCREs284102	chr2	172229207	172229708	501
cCREs284769	chr2	178121386	178122451	1065
cCREs285105	chr2	179524405	179524933	528
cCREs285477	chr2	180928712	180929226	514
cCREs285663	chr2	181793170	181793671	501
cCREs291148	chr3	34949884	34950385	501
cCREs293989	chr3	51398500	51399209	709
cCREs296148	chr3	60078864	60079475	611
cCREs300531	chr3	83479975	83480746	771
cCREs302629	chr3	94792860	94793361	501
cCREs306393	chr3	112167142	112168149	1007
cCREs308373	chr3	122375055	122375614	559
cCREs308382	chr3	122420966	122421488	522
cCREs310251	chr3	130922729	130923230	501
cCREs312799	chr3	142509446	142510108	662
cCREs313172	chr3	143985520	143986034	514
cCREs313308	chr3	144419664	144420232	568
cCREs318479	chr4	11548490	11548991	501
cCREs318680	chr4	12481411	12481934	523
cCREs320503	chr4	22970449	22971039	590
cCREs324107	chr4	44851881	44852382	501
cCREs324250	chr4	45550961	45551462	501
cCREs326490	chr4	55561999	55562500	501
cCREs326873	chr4	57183428	57183978	550
cCREs327173	chr4	58285661	58286491	830
cCREs328218	chr4	64570647	64571148	501
cCREs329494	chr4	70985759	70986526	767
cCREs329723	chr4	72662326	72662911	585
cCREs330065	chr4	75855573	75856301	728
cCREs331429	chr4	83391673	83392458	785
cCREs335428	chr4	103387178	103387679	501
cCREs336325	chr4	106855649	106856244	595
cCREs336411	chr4	107098746	107099359	613
cCREs337874	chr4	117240894	117241424	530
cCREs337908	chr4	117367505	117368763	1258
cCREs338361	chr4	119707817	119708445	628
cCREs339146	chr4	124622582	124623083	501
cCREs339782	chr4	127328970	127329732	762
cCREs340757	chr4	131238452	131239162	710
cCREs341771	chr4	135656206	135656757	551
cCREs341792	chr4	135766935	135767655	720
cCREs342100	chr4	137183029	137183689	660
cCREs342101	chr4	137184408	137185152	744
cCREs342788	chr4	139667440	139668210	770
cCREs342802	chr4	139818036	139818566	530
cCREs343191	chr4	141334618	141335740	1122
cCREs344085	chr4	148686337	148687112	775
cCREs344284	chr4	149523548	149524300	752
cCREs344393	chr4	149874161	149875037	876
cCREs344623	chr4	150709281	150709782	501
cCREs349017	chr5	21354535	21355271	736
cCREs349275	chr5	22293150	22293857	707
cCREs350208	chr5	26920670	26921171	501
cCREs350834	chr5	30119149	30119650	501
cCREs350907	chr5	30524096	30524645	549
cCREs355342	chr5	50200006	50200557	551
cCREs359497	chr5	72365713	72366742	1029
cCREs360246	chr5	75082427	75082928	501
cCREs360594	chr5	76495080	76495722	642
cCREs365193	chr5	103458313	103459248	935
cCREs365207	chr5	103499128	103499787	659
cCREs366374	chr5	110835955	110836474	519
cCREs366597	chr5	111626221	111626879	658
cCREs366740	chr5	112225448	112226163	715
cCREs367093	chr5	113327498	113327999	501
cCREs367098	chr5	113356971	113357489	518
cCREs367983	chr5	116964158	116964695	537
cCREs368818	chr5	120833911	120834412	501
cCREs368819	chr5	120837036	120837537	501
cCREs369493	chr5	123501281	123501790	509
cCREs370052	chr5	125612395	125612954	559
cCREs371967	chr5	133999559	134000518	959
cCREs372744	chr5	137694709	137695254	545
cCREs372915	chr5	138999049	138999816	767
cCREs373151	chr5	139886632	139887156	524
cCREs373488	chr5	141197122	141197623	501
cCREs374207	chr5	144550641	144551142	501
cCREs375206	chr5	149616714	149617284	570
cCREs376069	chr6	5305938	5306439	501
cCREs376086	chr6	5394857	5395511	654
cCREs376277	chr6	6160609	6161131	522
cCREs378049	chr6	16942363	16942864	501
cCREs378338	chr6	17995101	17995703	602
cCREs383412	chr6	40634497	40635137	640
cCREs388808	chr6	70986612	70987189	577
cCREs391539	chr6	85227149	85227962	813
cCREs391644	chr6	85633039	85633540	501
cCREs391828	chr6	86485875	86486376	501
cCREs392747	chr6	90417640	90418213	573
cCREs394019	chr6	94858012	94858548	536
cCREs394609	chr6	97554416	97554957	541
cCREs399927	chr6	119491969	119492470	501
cCREs400077	chr6	120182133	120182634	501
cCREs401829	chr6	129209741	129210351	610
cCREs405153	chr6	146225872	146226484	612
cCREs406144	chr7	4906581	4907082	501
cCREs406937	chr7	19912063	19912564	501
cCREs407764	chr7	29836788	29837289	501
cCREs408320	chr7	35665207	35665777	570
cCREs408389	chr7	35989249	35989750	501
cCREs408480	chr7	36678522	36679033	511
cCREs409483	chr7	45641331	45641976	645
cCREs410138	chr7	49640395	49641361	966
cCREs413102	chr7	68453199	68453712	513
cCREs413248	chr7	69398243	69398744	501
cCREs413272	chr7	69578902	69579403	501
cCREs413293	chr7	69823018	69823772	754
cCREs414134	chr7	74122121	74122642	521
cCREs414758	chr7	76795178	76795679	501
cCREs415343	chr7	79498818	79499319	501
cCREs415552	chr7	80373864	80374365	501
cCREs416107	chr7	82878997	82879498	501
cCREs416379	chr7	84248187	84248739	552
cCREs416511	chr7	84673126	84673663	537
cCREs417379	chr7	91489752	91490647	895
cCREs418556	chr7	97405499	97406117	618
cCREs419195	chr7	100051823	100052324	501
cCREs421229	chr7	112922514	112923215	701
cCREs421977	chr7	116522534	116523055	521
cCREs422187	chr7	117452159	117452660	501
cCREs422203	chr7	117495684	117496294	610
cCREs422242	chr7	117608182	117608720	538
cCREs422604	chr7	118979602	118980103	501
cCREs424769	chr7	129654745	129655462	717
cCREs424907	chr7	130261227	130261728	501
cCREs425205	chr7	131798148	131798744	596
cCREs425950	chr7	134702509	134703010	501
cCREs426293	chr7	136209437	136210209	772
cCREs426363	chr7	136679009	136679590	581
cCREs426437	chr7	137197063	137197564	501
cCREs427880	chr7	144232039	144232540	501
cCREs428045	chr7	144823397	144823898	501
cCREs428107	chr7	145179531	145180078	547
cCREs429932	chr8	12434157	12434658	501
cCREs429947	chr8	12494871	12495372	501
cCREs429951	chr8	12503246	12503794	548
cCREs429958	chr8	12521553	12522103	550
cCREs430321	chr8	13925035	13925734	699
cCREs433009	chr8	28596691	28597192	501
cCREs435600	chr8	40938884	40939542	658
cCREs438010	chr8	54069975	54070476	501
cCREs440923	chr8	69976661	69977162	501
cCREs442807	chr8	79433970	79434471	501
cCREs444145	chr8	85995922	85996516	594
cCREs444617	chr8	87887905	87888406	501
cCREs444936	chr8	89325611	89326337	726
cCREs444994	chr8	89677216	89677821	605
cCREs445487	chr8	91866011	91866512	501
cCREs446634	chr8	97232887	97233408	521
cCREs446707	chr8	97707035	97707536	501
cCREs448643	chr8	107400373	107400874	501
cCREs450621	chr8	116174873	116175513	640
cCREs450857	chr8	117307371	117308144	773
cCREs451610	chr8	119853951	119854525	574
cCREs451738	chr8	120282644	120283145	501
cCREs452820	chr8	124443764	124444265	501
cCREs456355	chr9	21017257	21017758	501
cCREs461306	chr9	43383758	43384384	626
cCREs462154	chr9	46636338	46636839	501
cCREs462867	chr9	49452273	49452774	501
cCREs463620	chr9	52391681	52392267	586
cCREs464244	chr9	55517584	55518135	551
cCREs464685	chr9	57652860	57653361	501
cCREs466301	chr9	64349452	64349953	501
cCREs466580	chr9	65572724	65573225	501
cCREs467147	chr9	68188935	68189436	501
cCREs467487	chr9	69681786	69682297	511
cCREs468457	chr9	74148259	74148760	501
cCREs471283	chr9	88214740	88215241	501
cCREs472998	chr9	96980558	96981059	501
cCREs475251	chr9	106456652	106457153	501
cCREs475332	chr9	106884975	106885476	501
cCREs475538	chr9	107702560	107703212	652
cCREs475940	chr9	110060643	110061144	501
cCREs477444	chr9	116230583	116231088	505
cCREs479935	chrX	10828956	10829864	908
cCREs480005	chrX	11387478	11388050	572
cCREs480089	chrX	11814818	11815319	501
cCREs480129	chrX	12001117	12001856	739
cCREs481359	chrX	37858092	37858641	549
cCREs481716	chrX	41692116	41692791	675
cCREs482613	chrX	52000158	52000689	531
cCREs483115	chrX	58447565	58448112	547
cCREs483312	chrX	60657600	60658101	501
cCREs484576	chrX	77290010	77290581	571
cCREs485538	chrX	93300275	93300800	525
cCREs486597	chrX	103556577	103557363	786
cCREs489681	chrX	152688975	152689476	501
cCREs489983	chrX	157447243	157448006	763
cCREs491763	chrX	169844055	169844619	564
cCREs1240	chr1	11404316	11405133	817
cCREs1894	chr1	14472041	14472779	738
cCREs3055	chr1	21417828	21418690	862
cCREs5981	chr1	36555765	36556270	505
cCREs7238	chr1	41121556	41122477	921
cCREs7552	chr1	42705559	42706060	501
cCREs8443	chr1	47317588	47318089	501
cCREs10504	chr1	58012308	58012809	501
cCREs14594	chr1	76222185	76222721	536
cCREs14675	chr1	76604525	76605054	529
cCREs15305	chr1	79612060	79612561	501
cCREs15441	chr1	80097102	80097603	501
cCREs15955	chr1	82384028	82384529	501
cCREs18536	chr1	93068491	93069087	596
cCREs18587	chr1	93257316	93257954	638
cCREs20751	chr1	107283593	107284094	501
cCREs21992	chr1	118424038	118424594	556
cCREs22377	chr1	120112148	120112649	501
cCREs25753	chr1	134960453	134960954	501
cCREs26477	chr1	137683267	137683811	544
cCREs26732	chr1	138837759	138838692	933
cCREs29455	chr1	154119543	154120044	501
cCREs29859	chr1	155463328	155464272	944
cCREs30143	chr1	156819153	156819689	536
cCREs35135	chr1	177449827	177450328	501
cCREs39460	chr1	195132072	195132573	501
cCREs39553	chr10	3564125	3564833	708
cCREs40114	chr10	6052140	6052641	501
cCREs40615	chr10	8640558	8641308	750
cCREs40722	chr10	8950468	8951689	1221
cCREs40832	chr10	9338372	9338903	531
cCREs42862	chr10	18389907	18390408	501
cCREs44037	chr10	23519992	23520736	744
cCREs44107	chr10	23893962	23895406	1444
cCREs46891	chr10	39257015	39257516	501
cCREs47233	chr10	40496981	40497770	789
cCREs48672	chr10	46701179	46701680	501
cCREs48856	chr10	49038688	49039189	501
cCREs51363	chr10	62228114	62228615	501
cCREs52772	chr10	69043156	69043657	501
cCREs54249	chr10	75131613	75132158	545
cCREs55092	chr10	78590653	78591211	558
cCREs55372	chr10	80418247	80418809	562
cCREs56588	chr10	86307187	86307688	501
cCREs56833	chr10	87371776	87372337	561
cCREs56870	chr10	87546223	87546724	501
cCREs58582	chr10	94737302	94737803	501
cCREs59334	chr10	97497555	97498108	553
cCREs63181	chr10	115165794	115166295	501
cCREs63269	chr10	115519928	115520750	822
cCREs67608	chr11	8460570	8461071	501
cCREs71711	chr11	31221086	31221588	502
cCREs72344	chr11	33739007	33739508	501
cCREs73016	chr11	36054229	36054894	665
cCREs76380	chr11	51431639	51432432	793
cCREs79034	chr11	63439906	63440407	501
cCREs79746	chr11	66555252	66555844	592
cCREs82192	chr11	78096648	78097149	501
cCREs83552	chr11	84014775	84015330	555
cCREs84225	chr11	87677634	87678215	581
cCREs84234	chr11	87709831	87710385	554
cCREs84303	chr11	88100820	88101335	515
cCREs86263	chr11	97448700	97449201	501
cCREs86797	chr11	99969626	99970127	501
cCREs86949	chr11	100670628	100671144	516
cCREs87072	chr11	101170163	101170697	534
cCREs87810	chr11	104316657	104317407	750
cCREs87920	chr11	105123869	105124446	577
cCREs89626	chr11	112391006	112391831	825
cCREs89674	chr11	112616838	112617339	501
cCREs90569	chr11	115807919	115808420	501
cCREs91140	chr11	117925476	117926337	861
cCREs91524	chr11	119156064	119156583	519
cCREs91589	chr11	119478379	119479240	861
cCREs93917	chr12	11208708	11209270	562
cCREs95068	chr12	16244089	16244805	716
cCREs95202	chr12	16803107	16803903	796
cCREs97009	chr12	29962166	29962691	525
cCREs98314	chr12	35395241	35395889	648
cCREs99538	chr12	40988605	40989108	503
cCREs100369	chr12	45514965	45515466	501
cCREs100786	chr12	48744021	48744522	501
cCREs101860	chr12	53886134	53886635	501
cCREs103221	chr12	62615368	62615869	501
cCREs104020	chr12	68417356	68417857	501
cCREs105779	chr12	75664309	75664843	534
cCREs108260	chr12	86077818	86078319	501
cCREs109494	chr12	91965506	91966363	857
cCREs109893	chr12	94508000	94508824	824
cCREs110710	chr12	98921515	98922034	519
cCREs111670	chr12	102649045	102649843	798
cCREs112884	chr12	107937677	107938518	841
cCREs113348	chr12	109897733	109898324	591
cCREs114048	chr12	112660678	112661212	534
cCREs114855	chr12	118520149	118520923	774
cCREs116463	chr13	10530840	10531341	501
cCREs117291	chr13	15468333	15468840	507
cCREs117352	chr13	15704391	15704892	501
cCREs117667	chr13	17597462	17597963	501
cCREs120090	chr13	29772890	29773993	1103
cCREs121262	chr13	35322660	35323412	752
cCREs123868	chr13	46041248	46042013	765
cCREs124111	chr13	46979648	46980933	1285
cCREs124119	chr13	47012476	47012977	501
cCREs124320	chr13	47920726	47921507	781
cCREs124360	chr13	48106578	48107490	912
cCREs125509	chr13	53714719	53715220	501
cCREs125742	chr13	54394372	54394873	501
cCREs127552	chr13	63374404	63374940	536
cCREs128381	chr13	70158532	70159033	501
cCREs129290	chr13	75351207	75351708	501
cCREs129590	chr13	76798280	76798781	501
cCREs129926	chr13	78873348	78873906	558
cCREs131051	chr13	85542412	85542913	501
cCREs131241	chr13	88087392	88087893	501
cCREs132554	chr13	94065207	94066138	931
cCREs134354	chr13	101067290	101067895	605
cCREs137422	chr13	113387665	113388166	501
cCREs137614	chr13	113994537	113995076	539
cCREs137872	chr13	115127508	115128204	696
cCREs138587	chr13	119064255	119065179	924
cCREs139832	chr14	12201939	12202833	894
cCREs141607	chr14	21281463	21282314	851
cCREs142649	chr14	25343727	25344228	501
cCREs142938	chr14	27019746	27020284	538
cCREs143559	chr14	29308793	29309327	534
cCREs143983	chr14	30807151	30807652	501
cCREs146600	chr14	47055628	47056328	700
cCREs146760	chr14	47792414	47793088	674
cCREs146847	chr14	48137257	48137758	501
cCREs147294	chr14	51071487	51071988	501
cCREs148180	chr14	57158390	57158892	502
cCREs149057	chr14	60997460	60997973	513
cCREs149138	chr14	61291612	61292113	501
cCREs151449	chr14	71084000	71084503	503
cCREs152440	chr14	75485936	75486437	501
cCREs154259	chr14	83955071	83955572	501
cCREs155135	chr14	89187105	89187606	501
cCREs157717	chr14	104732662	104733167	505
cCREs160279	chr14	119892952	119893453	501
cCREs160995	chr14	122227359	122228023	664
cCREs161027	chr14	122374222	122375038	816
cCREs161049	chr14	122454800	122455688	888
cCREs163468	chr15	13016864	13017365	501
cCREs163497	chr15	13100333	13101186	853
cCREs169690	chr15	46696910	46697411	501
cCREs170184	chr15	50884239	50884740	501
cCREs176934	chr15	80361703	80362228	525
cCREs177556	chr15	83226065	83226568	503
cCREs178712	chr15	87641123	87641852	729
cCREs179568	chr15	91430886	91431747	861
cCREs179693	chr15	91974255	91974756	501
cCREs180128	chr15	93755933	93756987	1054
cCREs181562	chr15	99876742	99877243	501
cCREs182104	chr15	102244643	102245192	549
cCREs186854	chr16	25528250	25528751	501
cCREs188160	chr16	31434926	31435452	526
cCREs189325	chr16	36314055	36314743	688
cCREs189609	chr16	37715875	37716376	501
cCREs191736	chr16	46700332	46700841	509
cCREs191889	chr16	48037674	48038347	673
cCREs194031	chr16	59718017	59718528	511
cCREs195463	chr16	69035151	69035652	501
cCREs199544	chr16	90626230	90626751	521
cCREs200253	chr16	93421554	93422071	517
cCREs201297	chr16	97766475	97766989	514
cCREs202646	chr17	9202301	9203101	800
cCREs208322	chr17	47831096	47831646	550
cCREs208737	chr17	49634550	49635051	501
cCREs209439	chr17	53506134	53506670	536
cCREs209600	chr17	54947815	54948316	501
cCREs209880	chr17	56510944	56511445	501
cCREs210438	chr17	60695592	60696093	501
cCREs210631	chr17	62591585	62592086	501
cCREs210923	chr17	63532087	63532865	778
cCREs216433	chr17	87554326	87555030	704
cCREs218540	chr18	8887356	8887857	501
cCREs223882	chr18	34762204	34762705	501
cCREs225260	chr18	40643818	40644752	934
cCREs225507	chr18	42055232	42056213	981
cCREs226399	chr18	45943679	45944180	501
cCREs228337	chr18	54883105	54883612	507
cCREs228790	chr18	56677211	56677712	501
cCREs229033	chr18	57483829	57484993	1164
cCREs229838	chr18	60997089	60997590	501
cCREs231887	chr18	68852513	68853289	776
cCREs231923	chr18	69011189	69011690	501
cCREs232085	chr18	69523431	69523932	501
cCREs235231	chr18	82984201	82984757	556
cCREs236608	chr19	3684348	3684849	501
cCREs237943	chr19	11523093	11523594	501
cCREs238221	chr19	14402288	14402789	501
cCREs238225	chr19	14415738	14416247	509
cCREs238529	chr19	16061618	16062265	647
cCREs240627	chr19	25602017	25602518	501
cCREs240631	chr19	25615299	25615800	501
cCREs242985	chr19	36704710	36705211	501
cCREs243114	chr19	37208335	37208836	501
cCREs243557	chr19	40379917	40380475	558
cCREs244501	chr19	44817084	44817946	862
cCREs247908	chr19	59908598	59909107	509
cCREs247914	chr19	59934747	59935248	501
cCREs248273	chr2	3675420	3675936	516
cCREs249489	chr2	8442101	8442602	501
cCREs250165	chr2	12377374	12378027	653
cCREs250692	chr2	14930134	14930635	501
cCREs251258	chr2	18026557	18027058	501
cCREs251815	chr2	20735180	20735681	501
cCREs254131	chr2	31758485	31758986	501
cCREs254192	chr2	31954865	31955374	509
cCREs255470	chr2	37775742	37776501	759
cCREs255652	chr2	38512792	38513332	540
cCREs255750	chr2	38964508	38965019	511
cCREs256089	chr2	41672275	41672776	501
cCREs258428	chr2	52808218	52808719	501
cCREs259378	chr2	58374444	58374945	501
cCREs259506	chr2	58752765	58753331	566
cCREs261144	chr2	65709225	65709726	501
cCREs263409	chr2	75252702	75253364	662
cCREs264867	chr2	81036507	81037054	547
cCREs269053	chr2	105403428	105403929	501
cCREs269942	chr2	109989071	109990020	949
cCREs272304	chr2	121378845	121379346	501
cCREs273656	chr2	127522600	127523109	509
cCREs273909	chr2	128699304	128699805	501
cCREs274694	chr2	131906784	131907285	501
cCREs275994	chr2	137110408	137110909	501
cCREs276177	chr2	138041673	138042555	882
cCREs282450	chr2	165558837	165559361	524
cCREs282832	chr2	166784883	166785440	557
cCREs283437	chr2	169093999	169094793	794
cCREs284181	chr2	172552846	172553347	501
cCREs284183	chr2	172558596	172559097	501
cCREs284227	chr2	172845483	172846717	1234
cCREs284342	chr2	173276971	173277472	501
cCREs285062	chr2	179333063	179333564	501
cCREs289234	chr3	27086897	27087430	533
cCREs289488	chr3	28016664	28017379	715
cCREs289548	chr3	28268062	28268563	501
cCREs289918	chr3	29661115	29661821	706
cCREs292070	chr3	39249085	39249781	696
cCREs294357	chr3	52697306	52698139	833
cCREs295095	chr3	55322941	55323442	501
cCREs297200	chr3	65663293	65663794	501
cCREs300055	chr3	81478942	81479458	516
cCREs305543	chr3	107787309	107788241	932
cCREs307719	chr3	119575452	119576276	824
cCREs313367	chr3	144555058	144555590	532
cCREs313741	chr3	146125572	146126168	596
cCREs314502	chr3	149306269	149306770	501
cCREs315681	chr3	154173577	154174140	563
cCREs317143	chr4	4720303	4720804	501
cCREs317938	chr4	8800437	8800938	501
cCREs318654	chr4	12356947	12357720	773
cCREs319141	chr4	14646201	14646937	736
cCREs320037	chr4	20225938	20226439	501
cCREs323041	chr4	38500147	38500869	722
cCREs323143	chr4	39538477	39538978	501
cCREs323144	chr4	39539226	39539727	501
cCREs323760	chr4	43060202	43060740	538
cCREs325935	chr4	53311639	53312142	503
cCREs326569	chr4	55887477	55888725	1248
cCREs327418	chr4	59374047	59375038	991
cCREs328908	chr4	68062471	68062972	501
cCREs331169	chr4	82452779	82453685	906
cCREs331534	chr4	83975963	83976495	532
cCREs332574	chr4	88355810	88356311	501
cCREs333663	chr4	95610551	95611061	510
cCREs334743	chr4	100782204	100782747	543
cCREs335982	chr4	105328063	105328575	512
cCREs336682	chr4	108064330	108064831	501
cCREs336902	chr4	109236175	109236913	738
cCREs337537	chr4	114897785	114898300	515
cCREs337941	chr4	117551582	117552083	501
cCREs338365	chr4	119727032	119727555	523
cCREs338873	chr4	123243796	123244297	501
cCREs339668	chr4	126744843	126745361	518
cCREs339804	chr4	127426353	127426854	501
cCREs341825	chr4	135943324	135943876	552
cCREs341845	chr4	136048961	136049882	921
cCREs341855	chr4	136101006	136101507	501
cCREs342636	chr4	139078275	139078788	513
cCREs343844	chr4	145280936	145281437	501
cCREs344628	chr4	150724695	150725472	777
cCREs344758	chr4	151202803	151203304	501
cCREs345517	chr4	154226620	154227185	565
cCREs345585	chr4	154512521	154513022	501
cCREs345945	chr4	156181374	156181875	501
cCREs346777	chr5	7741995	7742879	884
cCREs347276	chr5	10417601	10418277	676
cCREs349373	chr5	22904254	22904755	501
cCREs351590	chr5	34002483	34003016	533
cCREs352836	chr5	38490640	38491144	504
cCREs353216	chr5	39981370	39981900	530
cCREs356121	chr5	53427321	53427921	600
cCREs357950	chr5	64932153	64932674	521
cCREs359971	chr5	74062749	74063515	766
cCREs360755	chr5	77167583	77168084	501
cCREs363361	chr5	92736587	92737088	501
cCREs363415	chr5	92927600	92928269	669
cCREs364712	chr5	101323069	101323814	745
cCREs365673	chr5	105906183	105906833	650
cCREs366385	chr5	110878139	110878640	501
cCREs367555	chr5	115168583	115169084	501
cCREs371672	chr5	132301835	132302336	501
cCREs371780	chr5	132825933	132826528	595
cCREs373347	chr5	140621468	140621969	501
cCREs373845	chr5	142764358	142764859	501
cCREs374158	chr5	144263049	144263951	902
cCREs375040	chr5	149003127	149003628	501
cCREs375683	chr6	3177726	3178631	905
cCREs380621	chr6	29898728	29899229	501
cCREs381496	chr6	33253180	33253681	501
cCREs381955	chr6	34963829	34964330	501
cCREs382860	chr6	38769195	38769696	501
cCREs386338	chr6	54975597	54976098	501
cCREs387882	chr6	64269683	64270250	567
cCREs388113	chr6	65571831	65572332	501
cCREs388826	chr6	71082061	71082562	501
cCREs389249	chr6	72787813	72788728	915
cCREs392251	chr6	88193346	88193847	501
cCREs393017	chr6	91222597	91223451	854
cCREs393071	chr6	91408593	91409094	501
cCREs393544	chr6	93120435	93120936	501
cCREs393622	chr6	93422907	93423408	501
cCREs396474	chr6	104990302	104990803	501
cCREs396475	chr6	104990997	104991498	501
cCREs396561	chr6	105551938	105552686	748
cCREs397488	chr6	109443930	109444431	501
cCREs399394	chr6	117441335	117442152	817
cCREs401017	chr6	125838027	125838563	536
cCREs402372	chr6	135204464	135205004	540
cCREs402936	chr6	137138612	137139113	501
cCREs403003	chr6	137330931	137331432	501
cCREs403914	chr6	140966928	140967543	615
cCREs405860	chr6	149133732	149134262	530
cCREs405861	chr6	149134286	149134847	561
cCREs406265	chr7	6814576	6815407	831
cCREs408427	chr7	36268909	36269746	837
cCREs408597	chr7	37333381	37333882	501
cCREs411907	chr7	63703686	63704187	501
cCREs412445	chr7	65822177	65823103	926
cCREs413414	chr7	70643882	70644494	612
cCREs415266	chr7	79278423	79279268	845
cCREs415369	chr7	79548746	79549465	719
cCREs416057	chr7	82667744	82668268	524
cCREs417589	chr7	92268351	92268907	556
cCREs418152	chr7	96002441	96002942	501
cCREs418364	chr7	96687110	96687611	501
cCREs418366	chr7	96689772	96690273	501
cCREs418593	chr7	97567179	97567935	756
cCREs420919	chr7	111834258	111835016	758
cCREs420976	chr7	112125738	112126402	664
cCREs421967	chr7	116467427	116468066	639
cCREs423042	chr7	121335346	121336198	852
cCREs427889	chr7	144246181	144246710	529
cCREs430214	chr8	13482076	13482592	516
cCREs431641	chr8	22511830	22512331	501
cCREs435265	chr8	38981862	38982637	775
cCREs435479	chr8	40298812	40299419	607
cCREs436189	chr8	44600627	44601304	677
cCREs437226	chr8	48549896	48550397	501
cCREs437527	chr8	50039496	50039997	501
cCREs437703	chr8	51145262	51145763	501
cCREs438086	chr8	54442221	54443053	832
cCREs440728	chr8	68775773	68776291	518
cCREs441028	chr8	70406899	70407409	510
cCREs445515	chr8	92008769	92009871	1102
cCREs445654	chr8	92858700	92859201	501
cCREs446120	chr8	94768640	94769141	501
cCREs446159	chr8	94875021	94875522	501
cCREs446299	chr8	95466505	95467008	503
cCREs446664	chr8	97395208	97395872	664
cCREs447937	chr8	104149583	104150310	727
cCREs449341	chr8	110718302	110718878	576
cCREs450811	chr8	117123480	117124006	526
cCREs451099	chr8	118257450	118258224	774
cCREs452872	chr8	124615124	124615625	501
cCREs454623	chr9	8677279	8677780	501
cCREs458082	chr9	28530596	28531097	501
cCREs458083	chr9	28531104	28531605	501
cCREs458215	chr9	28945761	28946451	690
cCREs458486	chr9	29765012	29765513	501
cCREs459729	chr9	35041005	35041928	923
cCREs460710	chr9	41368735	41369440	705
cCREs461279	chr9	43270049	43270550	501
cCREs465504	chr9	61095267	61095768	501
cCREs465684	chr9	61845869	61846373	504
cCREs467315	chr9	68965890	68966391	501
cCREs467531	chr9	70049043	70049916	873
cCREs468124	chr9	72652871	72653456	585
cCREs468832	chr9	75789807	75790308	501
cCREs469159	chr9	77495710	77496211	501
cCREs470595	chr9	84837333	84837834	501
cCREs471958	chr9	92499097	92499598	501
cCREs476653	chr9	113058845	113059930	1085
cCREs476864	chr9	113826505	113827074	569
cCREs480018	chrX	11451173	11451995	822
cCREs480044	chrX	11561405	11561932	527
cCREs480859	chrX	19906321	19907438	1117
cCREs482245	chrX	48310789	48311600	811
cCREs484970	chrX	84599153	84599654	501
cCREs485849	chrX	96759433	96759934	501
cCREs486757	chrX	105100369	105100870	501
cCREs488543	chrX	139295000	139295726	726
cCREs489612	chrX	151999326	151999827	501
cCREs489658	chrX	152366397	152366898	501
cCREs490872	chrX	163867046	163867585	539
cCREs490931	chrX	164264705	164265206	501
cCREs491635	chrX	168868227	168869081	854
cCREs6705	chr1	39191741	39192242	501
cCREs6909	chr1	39864392	39864918	526
cCREs11250	chr1	61531436	61531937	501
cCREs20588	chr1	106464671	106465233	562
cCREs36936	chr1	185098941	185099442	501
cCREs50162	chr10	56898707	56899208	501
cCREs72037	chr11	32383201	32383702	501
cCREs72236	chr11	33115277	33116163	886
cCREs80244	chr11	68405097	68405598	501
cCREs89745	chr11	112953427	112953934	507
cCREs90607	chr11	115958818	115959487	669
cCREs94281	chr12	12580760	12582091	1331
cCREs101154	chr12	50926152	50926653	501
cCREs113339	chr12	109848282	109848871	589
cCREs113361	chr12	109956627	109957128	501
cCREs113424	chr12	110275941	110276442	501
cCREs113729	chr12	111500126	111500627	501
cCREs126107	chr13	56115349	56116327	978
cCREs128810	chr13	72352471	72353033	562
cCREs133351	chr13	97248635	97249136	501
cCREs134109	chr13	99699589	99700205	616
cCREs139456	chr14	10851787	10852375	588
cCREs141681	chr14	21581108	21581675	567
cCREs150312	chr14	65922068	65922569	501
cCREs151238	chr14	70260692	70261306	614
cCREs152784	chr14	76693670	76694446	776
cCREs175616	chr15	74669295	74669796	501
cCREs176412	chr15	78409585	78410086	501
cCREs177294	chr15	81927666	81928203	537
cCREs177952	chr15	84641889	84642390	501
cCREs178291	chr15	86029815	86030316	501
cCREs185483	chr16	18462493	18463051	558
cCREs187158	chr16	27056398	27057296	898
cCREs194698	chr16	64135716	64136558	842
cCREs204433	chr17	24529086	24529587	501
cCREs204676	chr17	25646015	25646516	501
cCREs207894	chr17	45805702	45806229	527
cCREs212717	chr17	70847770	70848271	501
cCREs223189	chr18	31754933	31755434	501
cCREs234573	chr18	80271408	80271915	507
cCREs235610	chr18	84722910	84723411	501
cCREs237334	chr19	7294814	7295970	1156
cCREs238397	chr19	15321188	15321689	501
cCREs238825	chr19	17362479	17363225	746
cCREs239844	chr19	22692017	22693010	993
cCREs253124	chr2	27719490	27720087	597
cCREs255120	chr2	35485150	35485651	501
cCREs259739	chr2	59552413	59553212	799
cCREs274759	chr2	132103170	132103676	506
cCREs274765	chr2	132122849	132123566	717
cCREs282493	chr2	165693161	165693730	569
cCREs282496	chr2	165700158	165700702	544
cCREs307007	chr3	116374904	116375899	995
cCREs325929	chr4	53284007	53284508	501
cCREs327756	chr4	62682266	62682833	567
cCREs328216	chr4	64556624	64557686	1062
cCREs333156	chr4	92265801	92266302	501
cCREs334033	chr4	97761154	97761655	501
cCREs334244	chr4	98509910	98510445	535
cCREs334785	chr4	100911604	100912115	511
cCREs335214	chr4	102555483	102556349	866
cCREs335311	chr4	102841976	102842477	501
cCREs335404	chr4	103241346	103242169	823
cCREs336666	chr4	108015022	108015872	850
cCREs342026	chr4	136833952	136834453	501
cCREs342259	chr4	137768832	137769333	501
cCREs344028	chr4	148436531	148437032	501
cCREs344368	chr4	149793096	149794470	1374
cCREs345608	chr4	154574825	154575386	561
cCREs345833	chr4	155472745	155473246	501
cCREs358278	chr5	66341560	66342061	501
cCREs360518	chr5	76135561	76136062	501
cCREs365270	chr5	103749672	103750173	501
cCREs372334	chr5	135694998	135695931	933
cCREs373359	chr5	140651304	140651805	501
cCREs373426	chr5	140826645	140827146	501
cCREs392869	chr6	90795675	90796241	566
cCREs400944	chr6	125497995	125498582	587
cCREs402272	chr6	134773864	134774399	535
cCREs406076	chr7	4513184	4513734	550
cCREs408606	chr7	37363700	37364214	514
cCREs408784	chr7	38085773	38086305	532
cCREs412560	chr7	66280473	66281124	651
cCREs427287	chr7	141169304	141169805	501
cCREs428161	chr8	3216645	3217146	501
cCREs434690	chr8	36151486	36152573	1087
cCREs443762	chr8	84200031	84200532	501
cCREs445882	chr8	93921279	93921780	501
cCREs448893	chr8	108717424	108717962	538
cCREs448896	chr8	108726446	108726972	526
cCREs461975	chr9	45957544	45958561	1017
cCREs466575	chr9	65554686	65555637	951
cCREs466897	chr9	67102458	67103311	853
cCREs467579	chr9	70208099	70208696	597
cCREs473767	chr9	100430865	100431366	501
cCREs475183	chr9	106279152	106279653	501
cCREs478817	chr9	121655696	121656378	682
cCREs483068	chrX	57921192	57921703	511
cCREs483080	chrX	58032096	58032650	554
cCREs485655	chrX	94182151	94182652	501
cCREs486624	chrX	103712674	103713725	1051
cCREs490138	chrX	158703136	158704279	1143
cCREs212	chr1	4451117	4451618	501
cCREs217	chr1	4496291	4496792	501
cCREs218	chr1	4497230	4497731	501
cCREs219	chr1	4518147	4518851	704
cCREs227	chr1	4602227	4602728	501
cCREs230	chr1	4617488	4617989	501
cCREs233	chr1	4640970	4641471	501
cCREs234	chr1	4653625	4654574	949
cCREs236	chr1	4669660	4670161	501
cCREs244	chr1	4739244	4739969	725
cCREs248	chr1	4760438	4761175	737
cCREs494	chr1	6496519	6497020	501
cCREs576	chr1	7076438	7076939	501
cCREs579	chr1	7100515	7101016	501
cCREs914	chr1	9726083	9726584	501
cCREs1143	chr1	10941600	10942101	501
cCREs1203	chr1	11210544	11211225	681
cCREs1679	chr1	13386685	13387186	501
cCREs2158	chr1	15876697	15877570	873
cCREs2168	chr1	15908575	15909076	501
cCREs2967	chr1	20994369	20994870	501
cCREs2980	chr1	21023037	21023538	501
cCREs3521	chr1	23200334	23200835	501
cCREs3544	chr1	23323242	23323743	501
cCREs3851	chr1	24695653	24696154	501
cCREs5466	chr1	34310527	34311297	770
cCREs5484	chr1	34392215	34392716	501
cCREs6046	chr1	36761487	36762096	609
cCREs6057	chr1	36799176	36799677	501
cCREs6122	chr1	37041900	37042401	501
cCREs6192	chr1	37324447	37325034	587
cCREs6845	chr1	39605684	39606204	520
cCREs7007	chr1	40124195	40124696	501
cCREs7028	chr1	40216433	40216934	501
cCREs7048	chr1	40273444	40273945	501
cCREs7121	chr1	40614930	40615431	501
cCREs7134	chr1	40650999	40651610	611
cCREs8182	chr1	45841802	45842303	501
cCREs8185	chr1	45855852	45856392	540
cCREs8205	chr1	45913189	45913690	501
cCREs8358	chr1	46925512	46926263	751
cCREs8711	chr1	49955301	49955802	501
cCREs8893	chr1	51136734	51137235	501
cCREs9086	chr1	51762044	51762545	501
cCREs9623	chr1	54017607	54018108	501
cCREs10674	chr1	58797347	58797848	501
cCREs10878	chr1	59817609	59818110	501
cCREs10920	chr1	60028787	60029288	501
cCREs11658	chr1	63210071	63210588	517
cCREs11893	chr1	64146027	64146528	501
cCREs13324	chr1	71221382	71222041	659
cCREs13430	chr1	71640879	71641599	720
cCREs13442	chr1	71681226	71681775	549
cCREs13448	chr1	71701234	71701769	535
cCREs13460	chr1	71756517	71757072	555
cCREs13514	chr1	71956928	71957517	589
cCREs14043	chr1	73927600	73928101	501
cCREs14055	chr1	73946708	73947209	501
cCREs14079	chr1	74013448	74013949	501
cCREs14104	chr1	74082788	74083291	503
cCREs14176	chr1	74314696	74315197	501
cCREs14179	chr1	74331193	74331694	501
cCREs14181	chr1	74334935	74335436	501
cCREs14195	chr1	74364158	74364733	575
cCREs14853	chr1	77441948	77442449	501
cCREs15018	chr1	78355084	78355641	557
cCREs15032	chr1	78412444	78413194	750
cCREs15080	chr1	78600820	78601321	501
cCREs15081	chr1	78601881	78602400	519
cCREs15089	chr1	78624462	78625294	832
cCREs15466	chr1	80218208	80218709	501
cCREs16028	chr1	82771317	82771818	501
cCREs16078	chr1	82973890	82974841	951
cCREs16090	chr1	83035673	83036174	501
cCREs16677	chr1	85988973	85989506	533
cCREs16678	chr1	85989830	85990331	501
cCREs16702	chr1	86114113	86114614	501
cCREs17359	chr1	88907276	88907777	501
cCREs17364	chr1	88917515	88918016	501
cCREs17400	chr1	89042072	89042872	800
cCREs17424	chr1	89124025	89124564	539
cCREs17431	chr1	89140093	89140594	501
cCREs17434	chr1	89152522	89153023	501
cCREs17671	chr1	89999847	90000348	501
cCREs17703	chr1	90126743	90127524	781
cCREs17818	chr1	90490334	90490835	501
cCREs18167	chr1	91781114	91781749	635
cCREs18582	chr1	93245855	93246913	1058
cCREs18586	chr1	93256424	93256972	548
cCREs18661	chr1	93680008	93680592	584
cCREs18892	chr1	95436673	95437561	888
cCREs18942	chr1	95661018	95661519	501
cCREs18950	chr1	95735422	95735923	501
cCREs20284	chr1	105199210	105199711	501
cCREs20293	chr1	105233259	105233760	501
cCREs20326	chr1	105362190	105363165	975
cCREs20405	chr1	105784492	105784993	501
cCREs20406	chr1	105785153	105785654	501
cCREs20485	chr1	106077074	106077575	501
cCREs20517	chr1	106219423	106219924	501
cCREs20611	chr1	106568022	106568523	501
cCREs22191	chr1	119305135	119305866	731
cCREs22216	chr1	119437389	119437890	501
cCREs22246	chr1	119508409	119509008	599
cCREs23602	chr1	126403884	126404385	501
cCREs23615	chr1	126443378	126444377	999
cCREs24360	chr1	129496104	129496605	501
cCREs24806	chr1	131450595	131451096	501
cCREs24947	chr1	132038775	132039276	501
cCREs25276	chr1	133073130	133073631	501
cCREs25322	chr1	133228914	133229529	615
cCREs25381	chr1	133400327	133400828	501
cCREs25524	chr1	134055043	134055544	501
cCREs25977	chr1	135690574	135691075	501
cCREs25989	chr1	135730286	135730838	552
cCREs26217	chr1	136493900	136494401	501
cCREs26277	chr1	136694883	136695384	501
cCREs26310	chr1	136824003	136824504	501
cCREs26463	chr1	137620605	137621106	501
cCREs26539	chr1	137923715	137924216	501
cCREs27028	chr1	140658104	140658605	501
cCREs27472	chr1	143666663	143667164	501
cCREs28377	chr1	150006876	150007426	550
cCREs28379	chr1	150015180	150015681	501
cCREs28456	chr1	150487898	150488434	536
cCREs28459	chr1	150492731	150493232	501
cCREs28567	chr1	150981251	150981752	501
cCREs29012	chr1	152590212	152590780	568
cCREs29279	chr1	153476735	153477696	961
cCREs29428	chr1	154027164	154027665	501
cCREs29429	chr1	154029502	154030003	501
cCREs29564	chr1	154578643	154579144	501
cCREs29852	chr1	155439564	155440256	692
cCREs29931	chr1	155805620	155806121	501
cCREs30059	chr1	156546887	156547388	501
cCREs31451	chr1	162139512	162140013	501
cCREs31576	chr1	162579546	162580047	501
cCREs31637	chr1	162866286	162866787	501
cCREs31644	chr1	162898285	162898786	501
cCREs32326	chr1	165652348	165653053	705
cCREs32385	chr1	165855801	165856302	501
cCREs32386	chr1	165860341	165860842	501
cCREs32952	chr1	168189690	168190250	560
cCREs32968	chr1	168231995	168232911	916
cCREs33007	chr1	168339619	168340471	852
cCREs33449	chr1	170182665	170183176	511
cCREs33744	chr1	171169873	171170374	501
cCREs33748	chr1	171184236	171184737	501
cCREs33780	chr1	171285176	171285677	501
cCREs33813	chr1	171446703	171447306	603
cCREs34065	chr1	172510495	172511197	702
cCREs34104	chr1	172655235	172655736	501
cCREs34113	chr1	172711297	172711804	507
cCREs34131	chr1	172828922	172829423	501
cCREs34258	chr1	173599085	173599586	501
cCREs35164	chr1	177531816	177532317	501
cCREs35756	chr1	180277516	180278017	501
cCREs35781	chr1	180350673	180351174	501
cCREs35904	chr1	180824640	180825141	501
cCREs36304	chr1	182500099	182500718	619
cCREs36458	chr1	183040682	183041589	907
cCREs36500	chr1	183164477	183165427	950
cCREs36504	chr1	183179728	183180229	501
cCREs36829	chr1	184734833	184735684	851
cCREs36860	chr1	184862591	184863092	501
cCREs36861	chr1	184864287	184864860	573
cCREs37198	chr1	186224196	186224697	501
cCREs37243	chr1	186386351	186386852	501
cCREs37307	chr1	186652125	186652626	501
cCREs37345	chr1	186780768	186781269	501
cCREs37718	chr1	188659110	188659611	501
cCREs37721	chr1	188670897	188671398	501
cCREs37973	chr1	189602294	189602795	501
cCREs37988	chr1	189648448	189648949	501
cCREs38003	chr1	189708503	189709506	1003
cCREs38019	chr1	189764171	189764672	501
cCREs38023	chr1	189769814	189770530	716
cCREs38046	chr1	189849485	189849986	501
cCREs38527	chr1	191903449	191904227	778
cCREs38534	chr1	191932045	191932688	643
cCREs38535	chr1	191946130	191946631	501
cCREs38537	chr1	191948589	191949090	501
cCREs38561	chr1	192074635	192075136	501
cCREs39320	chr1	194645830	194646331	501
cCREs39419	chr1	194955688	194956189	501
cCREs39420	chr1	194957108	194957609	501
cCREs39561	chr10	3630592	3631249	657
cCREs39569	chr10	3652457	3653031	574
cCREs39592	chr10	3758281	3758782	501
cCREs39595	chr10	3763098	3763692	594
cCREs39603	chr10	3813429	3813930	501
cCREs39634	chr10	3892283	3892784	501
cCREs39691	chr10	4123311	4123812	501
cCREs39718	chr10	4254636	4255447	811
cCREs40024	chr10	5593337	5593838	501
cCREs40026	chr10	5596914	5597415	501
cCREs40313	chr10	7140283	7140832	549
cCREs40316	chr10	7153547	7154048	501
cCREs40327	chr10	7187794	7188352	558
cCREs40673	chr10	8834998	8835499	501
cCREs41642	chr10	12640828	12641329	501
cCREs41677	chr10	12781477	12782251	774
cCREs41685	chr10	12798207	12798708	501
cCREs41692	chr10	12809530	12810031	501
cCREs41887	chr10	13520202	13520703	501
cCREs42737	chr10	17835374	17835875	501
cCREs42818	chr10	18191291	18192291	1000
cCREs42858	chr10	18384687	18385188	501
cCREs42876	chr10	18430106	18430607	501
cCREs42880	chr10	18444278	18444779	501
cCREs43068	chr10	19111512	19112219	707
cCREs43069	chr10	19115862	19116363	501
cCREs43072	chr10	19123606	19124107	501
cCREs43084	chr10	19191586	19192588	1002
cCREs43285	chr10	20140572	20141073	501
cCREs43365	chr10	20479471	20479972	501
cCREs43397	chr10	20550731	20551232	501
cCREs43894	chr10	22705303	22706250	947
cCREs43905	chr10	22751728	22752229	501
cCREs45186	chr10	28449762	28450371	609
cCREs45394	chr10	29507884	29508661	777
cCREs45699	chr10	31384831	31385684	853
cCREs45700	chr10	31386906	31387461	555
cCREs45795	chr10	31956984	31957485	501
cCREs45796	chr10	31957494	31957995	501
cCREs46828	chr10	38980833	38981522	689
cCREs46829	chr10	38983407	38983908	501
cCREs47095	chr10	39975595	39976096	501
cCREs47240	chr10	40527527	40528052	525
cCREs47560	chr10	41847713	41848465	752
cCREs47675	chr10	42242364	42242865	501
cCREs47699	chr10	42300845	42301346	501
cCREs47731	chr10	42454174	42454675	501
cCREs47736	chr10	42468716	42469217	501
cCREs47737	chr10	42476701	42477202	501
cCREs47877	chr10	43037174	43037675	501
cCREs48226	chr10	44482721	44483562	841
cCREs48231	chr10	44502900	44503401	501
cCREs50106	chr10	56599088	56599589	501
cCREs50107	chr10	56599859	56600401	542
cCREs50114	chr10	56682835	56683336	501
cCREs50130	chr10	56790279	56790780	501
cCREs50795	chr10	59932426	59933019	593
cCREs50800	chr10	59947548	59948097	549
cCREs50810	chr10	59972466	59972967	501
cCREs50853	chr10	60101625	60102747	1122
cCREs50989	chr10	60670052	60670711	659
cCREs51451	chr10	62664867	62665734	867
cCREs51512	chr10	63057241	63057743	502
cCREs51513	chr10	63060332	63060833	501
cCREs52816	chr10	69248277	69248990	713
cCREs52823	chr10	69265441	69265942	501
cCREs52828	chr10	69275819	69276571	752
cCREs53154	chr10	70212529	70213030	501
cCREs53157	chr10	70222958	70223459	501
cCREs53167	chr10	70250081	70250582	501
cCREs53168	chr10	70250726	70251384	658
cCREs53178	chr10	70286408	70286909	501
cCREs53208	chr10	70386938	70387439	501
cCREs54279	chr10	75240514	75241015	501
cCREs54301	chr10	75314602	75315103	501
cCREs54337	chr10	75446294	75446795	501
cCREs54671	chr10	76905764	76906265	501
cCREs54711	chr10	77078680	77079181	501
cCREs55175	chr10	79699674	79700296	622
cCREs55176	chr10	79701352	79702007	655
cCREs55198	chr10	79805674	79806175	501
cCREs55199	chr10	79806947	79807448	501
cCREs55209	chr10	79851388	79851889	501
cCREs55264	chr10	80035107	80035608	501
cCREs55525	chr10	81009424	81009925	501
cCREs55653	chr10	81499452	81499953	501
cCREs55656	chr10	81510112	81510613	501
cCREs55771	chr10	82990929	82991737	808
cCREs55979	chr10	83859601	83860129	528
cCREs56115	chr10	84403360	84403861	501
cCREs56187	chr10	84665662	84666163	501
cCREs56461	chr10	85823740	85824522	782
cCREs56531	chr10	86138911	86139754	843
cCREs57736	chr10	91156268	91156769	501
cCREs58215	chr10	93301806	93302307	501
cCREs58221	chr10	93317027	93317528	501
cCREs58222	chr10	93319327	93319949	622
cCREs58223	chr10	93320104	93320605	501
cCREs58241	chr10	93376352	93376853	501
cCREs58249	chr10	93429432	93429933	501
cCREs58374	chr10	94000172	94000673	501
cCREs58498	chr10	94432861	94433362	501
cCREs58548	chr10	94574651	94575528	877
cCREs58551	chr10	94583623	94584354	731
cCREs58575	chr10	94703268	94703769	501
cCREs58707	chr10	95112000	95112805	805
cCREs58768	chr10	95256696	95257197	501
cCREs58833	chr10	95465507	95466091	584
cCREs59082	chr10	96392780	96393281	501
cCREs59172	chr10	96753482	96753983	501
cCREs59221	chr10	96971741	96972242	501
cCREs59540	chr10	98557748	98558249	501
cCREs59774	chr10	99274579	99275080	501
cCREs59779	chr10	99293175	99293701	526
cCREs59923	chr10	99747842	99748343	501
cCREs59924	chr10	99748596	99749097	501
cCREs59962	chr10	99902763	99903264	501
cCREs59990	chr10	100017408	100017909	501
cCREs60011	chr10	100076358	100076895	537
cCREs60034	chr10	100164525	100165026	501
cCREs60446	chr10	102513940	102514441	501
cCREs60450	chr10	102521847	102522348	501
cCREs60486	chr10	102712194	102712695	501
cCREs60703	chr10	104489263	104489764	501
cCREs60726	chr10	104705409	104705910	501
cCREs60728	chr10	104712240	104713174	934
cCREs60869	chr10	105451379	105451880	501
cCREs60898	chr10	105514157	105514658	501
cCREs60907	chr10	105534758	105535295	537
cCREs60909	chr10	105538929	105539430	501
cCREs60925	chr10	105579209	105579909	700
cCREs60944	chr10	105685405	105686222	817
cCREs61079	chr10	106417104	106417705	601
cCREs62204	chr10	110752806	110753307	501
cCREs62219	chr10	110822372	110822873	501
cCREs62357	chr10	111272853	111273354	501
cCREs62507	chr10	111795699	111796214	515
cCREs62571	chr10	111982811	111983312	501
cCREs63412	chr10	116200727	116201228	501
cCREs63415	chr10	116205546	116206047	501
cCREs63416	chr10	116206435	116206936	501
cCREs63419	chr10	116212123	116212624	501
cCREs63423	chr10	116220730	116221231	501
cCREs63428	chr10	116243349	116243850	501
cCREs63431	chr10	116253904	116254405	501
cCREs63441	chr10	116288102	116288603	501
cCREs63447	chr10	116307144	116307645	501
cCREs64470	chr10	120384761	120385262	501
cCREs64658	chr10	121394909	121395410	501
cCREs64670	chr10	121439197	121439746	549
cCREs64673	chr10	121445663	121446164	501
cCREs64678	chr10	121464839	121465340	501
cCREs64689	chr10	121497862	121498363	501
cCREs64778	chr10	121849443	121849944	501
cCREs65105	chr10	123086796	123087297	501
cCREs65922	chr10	127181490	127181991	501
cCREs66115	chr10	127951766	127952267	501
cCREs66129	chr10	128039119	128039629	510
cCREs66175	chr10	128282893	128283394	501
cCREs66230	chr10	128503808	128505120	1312
cCREs66413	chr11	3132169	3132670	501
cCREs66416	chr11	3138238	3138739	501
cCREs66418	chr11	3141572	3142073	501
cCREs66436	chr11	3176323	3176824	501
cCREs66437	chr11	3176946	3177447	501
cCREs66460	chr11	3335485	3336231	746
cCREs66495	chr11	3462690	3463191	501
cCREs66496	chr11	3468326	3468827	501
cCREs66533	chr11	3580651	3581152	501
cCREs66776	chr11	4675830	4676331	501
cCREs66879	chr11	5054878	5055379	501
cCREs66974	chr11	5402237	5402738	501
cCREs67242	chr11	6675428	6675929	501
cCREs67554	chr11	8199222	8200095	873
cCREs67557	chr11	8210238	8210739	501
cCREs68187	chr11	11836670	11837199	529
cCREs69621	chr11	20241120	20241621	501
cCREs70101	chr11	22657533	22658034	501
cCREs71517	chr11	30139340	30139841	501
cCREs71696	chr11	31085114	31085615	501
cCREs71804	chr11	31699437	31699938	501
cCREs71813	chr11	31727051	31727729	678
cCREs72154	chr11	32746180	32746969	789
cCREs72219	chr11	33048328	33048962	634
cCREs72732	chr11	35239797	35240298	501
cCREs73389	chr11	37238855	37239356	501
cCREs73947	chr11	40747564	40748065	501
cCREs74536	chr11	43383519	43384370	851
cCREs74588	chr11	43562888	43563389	501
cCREs74799	chr11	44364308	44365051	743
cCREs74885	chr11	44675303	44675804	501
cCREs74901	chr11	44716841	44717342	501
cCREs74916	chr11	44793378	44793879	501
cCREs74951	chr11	44938506	44939008	502
cCREs75122	chr11	45862998	45863786	788
cCREs75363	chr11	46710262	46710763	501
cCREs75951	chr11	49613243	49613744	501
cCREs75956	chr11	49632221	49632722	501
cCREs76126	chr11	50219738	50220338	600
cCREs76305	chr11	50964801	50965437	636
cCREs76441	chr11	51662661	51663484	823
cCREs76492	chr11	51922351	51922852	501
cCREs76578	chr11	52318389	52318890	501
cCREs76842	chr11	53450260	53450761	501
cCREs76845	chr11	53462630	53463131	501
cCREs76923	chr11	53788156	53788695	539
cCREs76929	chr11	53799137	53799638	501
cCREs76952	chr11	53871915	53872493	578
cCREs77228	chr11	55226821	55227322	501
cCREs77839	chr11	57688063	57689027	964
cCREs77941	chr11	58181064	58181965	901
cCREs77955	chr11	58223755	58224256	501
cCREs78285	chr11	59952894	59953395	501
cCREs78287	chr11	59956684	59957270	586
cCREs78415	chr11	60360451	60361361	910
cCREs78670	chr11	61600852	61602017	1165
cCREs78900	chr11	62821919	62822420	501
cCREs78901	chr11	62826188	62826789	601
cCREs78970	chr11	63128717	63129709	992
cCREs79132	chr11	63956640	63957141	501
cCREs79457	chr11	65377748	65378249	501
cCREs80274	chr11	68553616	68554582	966
cCREs80277	chr11	68561851	68562381	530
cCREs80315	chr11	68727313	68727814	501
cCREs80362	chr11	68854019	68854520	501
cCREs80381	chr11	68956678	68957179	501
cCREs80505	chr11	69541118	69541807	689
cCREs80648	chr11	70223705	70224206	501
cCREs80927	chr11	71747523	71748254	731
cCREs81285	chr11	73171717	73172668	951
cCREs81422	chr11	74747839	74748722	883
cCREs81499	chr11	75148288	75149194	906
cCREs81645	chr11	75634784	75635761	977
cCREs81651	chr11	75649070	75649571	501
cCREs81810	chr11	76303313	76303814	501
cCREs81818	chr11	76326624	76327185	561
cCREs82068	chr11	77497244	77497745	501
cCREs82368	chr11	78924119	78924826	707
cCREs82445	chr11	79194514	79195015	501
cCREs82791	chr11	80802641	80803191	550
cCREs82792	chr11	80808815	80809386	571
cCREs83362	chr11	82948980	82949481	501
cCREs83389	chr11	83190998	83191499	501
cCREs83724	chr11	84956139	84956640	501
cCREs83731	chr11	84974548	84975049	501
cCREs83896	chr11	85896265	85896965	700
cCREs83993	chr11	86575573	86576074	501
cCREs84010	chr11	86635251	86635778	527
cCREs84043	chr11	86828365	86828866	501
cCREs84095	chr11	87015658	87016159	501
cCREs84125	chr11	87216187	87216688	501
cCREs84510	chr11	88682095	88682596	501
cCREs84555	chr11	88897524	88898025	501
cCREs84592	chr11	89067346	89067908	562
cCREs84667	chr11	89459386	89460423	1037
cCREs84851	chr11	90182328	90182829	501
cCREs84917	chr11	90372552	90373053	501
cCREs84921	chr11	90379732	90380233	501
cCREs85556	chr11	93974226	93974727	501
cCREs85577	chr11	94070238	94070739	501
cCREs85600	chr11	94158459	94159006	547
cCREs85609	chr11	94183686	94184187	501
cCREs85813	chr11	95088793	95089294	501
cCREs85819	chr11	95104215	95104716	501
cCREs85881	chr11	95393069	95393946	877
cCREs85984	chr11	95789105	95789863	758
cCREs86162	chr11	97000764	97001265	501
cCREs86250	chr11	97412040	97412541	501
cCREs86514	chr11	98448232	98448733	501
cCREs86524	chr11	98497423	98497924	501
cCREs86579	chr11	98776757	98777275	518
cCREs86689	chr11	99162907	99163497	590
cCREs87037	chr11	101039783	101040313	530
cCREs87118	chr11	101330177	101331013	836
cCREs87139	chr11	101464177	101464678	501
cCREs87184	chr11	101679892	101680393	501
cCREs87241	chr11	101897032	101897533	501
cCREs87445	chr11	102865313	102865814	501
cCREs87612	chr11	103419196	103419697	501
cCREs87613	chr11	103430250	103430751	501
cCREs87647	chr11	103706990	103707491	501
cCREs87826	chr11	104407201	104407823	622
cCREs88207	chr11	106382448	106382949	501
cCREs88291	chr11	106710712	106711213	501
cCREs88416	chr11	107287166	107287667	501
cCREs88810	chr11	108527826	108528327	501
cCREs88820	chr11	108593733	108594234	501
cCREs88866	chr11	108816004	108816505	501
cCREs88891	chr11	108910833	108911334	501
cCREs89373	chr11	111000022	111000523	501
cCREs89430	chr11	111227285	111227786	501
cCREs89470	chr11	111472798	111473299	501
cCREs89524	chr11	111791888	111792389	501
cCREs89723	chr11	112844375	112844947	572
cCREs89756	chr11	112987638	112988440	802
cCREs89763	chr11	112998691	112999192	501
cCREs90015	chr11	113739987	113740499	512
cCREs90280	chr11	114662053	114662554	501
cCREs90478	chr11	115426131	115426822	691
cCREs90781	chr11	116704628	116705129	501
cCREs90782	chr11	116705199	116705700	501
cCREs90938	chr11	117246776	117247625	849
cCREs91306	chr11	118467607	118468108	501
cCREs91579	chr11	119391924	119392454	530
cCREs91721	chr11	119898429	119899313	884
cCREs91727	chr11	119916110	119916889	779
cCREs92125	chr11	121641405	121641998	593
cCREs92170	chr11	121951650	121952200	550
cCREs92365	chr12	3957803	3958304	501
cCREs92390	chr12	4030182	4030683	501
cCREs92506	chr12	4494044	4494545	501
cCREs92515	chr12	4526879	4527380	501
cCREs93367	chr12	8442937	8443675	738
cCREs93370	chr12	8447020	8447521	501
cCREs93465	chr12	8877380	8877881	501
cCREs94399	chr12	13049463	13049964	501
cCREs94424	chr12	13122219	13122720	501
cCREs94919	chr12	15684112	15684793	681
cCREs94933	chr12	15746915	15747503	588
cCREs94947	chr12	15777048	15777549	501
cCREs95163	chr12	16633144	16633678	534
cCREs95375	chr12	17401690	17402191	501
cCREs95390	chr12	17433458	17433959	501
cCREs95395	chr12	17444354	17444855	501
cCREs95468	chr12	17767497	17767998	501
cCREs95689	chr12	24644103	24644690	587
cCREs95823	chr12	25103867	25104368	501
cCREs96149	chr12	26446298	26447055	757
cCREs96586	chr12	28629457	28629958	501
cCREs97128	chr12	30363435	30363936	501
cCREs97336	chr12	31369589	31370090	501
cCREs97383	chr12	31621192	31622351	1159
cCREs97660	chr12	32666010	32666748	738
cCREs97667	chr12	32703149	32703650	501
cCREs97683	chr12	32756337	32756976	639
cCREs98016	chr12	34249133	34249634	501
cCREs98201	chr12	34984280	34985174	894
cCREs98213	chr12	35021253	35021754	501
cCREs98344	chr12	35522618	35523119	501
cCREs98417	chr12	35966062	35966563	501
cCREs98438	chr12	36028190	36028845	655
cCREs98497	chr12	36224349	36225244	895
cCREs98584	chr12	36684407	36684908	501
cCREs99204	chr12	39931184	39931714	530
cCREs99211	chr12	39952786	39953287	501
cCREs99226	chr12	39992765	39993402	637
cCREs99236	chr12	40027009	40027510	501
cCREs99586	chr12	41219070	41219838	768
cCREs99596	chr12	41256121	41257054	933
cCREs99726	chr12	41838369	41838870	501
cCREs99797	chr12	42181586	42182137	551
cCREs100256	chr12	44957014	44957887	873
cCREs100284	chr12	45047065	45047566	501
cCREs100309	chr12	45129572	45130073	501
cCREs101327	chr12	51704540	51705041	501
cCREs101359	chr12	51847970	51848471	501
cCREs101385	chr12	51979633	51980134	501
cCREs101420	chr12	52129672	52130173	501
cCREs101474	chr12	52392520	52393021	501
cCREs102003	chr12	54463733	54464285	552
cCREs102136	chr12	55445485	55445986	501
cCREs102158	chr12	55496274	55496775	501
cCREs102221	chr12	55797035	55797811	776
cCREs102601	chr12	58334122	58334623	501
cCREs103702	chr12	66386408	66386909	501
cCREs103929	chr12	67686313	67686814	501
cCREs104178	chr12	69367577	69368078	501
cCREs104625	chr12	70880443	70880994	551
cCREs104629	chr12	70886514	70887303	789
cCREs104869	chr12	71781222	71781723	501
cCREs105256	chr12	73574483	73575164	681
cCREs105260	chr12	73591584	73592085	501
cCREs105269	chr12	73618506	73619007	501
cCREs105289	chr12	73679449	73679950	501
cCREs105290	chr12	73682765	73683475	710
cCREs105317	chr12	73769424	73769981	557
cCREs105376	chr12	74017023	74017524	501
cCREs105804	chr12	75766310	75767273	963
cCREs106100	chr12	76923085	76923586	501
cCREs106109	chr12	76950151	76950652	501
cCREs106147	chr12	77106048	77106616	568
cCREs106699	chr12	79796215	79796716	501
cCREs106710	chr12	79830715	79831433	718
cCREs106792	chr12	80060807	80061308	501
cCREs106831	chr12	80208040	80208960	920
cCREs107241	chr12	81910448	81910949	501
cCREs107269	chr12	81997401	81997920	519
cCREs107707	chr12	83733973	83734474	501
cCREs108030	chr12	85242076	85242600	524
cCREs108167	chr12	85784904	85785405	501
cCREs108174	chr12	85816101	85816602	501
cCREs108585	chr12	87362925	87363478	553
cCREs109627	chr12	92704007	92704508	501
cCREs109880	chr12	94420799	94421300	501
cCREs109892	chr12	94488721	94489222	501
cCREs109900	chr12	94588547	94589126	579
cCREs110100	chr12	95710572	95711326	754
cCREs110876	chr12	99414477	99415025	548
cCREs110912	chr12	99548223	99548970	747
cCREs110918	chr12	99564438	99564939	501
cCREs110921	chr12	99574238	99574782	544
cCREs111133	chr12	100287929	100288430	501
cCREs111202	chr12	100475447	100475948	501
cCREs111216	chr12	100508571	100509072	501
cCREs111220	chr12	100517282	100517783	501
cCREs111228	chr12	100539205	100539706	501
cCREs111551	chr12	102261788	102262302	514
cCREs111658	chr12	102625692	102626219	527
cCREs112009	chr12	104224555	104225397	842
cCREs112112	chr12	104765269	104765770	501
cCREs112306	chr12	105516984	105517691	707
cCREs112307	chr12	105519637	105520138	501
cCREs112998	chr12	108267559	108268060	501
cCREs113029	chr12	108369242	108370025	783
cCREs113120	chr12	108698659	108700164	1505
cCREs113124	chr12	108708026	108708527	501
cCREs113692	chr12	111374693	111375194	501
cCREs113838	chr12	111896874	111897419	545
cCREs113854	chr12	111944963	111945464	501
cCREs113886	chr12	112098921	112099628	707
cCREs113911	chr12	112169147	112169679	532
cCREs113922	chr12	112200021	112200522	501
cCREs113973	chr12	112411587	112412473	886
cCREs113985	chr12	112456269	112456770	501
cCREs113987	chr12	112467317	112467818	501
cCREs114013	chr12	112559121	112559622	501
cCREs114118	chr12	112914524	112915025	501
cCREs114131	chr12	112952412	112952913	501
cCREs114277	chr12	116293057	116293558	501
cCREs114281	chr12	116307910	116308575	665
cCREs114628	chr12	117450025	117450703	678
cCREs114643	chr12	117499253	117499754	501
cCREs114688	chr12	117642469	117642970	501
cCREs114705	chr12	117679749	117680250	501
cCREs114736	chr12	117763180	117763735	555
cCREs115158	chr13	3768562	3769063	501
cCREs115202	chr13	4035343	4035844	501
cCREs115205	chr13	4055426	4055927	501
cCREs115208	chr13	4082961	4083462	501
cCREs115346	chr13	5317870	5318371	501
cCREs115425	chr13	5697249	5697856	607
cCREs115472	chr13	5863492	5863993	501
cCREs115798	chr13	7451391	7452069	678
cCREs116044	chr13	8839901	8840402	501
cCREs116096	chr13	9144920	9145421	501
cCREs116809	chr13	12136313	12136814	501
cCREs117034	chr13	13744668	13745169	501
cCREs118060	chr13	19389444	19389945	501
cCREs118090	chr13	19545604	19546105	501
cCREs118205	chr13	20100266	20100767	501
cCREs118228	chr13	20147635	20148241	606
cCREs118266	chr13	20238056	20238557	501
cCREs118513	chr13	21225078	21225579	501
cCREs118531	chr13	21293446	21293947	501
cCREs118538	chr13	21319975	21320476	501
cCREs119007	chr13	24375260	24376061	801
cCREs119484	chr13	26270438	26270939	501
cCREs119506	chr13	26398274	26398775	501
cCREs119507	chr13	26404635	26405136	501
cCREs119517	chr13	26469308	26469809	501
cCREs119543	chr13	26592302	26592803	501
cCREs120350	chr13	30824787	30825288	501
cCREs120369	chr13	30891142	30891662	520
cCREs120401	chr13	30986749	30987480	731
cCREs120426	chr13	31122620	31123194	574
cCREs120447	chr13	31206211	31206712	501
cCREs120514	chr13	31506207	31506887	680
cCREs120613	chr13	31955823	31956456	633
cCREs120752	chr13	32613541	32614394	853
cCREs120832	chr13	32924828	32925461	633
cCREs120839	chr13	32975053	32975554	501
cCREs120841	chr13	32995144	32995645	501
cCREs121115	chr13	34627410	34627911	501
cCREs121137	chr13	34712809	34713310	501
cCREs121201	chr13	35039620	35040121	501
cCREs121817	chr13	37537641	37538149	508
cCREs122036	chr13	38534664	38535165	501
cCREs122050	chr13	38593014	38593674	660
cCREs122074	chr13	38695776	38696277	501
cCREs122131	chr13	38945684	38946185	501
cCREs122414	chr13	40916504	40917005	501
cCREs122426	chr13	40950747	40951248	501
cCREs122497	chr13	41295819	41296320	501
cCREs122561	chr13	41498557	41499058	501
cCREs122806	chr13	42518439	42518940	501
cCREs122815	chr13	42565121	42565622	501
cCREs122816	chr13	42565758	42566259	501
cCREs122932	chr13	42915034	42915535	501
cCREs123108	chr13	43374982	43375483	501
cCREs123219	chr13	43786403	43786904	501
cCREs123633	chr13	45413800	45414566	766
cCREs123773	chr13	45796238	45796836	598
cCREs124193	chr13	47242952	47243463	511
cCREs124200	chr13	47259242	47259743	501
cCREs124520	chr13	48922548	48923510	962
cCREs125952	chr13	55346692	55347193	501
cCREs125978	chr13	55451705	55452267	562
cCREs126050	chr13	55810320	55810821	501
cCREs127052	chr13	59700092	59700593	501
cCREs127350	chr13	60863456	60863957	501
cCREs127353	chr13	60936398	60936899	501
cCREs127386	chr13	62881578	62882079	501
cCREs127514	chr13	63273860	63274361	501
cCREs128309	chr13	69855256	69855757	501
cCREs128617	chr13	71144395	71144896	501
cCREs128971	chr13	73440970	73441471	501
cCREs129047	chr13	73771102	73771631	529
cCREs129432	chr13	76123072	76123589	517
cCREs132032	chr13	92093626	92094388	762
cCREs132344	chr13	93245788	93246289	501
cCREs132416	chr13	93545953	93546454	501
cCREs132417	chr13	93547632	93548133	501
cCREs132484	chr13	93827322	93827856	534
cCREs132510	chr13	93911966	93912953	987
cCREs132531	chr13	93978609	93979595	986
cCREs132536	chr13	93990756	93991257	501
cCREs132553	chr13	94064413	94064930	517
cCREs132634	chr13	94328055	94328556	501
cCREs132735	chr13	94833217	94833718	501
cCREs132926	chr13	95489703	95490204	501
cCREs133175	chr13	96440693	96441194	501
cCREs133189	chr13	96496344	96497044	700
cCREs133192	chr13	96500872	96501373	501
cCREs133203	chr13	96528530	96529031	501
cCREs133356	chr13	97260684	97261185	501
cCREs133462	chr13	97569953	97570454	501
cCREs133952	chr13	99270002	99270503	501
cCREs134050	chr13	99539228	99539729	501
cCREs134053	chr13	99545018	99545751	733
cCREs134151	chr13	99850945	99851446	501
cCREs134250	chr13	100495300	100495841	541
cCREs134256	chr13	100532880	100533420	540
cCREs134263	chr13	100565437	100566315	878
cCREs134265	chr13	100577656	100578157	501
cCREs134418	chr13	101311790	101312412	622
cCREs134808	chr13	102871340	102871841	501
cCREs134822	chr13	102902103	102902604	501
cCREs136325	chr13	109209321	109209822	501
cCREs136342	chr13	109266733	109267234	501
cCREs136350	chr13	109296288	109297024	736
cCREs136536	chr13	109888214	109888715	501
cCREs136700	chr13	110403976	110404477	501
cCREs137100	chr13	112050761	112051284	523
cCREs137101	chr13	112052641	112053342	701
cCREs137291	chr13	112763674	112764175	501
cCREs137693	chr13	114303074	114303844	770
cCREs137794	chr13	114833340	114833841	501
cCREs137865	chr13	115118755	115119256	501
cCREs137869	chr13	115124295	115124796	501
cCREs137870	chr13	115125025	115125526	501
cCREs138254	chr13	117315203	117315704	501
cCREs138771	chr14	7809481	7810080	599
cCREs138774	chr14	7819403	7819904	501
cCREs138823	chr14	7953909	7954604	695
cCREs139648	chr14	11712945	11713446	501
cCREs139790	chr14	12107373	12107913	540
cCREs139802	chr14	12134439	12134940	501
cCREs140310	chr14	14062810	14063311	501
cCREs141224	chr14	19752172	19752673	501
cCREs141238	chr14	19794766	19795267	501
cCREs141335	chr14	20098056	20098557	501
cCREs141339	chr14	20106210	20106711	501
cCREs141437	chr14	20598814	20599315	501
cCREs141753	chr14	21805489	21805990	501
cCREs141815	chr14	22156845	22157346	501
cCREs141896	chr14	22589554	22590055	501
cCREs142553	chr14	25052969	25053470	501
cCREs142666	chr14	25399887	25400388	501
cCREs142707	chr14	25523144	25523645	501
cCREs142708	chr14	25524726	25525227	501
cCREs142863	chr14	26437434	26437935	501
cCREs142890	chr14	26576234	26576789	555
cCREs143000	chr14	27246226	27246727	501
cCREs143002	chr14	27250377	27250879	502
cCREs143054	chr14	27408209	27408710	501
cCREs143058	chr14	27425664	27426165	501
cCREs143352	chr14	28377258	28377959	701
cCREs144074	chr14	31232878	31233379	501
cCREs144110	chr14	31407123	31407668	545
cCREs144218	chr14	31903666	31904167	501
cCREs144230	chr14	31957170	31957671	501
cCREs144252	chr14	32029346	32029847	501
cCREs144272	chr14	32123817	32124703	886
cCREs144763	chr14	34223443	34223944	501
cCREs145314	chr14	36932621	36933122	501
cCREs145893	chr14	40449467	40449968	501
cCREs145898	chr14	40486243	40486744	501
cCREs146056	chr14	43748516	43749017	501
cCREs146233	chr14	45418495	45419047	552
cCREs146260	chr14	45504779	45505280	501
cCREs146424	chr14	46312996	46313497	501
cCREs146857	chr14	48164874	48165375	501
cCREs147293	chr14	51068877	51069573	696
cCREs147303	chr14	51107089	51107590	501
cCREs147322	chr14	51195761	51196262	501
cCREs147416	chr14	52079870	52080371	501
cCREs147769	chr14	54773570	54774100	530
cCREs147989	chr14	55776706	55777207	501
cCREs147993	chr14	55783827	55784328	501
cCREs148013	chr14	55891069	55891806	737
cCREs148069	chr14	56315511	56316012	501
cCREs148314	chr14	57705721	57706222	501
cCREs148361	chr14	57870986	57871487	501
cCREs148373	chr14	57908266	57908767	501
cCREs148935	chr14	60598992	60599493	501
cCREs149066	chr14	61017979	61018480	501
cCREs149105	chr14	61159853	61160354	501
cCREs149687	chr14	63879612	63880113	501
cCREs149708	chr14	63944938	63945439	501
cCREs149709	chr14	63957668	63958169	501
cCREs149955	chr14	64697963	64698464	501
cCREs149963	chr14	64731163	64731664	501
cCREs150108	chr14	65159373	65159874	501
cCREs150803	chr14	67904034	67904727	693
cCREs150959	chr14	68563375	68563876	501
cCREs151196	chr14	70121533	70122074	541
cCREs151864	chr14	73253182	73253871	689
cCREs151888	chr14	73346797	73347799	1002
cCREs152237	chr14	74755282	74755783	501
cCREs152316	chr14	74973988	74974683	695
cCREs152462	chr14	75550299	75550800	501
cCREs152630	chr14	76149455	76150356	901
cCREs152796	chr14	76714482	76715364	882
cCREs152863	chr14	76907877	76908423	546
cCREs153383	chr14	78687674	78688175	501
cCREs153476	chr14	79062608	79063109	501
cCREs153601	chr14	79490201	79490702	501
cCREs153608	chr14	79511468	79511969	501
cCREs154874	chr14	87476320	87476821	501
cCREs154893	chr14	87557352	87558224	872
cCREs156165	chr14	97609247	97609748	501
cCREs156168	chr14	97618764	97619265	501
cCREs156182	chr14	97755712	97756213	501
cCREs156197	chr14	97879520	97880021	501
cCREs156234	chr14	98084653	98085423	770
cCREs156256	chr14	98177240	98177741	501
cCREs156399	chr14	99039281	99039782	501
cCREs156710	chr14	100162125	100162626	501
cCREs156738	chr14	100231258	100231759	501
cCREs156755	chr14	100314967	100315468	501
cCREs157321	chr14	102832884	102833385	501
cCREs157384	chr14	103077284	103077989	705
cCREs157568	chr14	103742115	103742616	501
cCREs157683	chr14	104499286	104499787	501
cCREs159856	chr14	118178482	118178983	501
cCREs159925	chr14	118581515	118582193	678
cCREs159930	chr14	118592981	118593482	501
cCREs159942	chr14	118640376	118640877	501
cCREs159943	chr14	118641406	118641907	501
cCREs159947	chr14	118655980	118656481	501
cCREs159961	chr14	118691404	118691905	501
cCREs159972	chr14	118718400	118718901	501
cCREs159981	chr14	118765179	118765701	522
cCREs160736	chr14	121362671	121363172	501
cCREs160791	chr14	121569026	121569527	501
cCREs160799	chr14	121583086	121583587	501
cCREs160888	chr14	121822974	121823475	501
cCREs161044	chr14	122432193	122432807	614
cCREs161086	chr14	122650816	122651317	501
cCREs161162	chr14	122932573	122933175	602
cCREs161515	chr15	3400520	3401021	501
cCREs161915	chr15	5980824	5981325	501
cCREs161983	chr15	6407384	6407885	501
cCREs162322	chr15	7976684	7977185	501
cCREs162801	chr15	10685532	10686528	996
cCREs162858	chr15	10869855	10870356	501
cCREs162949	chr15	11247315	11247816	501
cCREs162951	chr15	11254976	11255477	501
cCREs163033	chr15	11552505	11553006	501
cCREs163237	chr15	12313214	12314122	908
cCREs163287	chr15	12449230	12450077	847
cCREs163333	chr15	12565495	12566009	514
cCREs165143	chr15	25432091	25432922	831
cCREs165158	chr15	25482542	25483043	501
cCREs165170	chr15	25523730	25524568	838
cCREs165171	chr15	25525346	25525847	501
cCREs165175	chr15	25539567	25540068	501
cCREs165691	chr15	27528800	27529358	558
cCREs166573	chr15	31243130	31243631	501
cCREs166893	chr15	32356740	32357271	531
cCREs167419	chr15	35184750	35185691	941
cCREs167590	chr15	36214539	36215040	501
cCREs167610	chr15	36302514	36303015	501
cCREs167633	chr15	36376449	36376997	548
cCREs167657	chr15	36444141	36444666	525
cCREs168153	chr15	38378127	38378628	501
cCREs168158	chr15	38391362	38392013	651
cCREs168272	chr15	38987172	38987673	501
cCREs168279	chr15	39011441	39011942	501
cCREs168287	chr15	39028278	39028779	501
cCREs168288	chr15	39031998	39032499	501
cCREs168363	chr15	39426010	39426511	501
cCREs168374	chr15	39490419	39490920	501
cCREs168509	chr15	40032044	40032545	501
cCREs168912	chr15	41734411	41734912	501
cCREs168968	chr15	41970786	41971287	501
cCREs169237	chr15	43528558	43529059	501
cCREs169238	chr15	43529705	43530206	501
cCREs169646	chr15	45881448	45882131	683
cCREs170400	chr15	51846424	51847182	758
cCREs171203	chr15	55483978	55484479	501
cCREs171993	chr15	59073376	59073877	501
cCREs172396	chr15	60839942	60840443	501
cCREs172432	chr15	61006477	61006978	501
cCREs172433	chr15	61007455	61007956	501
cCREs173801	chr15	66932278	66932874	596
cCREs173825	chr15	67010364	67010865	501
cCREs173841	chr15	67070961	67072091	1130
cCREs173847	chr15	67090174	67090926	752
cCREs173854	chr15	67102088	67103270	1182
cCREs173856	chr15	67114385	67114886	501
cCREs173862	chr15	67128727	67129228	501
cCREs173867	chr15	67145828	67146329	501
cCREs173870	chr15	67151165	67151666	501
cCREs175109	chr15	72970220	72970721	501
cCREs175135	chr15	73045123	73045624	501
cCREs175266	chr15	73503981	73504809	828
cCREs175472	chr15	74212359	74212860	501
cCREs175639	chr15	74739836	74740350	514
cCREs175640	chr15	74740511	74741743	1232
cCREs175667	chr15	74921354	74921855	501
cCREs175668	chr15	74922337	74922838	501
cCREs175685	chr15	75001496	75001997	501
cCREs175689	chr15	75048745	75049246	501
cCREs175692	chr15	75052343	75052844	501
cCREs175866	chr15	76195463	76196019	556
cCREs175953	chr15	76542534	76543304	770
cCREs176195	chr15	77598422	77598923	501
cCREs176196	chr15	77606047	77606548	501
cCREs176280	chr15	77911868	77912369	501
cCREs176282	chr15	77919396	77919897	501
cCREs176598	chr15	79098750	79099413	663
cCREs176599	chr15	79099437	79099938	501
cCREs176656	chr15	79351283	79352092	809
cCREs176836	chr15	80049981	80050482	501
cCREs176837	chr15	80051343	80051844	501
cCREs176838	chr15	80053353	80053854	501
cCREs177572	chr15	83285466	83286084	618
cCREs177832	chr15	84267635	84268179	544
cCREs177833	chr15	84269224	84269725	501
cCREs179055	chr15	89169980	89170555	575
cCREs179094	chr15	89350401	89350902	501
cCREs180038	chr15	93472751	93473252	501
cCREs180045	chr15	93494676	93495177	501
cCREs180057	chr15	93518206	93518707	501
cCREs180066	chr15	93539418	93539919	501
cCREs180067	chr15	93540244	93540956	712
cCREs180076	chr15	93570694	93571195	501
cCREs180864	chr15	96718335	96718905	570
cCREs180869	chr15	96743980	96744641	661
cCREs181195	chr15	98160918	98161419	501
cCREs181409	chr15	99314864	99315365	501
cCREs181414	chr15	99326311	99326812	501
cCREs181440	chr15	99421158	99421659	501
cCREs181611	chr15	100119086	100119797	711
cCREs181847	chr15	101123142	101123643	501
cCREs181891	chr15	101233511	101234236	725
cCREs181923	chr15	101320512	101321265	753
cCREs181927	chr15	101338271	101338850	579
cCREs182337	chr15	103378967	103379468	501
cCREs182340	chr15	103383587	103384213	626
cCREs182675	chr16	4971550	4972288	738
cCREs182732	chr16	5221348	5221999	651
cCREs182733	chr16	5222115	5222616	501
cCREs183620	chr16	9012593	9013094	501
cCREs183671	chr16	9267066	9267567	501
cCREs183699	chr16	9364127	9364698	571
cCREs183922	chr16	10327970	10328580	610
cCREs183923	chr16	10332682	10333183	501
cCREs184041	chr16	10737466	10737983	517
cCREs184172	chr16	11266810	11267311	501
cCREs184633	chr16	13219032	13219533	501
cCREs184636	chr16	13232784	13233901	1117
cCREs184664	chr16	13333838	13334339	501
cCREs184677	chr16	13378121	13378622	501
cCREs184765	chr16	13748705	13749206	501
cCREs184787	chr16	13882961	13883861	900
cCREs184987	chr16	15587665	15588331	666
cCREs185506	chr16	18586528	18587315	787
cCREs185507	chr16	18587934	18588435	501
cCREs185508	chr16	18588664	18589165	501
cCREs185534	chr16	18727428	18727929	501
cCREs185535	chr16	18727947	18728448	501
cCREs185537	chr16	18739580	18740081	501
cCREs185539	chr16	18744710	18745211	501
cCREs185541	chr16	18761708	18762209	501
cCREs185545	chr16	18775759	18776260	501
cCREs185626	chr16	19983502	19984003	501
cCREs185631	chr16	20016543	20017044	501
cCREs185921	chr16	21590776	21591277	501
cCREs185933	chr16	21640528	21641251	723
cCREs186266	chr16	23164357	23164858	501
cCREs186267	chr16	23166504	23167005	501
cCREs186745	chr16	25050024	25050525	501
cCREs186935	chr16	25954549	25955053	504
cCREs187810	chr16	30052975	30053504	529
cCREs187826	chr16	30112980	30113746	766
cCREs187843	chr16	30176179	30176803	624
cCREs188003	chr16	30835520	30836264	744
cCREs188010	chr16	30870025	30870526	501
cCREs188377	chr16	32538159	32538660	501
cCREs188581	chr16	33562820	33563371	551
cCREs188607	chr16	33676203	33677160	957
cCREs188632	chr16	33741698	33742412	714
cCREs188965	chr16	34847515	34848016	501
cCREs189161	chr16	35468829	35469330	501
cCREs189254	chr16	35742162	35742663	501
cCREs189650	chr16	37847048	37847549	501
cCREs189696	chr16	38018025	38018526	501
cCREs189699	chr16	38032702	38033203	501
cCREs189871	chr16	38744244	38744745	501
cCREs191415	chr16	45314878	45315379	501
cCREs191431	chr16	45363678	45364179	501
cCREs191450	chr16	45495183	45495887	704
cCREs191522	chr16	45790638	45791139	501
cCREs191535	chr16	45832006	45833151	1145
cCREs191908	chr16	48303494	48304265	771
cCREs192159	chr16	49580602	49581103	501
cCREs192250	chr16	49873959	49874460	501
cCREs193308	chr16	55787289	55788214	925
cCREs193586	chr16	57197254	57197755	501
cCREs193762	chr16	57914445	57914946	501
cCREs193847	chr16	58464018	58464519	501
cCREs193858	chr16	58496733	58497234	501
cCREs193976	chr16	59545249	59545772	523
cCREs194643	chr16	63804088	63804589	501
cCREs194791	chr16	64872237	64872750	513
cCREs194908	chr16	65448673	65449174	501
cCREs194919	chr16	65496007	65496508	501
cCREs194938	chr16	65554384	65554885	501
cCREs195661	chr16	70406347	70406848	501
cCREs195662	chr16	70407672	70408173	501
cCREs195663	chr16	70409324	70409825	501
cCREs196719	chr16	75842548	75843374	826
cCREs196922	chr16	76765500	76766033	533
cCREs197299	chr16	78391245	78391746	501
cCREs197304	chr16	78416568	78417069	501
cCREs198205	chr16	84796601	84797102	501
cCREs198268	chr16	84982581	84983082	501
cCREs198307	chr16	85059946	85060542	596
cCREs198347	chr16	85141498	85141999	501
cCREs198448	chr16	85541612	85542113	501
cCREs198452	chr16	85546496	85547283	787
cCREs198582	chr16	86261556	86262057	501
cCREs198685	chr16	86883760	86884426	666
cCREs198714	chr16	87050657	87051158	501
cCREs198859	chr16	87667343	87667890	547
cCREs199256	chr16	89747748	89748256	508
cCREs199275	chr16	89810305	89810806	501
cCREs199543	chr16	90625350	90626211	861
cCREs199746	chr16	91427321	91428054	733
cCREs199760	chr16	91460995	91461496	501
cCREs200424	chr16	94273818	94274619	801
cCREs200427	chr16	94297014	94297515	501
cCREs200442	chr16	94358449	94359184	735
cCREs200666	chr16	95198908	95199409	501
cCREs200688	chr16	95291259	95291760	501
cCREs200696	chr16	95338534	95339035	501
cCREs200700	chr16	95352286	95352787	501
cCREs200708	chr16	95372967	95373468	501
cCREs200717	chr16	95403393	95403894	501
cCREs200735	chr16	95458867	95459842	975
cCREs200736	chr16	95460292	95461243	951
cCREs200833	chr16	95861109	95861770	661
cCREs200949	chr16	96348790	96349291	501
cCREs200956	chr16	96361359	96362511	1152
cCREs201351	chr17	3054459	3055280	821
cCREs201352	chr17	3055332	3055833	501
cCREs201355	chr17	3091690	3092191	501
cCREs202158	chr17	6743655	6744217	562
cCREs202159	chr17	6744300	6744801	501
cCREs202197	chr17	6982501	6983002	501
cCREs202316	chr17	7712946	7713490	544
cCREs202379	chr17	8143735	8144277	542
cCREs202408	chr17	8271219	8271919	700
cCREs202508	chr17	8724420	8724921	501
cCREs202783	chr17	9893972	9894473	501
cCREs203578	chr17	13561256	13561832	576
cCREs203707	chr17	14264504	14265005	501
cCREs203866	chr17	15134847	15135685	838
cCREs203872	chr17	15153311	15153884	573
cCREs203895	chr17	15289454	15289955	501
cCREs203898	chr17	15299692	15300193	501
cCREs203913	chr17	15372893	15373394	501
cCREs203961	chr17	15705955	15706456	501
cCREs203973	chr17	15748025	15748526	501
cCREs204132	chr17	17491221	17491750	529
cCREs204206	chr17	21451551	21452074	523
cCREs204217	chr17	21536622	21537123	501
cCREs204294	chr17	23681907	23682408	501
cCREs204309	chr17	23755632	23756133	501
cCREs204404	chr17	24375092	24375593	501
cCREs204559	chr17	25163941	25164442	501
cCREs204876	chr17	26547447	26548234	787
cCREs204985	chr17	27036426	27036927	501
cCREs204991	chr17	27051542	27052043	501
cCREs205003	chr17	27123828	27124382	554
cCREs205456	chr17	28994388	28994889	501
cCREs205575	chr17	29399120	29399669	549
cCREs205584	chr17	29441954	29442497	543
cCREs206156	chr17	31782223	31782724	501
cCREs206191	chr17	31903874	31904593	719
cCREs206196	chr17	31919366	31919867	501
cCREs206197	chr17	31920479	31921033	554
cCREs206203	chr17	31940630	31941176	546
cCREs206248	chr17	32121773	32122274	501
cCREs206249	chr17	32122447	32123126	679
cCREs206288	chr17	32341041	32341542	501
cCREs206422	chr17	33812355	33812856	501
cCREs206423	chr17	33812986	33813499	513
cCREs206572	chr17	34773868	34774454	586
cCREs206596	chr17	34965543	34966166	623
cCREs206728	chr17	35779660	35780161	501
cCREs206788	chr17	36018900	36019401	501
cCREs207170	chr17	42563239	42563910	671
cCREs207227	chr17	42869889	42870841	952
cCREs207230	chr17	42878877	42879378	501
cCREs207331	chr17	43337562	43338063	501
cCREs207339	chr17	43365217	43365718	501
cCREs207340	chr17	43366437	43366938	501
cCREs207342	chr17	43373810	43374563	753
cCREs207343	chr17	43376260	43377004	744
cCREs207344	chr17	43378614	43379115	501
cCREs207348	chr17	43389775	43390276	501
cCREs207353	chr17	43403745	43404246	501
cCREs207512	chr17	44108305	44108806	501
cCREs207541	chr17	44249621	44250122	501
cCREs207542	chr17	44255598	44256246	648
cCREs207957	chr17	46115322	46116048	726
cCREs208043	chr17	46570849	46571350	501
cCREs208057	chr17	46612673	46613278	605
cCREs208154	chr17	47045625	47046367	742
cCREs208180	chr17	47182065	47182671	606
cCREs208218	chr17	47319104	47319605	501
cCREs208309	chr17	47773525	47774071	546
cCREs208319	chr17	47813555	47814056	501
cCREs208840	chr17	49996536	49997139	603
cCREs209097	chr17	51129141	51129642	501
cCREs209783	chr17	56210967	56211468	501
cCREs210489	chr17	61525608	61526109	501
cCREs210490	chr17	61534523	61535199	676
cCREs211037	chr17	64106880	64107381	501
cCREs211043	chr17	64123711	64124234	523
cCREs211047	chr17	64131639	64132606	967
cCREs211111	chr17	64397544	64398181	637
cCREs211207	chr17	64710345	64711032	687
cCREs211216	chr17	64735395	64735896	501
cCREs211413	chr17	65663610	65664111	501
cCREs211445	chr17	65760806	65761349	543
cCREs211866	chr17	67278209	67278710	501
cCREs211887	chr17	67345070	67345571	501
cCREs211924	chr17	67514385	67514886	501
cCREs211926	chr17	67517469	67517970	501
cCREs211935	chr17	67565684	67566210	526
cCREs211937	chr17	67581740	67582241	501
cCREs211952	chr17	67658466	67659329	863
cCREs212745	chr17	70985893	70986394	501
cCREs212794	chr17	71177603	71178104	501
cCREs212852	chr17	71448558	71449059	501
cCREs213760	chr17	75417712	75418213	501
cCREs214546	chr17	79903448	79903949	501
cCREs214722	chr17	80643097	80643598	501
cCREs214737	chr17	80686185	80686739	554
cCREs215485	chr17	83912402	83912903	501
cCREs215494	chr17	83935127	83935915	788
cCREs215512	chr17	83977655	83978156	501
cCREs215537	chr17	84045731	84046232	501
cCREs216061	chr17	86242259	86242760	501
cCREs216084	chr17	86286927	86287428	501
cCREs216169	chr17	86515250	86515751	501
cCREs216232	chr17	86759880	86760381	501
cCREs216233	chr17	86762802	86763303	501
cCREs216238	chr17	86776356	86776857	501
cCREs216251	chr17	86814978	86815593	615
cCREs216340	chr17	87171912	87172413	501
cCREs216582	chr17	88362777	88363278	501
cCREs216650	chr17	88627104	88627628	524
cCREs216879	chr17	89933978	89934479	501
cCREs217706	chr18	4442816	4443317	501
cCREs217730	chr18	4568516	4569182	666
cCREs217763	chr18	4673842	4674343	501
cCREs217940	chr18	5325774	5326288	514
cCREs218107	chr18	6075062	6075563	501
cCREs218222	chr18	6776267	6776768	501
cCREs218368	chr18	7610480	7610981	501
cCREs218403	chr18	7896742	7897243	501
cCREs218620	chr18	9355279	9355831	552
cCREs218980	chr18	11395759	11396585	826
cCREs219190	chr18	12274059	12274560	501
cCREs219197	chr18	12295666	12296490	824
cCREs219211	chr18	12348653	12349154	501
cCREs219352	chr18	12834153	12834961	808
cCREs219481	chr18	13385158	13385659	501
cCREs220814	chr18	20931327	20931979	652
cCREs220815	chr18	20936822	20937323	501
cCREs220816	chr18	20941620	20942355	735
cCREs220824	chr18	20968877	20969378	501
cCREs223134	chr18	31442396	31443273	877
cCREs223228	chr18	31922008	31922605	597
cCREs223231	chr18	31932141	31932652	511
cCREs223232	chr18	31936547	31937466	919
cCREs223878	chr18	34743209	34743710	501
cCREs223906	chr18	34867507	34868008	501
cCREs223959	chr18	35098551	35099139	588
cCREs224312	chr18	36420992	36421820	828
cCREs224314	chr18	36438841	36439492	651
cCREs224497	chr18	37985126	37985627	501
cCREs224546	chr18	38127089	38127989	900
cCREs224591	chr18	38252879	38253380	501
cCREs224822	chr18	39047560	39048305	745
cCREs225002	chr18	39611280	39611781	501
cCREs225018	chr18	39675440	39675941	501
cCREs225021	chr18	39693096	39693827	731
cCREs225610	chr18	42585503	42586004	501
cCREs226106	chr18	44600463	44600964	501
cCREs226135	chr18	44670750	44671515	765
cCREs226593	chr18	46772784	46773525	741
cCREs226597	chr18	46787469	46787970	501
cCREs226598	chr18	46794297	46795028	731
cCREs226660	chr18	47035351	47036371	1020
cCREs226845	chr18	47577577	47578231	654
cCREs227207	chr18	49550851	49551352	501
cCREs228087	chr18	53889995	53890496	501
cCREs228437	chr18	55171060	55171561	501
cCREs228861	chr18	56884543	56885044	501
cCREs229001	chr18	57402718	57403219	501
cCREs229720	chr18	60722449	60722998	549
cCREs229735	chr18	60758813	60759314	501
cCREs229818	chr18	60952109	60952757	648
cCREs230018	chr18	61571028	61571529	501
cCREs230033	chr18	61636725	61637226	501
cCREs230074	chr18	61748765	61749266	501
cCREs230076	chr18	61753167	61753668	501
cCREs230079	chr18	61760275	61760776	501
cCREs230202	chr18	62100349	62100850	501
cCREs230216	chr18	62135719	62136227	508
cCREs230353	chr18	62729300	62729934	634
cCREs230366	chr18	62762798	62763299	501
cCREs230369	chr18	62768687	62769486	799
cCREs230396	chr18	62849301	62849802	501
cCREs230400	chr18	62855756	62856257	501
cCREs230427	chr18	62946366	62946867	501
cCREs230428	chr18	62958526	62959350	824
cCREs230864	chr18	64959952	64960453	501
cCREs231095	chr18	65641084	65641636	552
cCREs231287	chr18	66442031	66443205	1174
cCREs231289	chr18	66450405	66450906	501
cCREs231883	chr18	68829181	68829682	501
cCREs232002	chr18	69342517	69343018	501
cCREs232008	chr18	69351795	69352389	594
cCREs232042	chr18	69427051	69427552	501
cCREs232146	chr18	69647475	69648206	731
cCREs232495	chr18	71423013	71423514	501
cCREs232911	chr18	73537847	73538348	501
cCREs232919	chr18	73582439	73582940	501
cCREs233390	chr18	75307433	75307934	501
cCREs233393	chr18	75321972	75322731	759
cCREs233499	chr18	75600897	75601595	698
cCREs233665	chr18	76173167	76174070	903
cCREs233968	chr18	77706672	77707173	501
cCREs234562	chr18	80240074	80240820	746
cCREs234563	chr18	80245166	80245700	534
cCREs234566	chr18	80257484	80258150	666
cCREs234669	chr18	80608082	80609454	1372
cCREs235473	chr18	84118979	84119480	501
cCREs236518	chr18	90550967	90551535	568
cCREs236546	chr19	3375877	3376378	501
cCREs236582	chr19	3560489	3560990	501
cCREs236593	chr19	3634691	3635386	695
cCREs236599	chr19	3645772	3646273	501
cCREs236604	chr19	3668395	3668967	572
cCREs236930	chr19	5456030	5456531	501
cCREs236957	chr19	5581881	5582382	501
cCREs237098	chr19	6339940	6340441	501
cCREs237237	chr19	6952592	6953186	594
cCREs237354	chr19	7400613	7401114	501
cCREs237388	chr19	7577567	7578068	501
cCREs237437	chr19	8613037	8614153	1116
cCREs237529	chr19	9025309	9025934	625
cCREs237532	chr19	9028298	9028799	501
cCREs237545	chr19	9076076	9077314	1238
cCREs237554	chr19	9106820	9107792	972
cCREs237690	chr19	10291738	10292239	501
cCREs237884	chr19	11048429	11048930	501
cCREs237885	chr19	11050264	11050765	501
cCREs237886	chr19	11055485	11056199	714
cCREs237974	chr19	11786272	11786773	501
cCREs237983	chr19	11810787	11811288	501
cCREs238650	chr19	16501892	16502393	501
cCREs239132	chr19	18749382	18750361	979
cCREs239134	chr19	18758149	18758650	501
cCREs239337	chr19	20390453	20391069	616
cCREs239518	chr19	21383765	21384266	501
cCREs239639	chr19	21804438	21804939	501
cCREs239666	chr19	21890656	21891157	501
cCREs240238	chr19	24033583	24034084	501
cCREs240277	chr19	24183723	24184305	582
cCREs240289	chr19	24220833	24221457	624
cCREs240420	chr19	24671435	24672112	677
cCREs240805	chr19	26613549	26614187	638
cCREs240807	chr19	26617265	26617766	501
cCREs241409	chr19	28916526	28917027	501
cCREs241411	chr19	28917867	28918368	501
cCREs241450	chr19	29036979	29037505	526
cCREs241659	chr19	29963635	29964136	501
cCREs241999	chr19	31660773	31661434	661
cCREs242055	chr19	32029663	32030164	501
cCREs242069	chr19	32114372	32114873	501
cCREs242101	chr19	32202026	32202527	501
cCREs242447	chr19	34058175	34058676	501
cCREs242502	chr19	34291025	34291526	501
cCREs242509	chr19	34328020	34328521	501
cCREs242555	chr19	34530600	34531101	501
cCREs243184	chr19	37534853	37535354	501
cCREs243185	chr19	37540108	37540609	501
cCREs243186	chr19	37543820	37544321	501
cCREs243475	chr19	38934754	38935255	501
cCREs243608	chr19	40509187	40509688	501
cCREs243634	chr19	40637041	40637542	501
cCREs243649	chr19	40685118	40685619	501
cCREs243684	chr19	40804958	40805523	565
cCREs243958	chr19	42015656	42016157	501
cCREs244106	chr19	42540438	42540939	501
cCREs245129	chr19	47412811	47413397	586
cCREs246188	chr19	53070854	53071360	506
cCREs246262	chr19	53311800	53312301	501
cCREs246310	chr19	53480287	53481021	734
cCREs246364	chr19	53682397	53682898	501
cCREs246366	chr19	53687613	53688114	501
cCREs246672	chr19	55095488	55095989	501
cCREs246735	chr19	55343278	55343779	501
cCREs247148	chr19	57009034	57009535	501
cCREs247159	chr19	57034395	57034896	501
cCREs247182	chr19	57101021	57101522	501
cCREs247276	chr19	57365998	57366499	501
cCREs247352	chr19	57600498	57601021	523
cCREs247850	chr19	59577863	59578364	501
cCREs248126	chr19	61060765	61061360	595
cCREs248136	chr19	61158318	61158819	501
cCREs248151	chr2	3102294	3102795	501
cCREs248327	chr2	3948189	3948708	519
cCREs248864	chr2	6128122	6128623	501
cCREs248872	chr2	6162562	6163082	520
cCREs248905	chr2	6279548	6280049	501
cCREs248909	chr2	6294935	6295898	963
cCREs249723	chr2	10159889	10160594	705
cCREs249982	chr2	11515788	11516289	501
cCREs250379	chr2	13391058	13391559	501
cCREs250722	chr2	15038663	15039434	771
cCREs251169	chr2	17671382	17672139	757
cCREs251207	chr2	17812201	17812715	514
cCREs251232	chr2	17887611	17888112	501
cCREs252248	chr2	22952771	22953272	501
cCREs252308	chr2	23368298	23368799	501
cCREs252520	chr2	24923555	24924056	501
cCREs252559	chr2	25145237	25145964	727
cCREs252561	chr2	25163009	25163726	717
cCREs252603	chr2	25348139	25348703	564
cCREs252868	chr2	26546417	26546918	501
cCREs252877	chr2	26571324	26572272	948
cCREs252879	chr2	26575855	26576356	501
cCREs252882	chr2	26583622	26584434	812
cCREs252886	chr2	26594778	26595683	905
cCREs253003	chr2	27262851	27263907	1056
cCREs253455	chr2	29051548	29052211	663
cCREs253510	chr2	29295544	29296266	722
cCREs253739	chr2	30215478	30215979	501
cCREs253811	chr2	30547790	30548291	501
cCREs254179	chr2	31888725	31889226	501
cCREs254335	chr2	32509827	32510328	501
cCREs254378	chr2	32642700	32643209	509
cCREs254397	chr2	32728512	32729013	501
cCREs254428	chr2	32840926	32841427	501
cCREs254446	chr2	32884648	32885149	501
cCREs254981	chr2	34873844	34874692	848
cCREs254985	chr2	34897723	34898224	501
cCREs255079	chr2	35313516	35314017	501
cCREs255148	chr2	35595627	35596221	594
cCREs255155	chr2	35617150	35617651	501
cCREs255172	chr2	35658262	35658774	512
cCREs255304	chr2	36023276	36023777	501
cCREs255306	chr2	36033916	36034417	501
cCREs255663	chr2	38533121	38533761	640
cCREs255746	chr2	38947510	38948011	501
cCREs256866	chr2	45205700	45206201	501
cCREs258330	chr2	52513639	52514140	501
cCREs259671	chr2	59343842	59344508	666
cCREs259723	chr2	59503404	59503905	501
cCREs259731	chr2	59526897	59527398	501
cCREs259762	chr2	59629849	59630350	501
cCREs259780	chr2	59675196	59676049	853
cCREs259792	chr2	59706773	59707274	501
cCREs259958	chr2	60375043	60375544	501
cCREs260036	chr2	60739544	60740168	624
cCREs260050	chr2	60774536	60775037	501
cCREs261942	chr2	69140822	69141323	501
cCREs261945	chr2	69149011	69149699	688
cCREs262055	chr2	69710317	69710818	501
cCREs262252	chr2	70505196	70505697	501
cCREs262253	chr2	70505750	70506330	580
cCREs262554	chr2	71710776	71711277	501
cCREs262568	chr2	71766056	71766557	501
cCREs262571	chr2	71771394	71772212	818
cCREs262942	chr2	73048409	73049440	1031
cCREs263019	chr2	73366271	73366772	501
cCREs263363	chr2	75019428	75019929	501
cCREs263364	chr2	75021656	75022157	501
cCREs263529	chr2	75772470	75772971	501
cCREs263851	chr2	77129569	77130070	501
cCREs263864	chr2	77167968	77168469	501
cCREs264409	chr2	79259424	79259925	501
cCREs264477	chr2	79537810	79538538	728
cCREs264506	chr2	79608571	79609072	501
cCREs265335	chr2	84184635	84185136	501
cCREs265407	chr2	84504218	84504719	501
cCREs265562	chr2	85105453	85105954	501
cCREs265564	chr2	85107081	85107582	501
cCREs265569	chr2	85131508	85132121	613
cCREs265615	chr2	85250069	85250570	501
cCREs265928	chr2	90547362	90548164	802
cCREs265960	chr2	90651853	90652563	710
cCREs265963	chr2	90664541	90665042	501
cCREs266286	chr2	91967874	91968375	501
cCREs266431	chr2	92514674	92515468	794
cCREs266680	chr2	93267749	93268250	501
cCREs266705	chr2	93332291	93332792	501
cCREs266785	chr2	93645850	93646393	543
cCREs268122	chr2	102044119	102045119	1000
cCREs268154	chr2	102116476	102117013	537
cCREs268162	chr2	102132928	102133451	523
cCREs268177	chr2	102169220	102170012	792
cCREs268687	chr2	103877435	103877936	501
cCREs268693	chr2	103900371	103900915	544
cCREs268737	chr2	104096634	104097135	501
cCREs268946	chr2	104832457	104832958	501
cCREs269789	chr2	109188250	109188751	501
cCREs270004	chr2	110311401	110312086	685
cCREs270006	chr2	110316056	110316557	501
cCREs270575	chr2	113598306	113598807	501
cCREs270576	chr2	113600958	113601459	501
cCREs270848	chr2	114803191	114803692	501
cCREs270904	chr2	115101451	115101952	501
cCREs271267	chr2	116709542	116710043	501
cCREs271748	chr2	118511956	118512457	501
cCREs271751	chr2	118519090	118519591	501
cCREs271787	chr2	118642301	118642802	501
cCREs271946	chr2	119398568	119399253	685
cCREs271951	chr2	119411645	119412146	501
cCREs272052	chr2	120032514	120033015	501
cCREs272419	chr2	121809817	121810318	501
cCREs272989	chr2	124616715	124617216	501
cCREs273263	chr2	125651503	125652004	501
cCREs273573	chr2	127138815	127139545	730
cCREs273681	chr2	127611379	127611880	501
cCREs273691	chr2	127655377	127655878	501
cCREs273700	chr2	127727995	127728496	501
cCREs273702	chr2	127736319	127737022	703
cCREs273806	chr2	128272657	128273158	501
cCREs273839	chr2	128390260	128390761	501
cCREs273925	chr2	128755241	128755742	501
cCREs274488	chr2	131128072	131128573	501
cCREs274489	chr2	131129769	131130318	549
cCREs274574	chr2	131500654	131501155	501
cCREs274727	chr2	132022553	132023054	501
cCREs274870	chr2	132525423	132525924	501
cCREs274877	chr2	132547403	132547904	501
cCREs274879	chr2	132569656	132570157	501
cCREs274902	chr2	132643236	132643737	501
cCREs274908	chr2	132675777	132676599	822
cCREs274914	chr2	132692389	132692890	501
cCREs275326	chr2	134856282	134857110	828
cCREs275329	chr2	134867917	134868418	501
cCREs275553	chr2	135571435	135571936	501
cCREs275629	chr2	135862548	135863049	501
cCREs275945	chr2	136956553	136957465	912
cCREs275990	chr2	137098253	137099027	774
cCREs276249	chr2	138295276	138296017	741
cCREs276551	chr2	139717699	139718200	501
cCREs276565	chr2	139776362	139776863	501
cCREs277620	chr2	144053807	144054308	501
cCREs278095	chr2	145797748	145798249	501
cCREs278096	chr2	145798944	145799445	501
cCREs278170	chr2	146096499	146097000	501
cCREs278234	chr2	146311143	146311644	501
cCREs278378	chr2	146937954	146938455	501
cCREs278578	chr2	148171615	148172116	501
cCREs278628	chr2	148345287	148345931	644
cCREs278629	chr2	148346637	148348195	1558
cCREs278678	chr2	148490167	148490776	609
cCREs278685	chr2	148505644	148506145	501
cCREs278696	chr2	148531954	148532455	501
cCREs278725	chr2	148603239	148603817	578
cCREs278990	chr2	150221109	150221610	501
cCREs279257	chr2	151977582	151978946	1364
cCREs279265	chr2	151999650	152000151	501
cCREs279309	chr2	152150360	152150861	501
cCREs279338	chr2	152327974	152328475	501
cCREs279346	chr2	152359673	152360174	501
cCREs279423	chr2	152726701	152727458	757
cCREs279424	chr2	152728117	152728708	591
cCREs279515	chr2	153065687	153066188	501
cCREs279521	chr2	153077404	153077905	501
cCREs279566	chr2	153282530	153283031	501
cCREs280196	chr2	156376853	156377354	501
cCREs280445	chr2	157131159	157131660	501
cCREs280466	chr2	157299215	157299716	501
cCREs280497	chr2	157382821	157383486	665
cCREs280743	chr2	158141846	158142543	697
cCREs280895	chr2	158693287	158693788	501
cCREs281043	chr2	159354180	159354681	501
cCREs281212	chr2	160382890	160383391	501
cCREs281289	chr2	160738331	160738832	501
cCREs281989	chr2	163666988	163667489	501
cCREs282001	chr2	163696638	163697139	501
cCREs282026	chr2	163803897	163804398	501
cCREs282259	chr2	164874230	164874844	614
cCREs282542	chr2	165843304	165843805	501
cCREs282584	chr2	165976815	165977329	514
cCREs282795	chr2	166657317	166658158	841
cCREs282993	chr2	167379154	167379655	501
cCREs282995	chr2	167383572	167384073	501
cCREs283074	chr2	167671206	167671707	501
cCREs283478	chr2	169288880	169289381	501
cCREs283525	chr2	169516039	169516540	501
cCREs283582	chr2	169750931	169751728	797
cCREs284328	chr2	173247951	173248452	501
cCREs284346	chr2	173286777	173287278	501
cCREs284352	chr2	173304970	173305514	544
cCREs285314	chr2	180222211	180222712	501
cCREs285556	chr2	181228301	181228802	501
cCREs285561	chr2	181272008	181272509	501
cCREs285593	chr2	181460261	181460764	503
cCREs285595	chr2	181470244	181470745	501
cCREs285631	chr2	181662934	181663753	819
cCREs286199	chr3	8640302	8640803	501
cCREs286201	chr3	8643116	8643677	561
cCREs286239	chr3	8794961	8795946	985
cCREs286292	chr3	8988431	8989328	897
cCREs286317	chr3	9100765	9101731	966
cCREs287235	chr3	14891289	14891790	501
cCREs287260	chr3	14999774	15000491	717
cCREs288112	chr3	20841777	20842478	701
cCREs288277	chr3	21639575	21640076	501
cCREs288667	chr3	24079656	24080157	501
cCREs289280	chr3	27267249	27267753	504
cCREs289592	chr3	28371506	28372007	501
cCREs289939	chr3	29751370	29751871	501
cCREs289974	chr3	29976582	29977083	501
cCREs290002	chr3	30138040	30138564	524
cCREs290008	chr3	30161189	30161770	581
cCREs290016	chr3	30203715	30204216	501
cCREs290057	chr3	30410735	30411236	501
cCREs290063	chr3	30457841	30458602	761
cCREs290066	chr3	30465981	30466642	661
cCREs290068	chr3	30470501	30471002	501
cCREs290070	chr3	30478174	30478675	501
cCREs290071	chr3	30480554	30481055	501
cCREs290073	chr3	30498411	30498912	501
cCREs290126	chr3	30806073	30806574	501
cCREs290185	chr3	31053098	31053599	501
cCREs291270	chr3	35704172	35704673	501
cCREs291667	chr3	37706441	37706942	501
cCREs291680	chr3	37760913	37761414	501
cCREs293934	chr3	51193998	51194499	501
cCREs293977	chr3	51360016	51360517	501
cCREs294235	chr3	52266544	52267045	501
cCREs294260	chr3	52346948	52347449	501
cCREs294268	chr3	52383191	52383915	724
cCREs294291	chr3	52502110	52503031	921
cCREs294334	chr3	52632559	52633060	501
cCREs294337	chr3	52639603	52640104	501
cCREs294622	chr3	53599223	53599724	501
cCREs294907	chr3	54725849	54726541	692
cCREs294936	chr3	54845952	54846453	501
cCREs295590	chr3	57288887	57289388	501
cCREs295613	chr3	57425316	57425853	537
cCREs295666	chr3	57612483	57612984	501
cCREs296222	chr3	60499013	60499549	536
cCREs296275	chr3	60617512	60618013	501
cCREs296362	chr3	61091946	61092447	501
cCREs296379	chr3	61188440	61189408	968
cCREs296617	chr3	62447106	62447607	501
cCREs297234	chr3	65799613	65800116	503
cCREs297577	chr3	67799094	67799922	828
cCREs297782	chr3	68492438	68492939	501
cCREs298073	chr3	69556077	69556578	501
cCREs298094	chr3	69626929	69627700	771
cCREs298628	chr3	73673129	73673897	768
cCREs298653	chr3	73848917	73849418	501
cCREs298937	chr3	75909278	75909779	501
cCREs298944	chr3	75924525	75925026	501
cCREs298948	chr3	75935998	75936538	540
cCREs300752	chr3	84337522	84338052	530
cCREs300885	chr3	84848727	84849491	764
cCREs301665	chr3	88082571	88083144	573
cCREs301903	chr3	89124088	89124589	501
cCREs301945	chr3	89278037	89278538	501
cCREs301966	chr3	89347851	89348352	501
cCREs302096	chr3	89830953	89831454	501
cCREs302097	chr3	89835356	89835857	501
cCREs302100	chr3	89853395	89854244	849
cCREs302108	chr3	89869553	89870054	501
cCREs302111	chr3	89883586	89884087	501
cCREs302731	chr3	95234814	95235315	501
cCREs302753	chr3	95292264	95292765	501
cCREs302841	chr3	95859566	95860067	501
cCREs302898	chr3	96084282	96084783	501
cCREs302925	chr3	96166147	96166648	501
cCREs303065	chr3	96845671	96846261	590
cCREs303373	chr3	98074790	98075291	501
cCREs304070	chr3	101550611	101551112	501
cCREs304163	chr3	101880766	101881267	501
cCREs304412	chr3	102738498	102738999	501
cCREs304447	chr3	102997609	102998110	501
cCREs304787	chr3	104573250	104574123	873
cCREs304909	chr3	105087290	105087791	501
cCREs305121	chr3	105699407	105699908	501
cCREs305122	chr3	105701382	105701883	501
cCREs305164	chr3	105846616	105847117	501
cCREs305207	chr3	106040021	106040522	501
cCREs305493	chr3	107616471	107616972	501
cCREs305591	chr3	107923370	107923871	501
cCREs305616	chr3	108002002	108002503	501
cCREs306813	chr3	115687733	115688234	501
cCREs306821	chr3	115711285	115711786	501
cCREs306831	chr3	115758390	115758992	602
cCREs306836	chr3	115768775	115769276	501
cCREs306926	chr3	116137995	116138514	519
cCREs307014	chr3	116406396	116406897	501
cCREs307017	chr3	116414186	116414955	769
cCREs307072	chr3	116638620	116639440	820
cCREs307126	chr3	116921391	116921892	501
cCREs307137	chr3	116954182	116954683	501
cCREs307161	chr3	117038197	117039022	825
cCREs308099	chr3	121467135	121467636	501
cCREs308240	chr3	121891317	121891822	505
cCREs308243	chr3	121900262	121901023	761
cCREs308248	chr3	121911859	121912360	501
cCREs308265	chr3	121982035	121982896	861
cCREs308341	chr3	122291750	122292251	501
cCREs308528	chr3	122942248	122942749	501
cCREs308556	chr3	123042889	123043390	501
cCREs308558	chr3	123053137	123054018	881
cCREs308572	chr3	123083969	123084470	501
cCREs308594	chr3	123162138	123162953	815
cCREs308623	chr3	123291630	123292131	501
cCREs309591	chr3	127807827	127808328	501
cCREs309965	chr3	129835215	129835716	501
cCREs310204	chr3	130701617	130702118	501
cCREs310225	chr3	130813499	130814214	715
cCREs310230	chr3	130833215	130834169	954
cCREs310239	chr3	130883902	130884403	501
cCREs310244	chr3	130902304	130902805	501
cCREs310255	chr3	130936769	130937270	501
cCREs310270	chr3	130987004	130987505	501
cCREs310272	chr3	131003494	131004214	720
cCREs310281	chr3	131057210	131057711	501
cCREs310284	chr3	131064391	131064892	501
cCREs310360	chr3	131340775	131341332	557
cCREs310365	chr3	131367783	131368284	501
cCREs310463	chr3	131803760	131804263	503
cCREs311101	chr3	135299967	135300753	786
cCREs311110	chr3	135327068	135327938	870
cCREs311113	chr3	135342078	135342579	501
cCREs311192	chr3	135668977	135669478	501
cCREs311226	chr3	135836213	135836714	501
cCREs311581	chr3	137226056	137226557	501
cCREs311585	chr3	137242105	137242606	501
cCREs311949	chr3	138722147	138722719	572
cCREs312137	chr3	139344322	139345135	813
cCREs312774	chr3	142368350	142368872	522
cCREs312798	chr3	142508813	142509314	501
cCREs313485	chr3	145114166	145114667	501
cCREs313576	chr3	145478393	145478894	501
cCREs313647	chr3	145757093	145757594	501
cCREs313661	chr3	145798664	145799165	501
cCREs313663	chr3	145800162	145800663	501
cCREs313690	chr3	145892350	145892851	501
cCREs313698	chr3	145910177	145910870	693
cCREs313819	chr3	146418785	146419446	661
cCREs313953	chr3	146833545	146834222	677
cCREs313958	chr3	146846218	146846719	501
cCREs314498	chr3	149294411	149294912	501
cCREs314816	chr3	151323732	151324233	501
cCREs314830	chr3	151386056	151386557	501
cCREs314843	chr3	151437619	151438120	501
cCREs314848	chr3	151465163	151465664	501
cCREs315533	chr3	153710503	153711314	811
cCREs315691	chr3	154198705	154199206	501
cCREs317474	chr4	6419936	6420437	501
cCREs317795	chr4	8068064	8068582	518
cCREs318325	chr4	10706951	10707493	542
cCREs318455	chr4	11394315	11394816	501
cCREs318489	chr4	11609907	11610408	501
cCREs318852	chr4	13267676	13268177	501
cCREs318941	chr4	13727483	13727984	501
cCREs319283	chr4	15280928	15281429	501
cCREs320537	chr4	23350049	23350550	501
cCREs320778	chr4	24889878	24890379	501
cCREs321908	chr4	32337480	32338115	635
cCREs322072	chr4	32930923	32931424	501
cCREs323425	chr4	40836255	40836816	561
cCREs323554	chr4	41357201	41357968	767
cCREs323710	chr4	42865612	42866113	501
cCREs323778	chr4	43184846	43185525	679
cCREs323814	chr4	43340001	43340502	501
cCREs323922	chr4	43747962	43748538	576
cCREs323941	chr4	43895116	43895617	501
cCREs323947	chr4	43919486	43919987	501
cCREs324425	chr4	46276891	46277512	621
cCREs325064	chr4	48561113	48561958	845
cCREs325078	chr4	48589856	48590357	501
cCREs325117	chr4	48685071	48685572	501
cCREs325284	chr4	49480847	49481348	501
cCREs325942	chr4	53323775	53324276	501
cCREs326021	chr4	53544854	53545355	501
cCREs326224	chr4	54391978	54392479	501
cCREs326242	chr4	54495315	54496077	762
cCREs326245	chr4	54501868	54502369	501
cCREs326499	chr4	55622579	55623080	501
cCREs326514	chr4	55670223	55670724	501
cCREs326516	chr4	55689376	55689983	607
cCREs326532	chr4	55733064	55733600	536
cCREs326799	chr4	56957447	56958174	727
cCREs327070	chr4	57794451	57794952	501
cCREs327086	chr4	57841866	57842458	592
cCREs327669	chr4	62395841	62396342	501
cCREs327683	chr4	62457141	62457951	810
cCREs327699	chr4	62509880	62510381	501
cCREs327742	chr4	62646711	62647426	715
cCREs327779	chr4	62743071	62743793	722
cCREs329990	chr4	75267091	75267592	501
cCREs330026	chr4	75579851	75580352	501
cCREs330027	chr4	75580401	75580902	501
cCREs330216	chr4	76440720	76441483	763
cCREs330872	chr4	81129544	81130323	779
cCREs331111	chr4	82316767	82317268	501
cCREs331117	chr4	82330019	82330520	501
cCREs331132	chr4	82359079	82359580	501
cCREs331137	chr4	82364999	82365500	501
cCREs332130	chr4	86722018	86722519	501
cCREs332452	chr4	87930847	87931348	501
cCREs332532	chr4	88218219	88218720	501
cCREs332707	chr4	89348806	89349307	501
cCREs332722	chr4	89444933	89445495	562
cCREs332731	chr4	89475727	89476228	501
cCREs332735	chr4	89505425	89505926	501
cCREs332737	chr4	89513298	89514083	785
cCREs333494	chr4	94765168	94765669	501
cCREs333495	chr4	94768618	94769119	501
cCREs333543	chr4	95031076	95031606	530
cCREs333733	chr4	95846753	95847484	731
cCREs334329	chr4	98806268	98806769	501
cCREs334332	chr4	98810837	98811338	501
cCREs334747	chr4	100795426	100795927	501
cCREs335020	chr4	101689543	101690075	532
cCREs335035	chr4	101732495	101732996	501
cCREs335064	chr4	102045692	102046193	501
cCREs335243	chr4	102630167	102630668	501
cCREs335376	chr4	103134991	103135492	501
cCREs336563	chr4	107733638	107734395	757
cCREs336564	chr4	107735477	107735978	501
cCREs336593	chr4	107806116	107806617	501
cCREs336632	chr4	107922051	107922562	511
cCREs336711	chr4	108335382	108335883	501
cCREs336715	chr4	108348410	108348911	501
cCREs336775	chr4	108738275	108739413	1138
cCREs336845	chr4	109049293	109049794	501
cCREs336868	chr4	109116447	109116948	501
cCREs337488	chr4	114659408	114660287	879
cCREs337494	chr4	114677016	114677517	501
cCREs337760	chr4	116647054	116647555	501
cCREs337845	chr4	117101190	117101933	743
cCREs337903	chr4	117351881	117352382	501
cCREs337962	chr4	117624632	117625133	501
cCREs337990	chr4	117793063	117793564	501
cCREs338082	chr4	118162079	118162580	501
cCREs338226	chr4	119009830	119010331	501
cCREs338231	chr4	119021785	119022286	501
cCREs338234	chr4	119039687	119040405	718
cCREs338238	chr4	119071457	119071958	501
cCREs338241	chr4	119094944	119095445	501
cCREs338242	chr4	119096307	119096808	501
cCREs338278	chr4	119261034	119261535	501
cCREs338280	chr4	119274566	119275067	501
cCREs338617	chr4	120571609	120572110	501
cCREs338804	chr4	122981720	122982221	501
cCREs338805	chr4	122983431	122983932	501
cCREs339171	chr4	124703459	124704280	821
cCREs339190	chr4	124772092	124772593	501
cCREs339573	chr4	126234534	126235035	501
cCREs340378	chr4	129621246	129621839	593
cCREs340530	chr4	130166515	130167016	501
cCREs340532	chr4	130169387	130169888	501
cCREs340673	chr4	130882654	130883203	549
cCREs340882	chr4	131721975	131723186	1211
cCREs341240	chr4	133247079	133247580	501
cCREs341428	chr4	134252391	134252892	501
cCREs341429	chr4	134253866	134254390	524
cCREs341430	chr4	134255739	134256240	501
cCREs341431	chr4	134257643	134258144	501
cCREs341432	chr4	134266165	134266666	501
cCREs341482	chr4	134467262	134467763	501
cCREs341588	chr4	134754829	134755330	501
cCREs341595	chr4	134779068	134779569	501
cCREs341742	chr4	135498137	135498638	501
cCREs341869	chr4	136144457	136145035	578
cCREs341889	chr4	136246433	136246979	546
cCREs341946	chr4	136505521	136506273	752
cCREs342168	chr4	137478176	137478677	501
cCREs342173	chr4	137489964	137490465	501
cCREs342175	chr4	137497286	137497886	600
cCREs342183	chr4	137527756	137528543	787
cCREs342270	chr4	137801122	137801623	501
cCREs342272	chr4	137815396	137815897	501
cCREs342273	chr4	137820668	137821244	576
cCREs342314	chr4	137936413	137936965	552
cCREs342562	chr4	138817645	138818146	501
cCREs342768	chr4	139594037	139594565	528
cCREs343196	chr4	141353720	141354319	599
cCREs343197	chr4	141356326	141356827	501
cCREs343215	chr4	141435932	141436433	501
cCREs343257	chr4	141569907	141570416	509
cCREs343267	chr4	141609462	141610024	562
cCREs343309	chr4	141751992	141752563	571
cCREs343395	chr4	142071494	142072041	547
cCREs343654	chr4	143140844	143141345	501
cCREs343722	chr4	144898202	144898703	501
cCREs343826	chr4	145229702	145230213	511
cCREs343829	chr4	145236045	145236661	616
cCREs343836	chr4	145260704	145261205	501
cCREs343843	chr4	145278944	145279445	501
cCREs343858	chr4	145367175	145367857	682
cCREs343870	chr4	147448961	147449462	501
cCREs343893	chr4	147934069	147934570	501
cCREs343950	chr4	148149541	148150042	501
cCREs344111	chr4	148836324	148836825	501
cCREs344308	chr4	149592375	149593032	657
cCREs344379	chr4	149832246	149832994	748
cCREs344487	chr4	150260009	150260510	501
cCREs344989	chr4	152096469	152097426	957
cCREs345504	chr4	154180880	154181546	666
cCREs345514	chr4	154217530	154218144	614
cCREs345541	chr4	154359699	154360200	501
cCREs345746	chr4	155176163	155176694	531
cCREs345763	chr4	155215113	155215614	501
cCREs345910	chr4	155883539	155884040	501
cCREs345937	chr4	156077393	156078540	1147
cCREs346014	chr5	3463050	3463623	573
cCREs346422	chr5	5297062	5297563	501
cCREs346932	chr5	8481093	8481594	501
cCREs346954	chr5	8581333	8581834	501
cCREs346956	chr5	8590185	8590899	714
cCREs346971	chr5	8735309	8735810	501
cCREs348144	chr5	17116042	17116543	501
cCREs348175	chr5	17321817	17322318	501
cCREs348177	chr5	17345713	17346214	501
cCREs348237	chr5	17642855	17643579	724
cCREs348291	chr5	17918930	17919431	501
cCREs348726	chr5	20257389	20257890	501
cCREs349108	chr5	21691703	21692255	552
cCREs349396	chr5	23015485	23016486	1001
cCREs349462	chr5	23291512	23292013	501
cCREs349709	chr5	24364450	24364996	546
cCREs349710	chr5	24365477	24365978	501
cCREs349870	chr5	24978950	24979451	501
cCREs349908	chr5	25069700	25070201	501
cCREs349990	chr5	25526020	25526580	560
cCREs350530	chr5	28236056	28236557	501
cCREs351026	chr5	30969351	30969852	501
cCREs351045	chr5	31073143	31073844	701
cCREs351526	chr5	33638828	33639329	501
cCREs351790	chr5	34968313	34968814	501
cCREs351806	chr5	35006559	35007086	527
cCREs351991	chr5	35708069	35708570	501
cCREs352000	chr5	35722614	35723115	501
cCREs352003	chr5	35739834	35740372	538
cCREs352004	chr5	35741440	35742282	842
cCREs353188	chr5	39841144	39841645	501
cCREs353863	chr5	43424402	43425373	971
cCREs354027	chr5	44050122	44050623	501
cCREs354035	chr5	44077290	44077791	501
cCREs354188	chr5	44626053	44626554	501
cCREs354242	chr5	44764929	44765430	501
cCREs354400	chr5	45483605	45484212	607
cCREs354537	chr5	46158870	46159371	501
cCREs354693	chr5	47019854	47020380	526
cCREs356244	chr5	53913827	53914351	524
cCREs356263	chr5	53950118	53950672	554
cCREs356836	chr5	57938402	57938903	501
cCREs357367	chr5	62703971	62704472	501
cCREs357632	chr5	63910080	63911063	983
cCREs357637	chr5	63923540	63924041	501
cCREs357767	chr5	64314993	64315579	586
cCREs357769	chr5	64319429	64319930	501
cCREs357902	chr5	64739339	64740161	822
cCREs357954	chr5	64954937	64955679	742
cCREs357999	chr5	65113325	65113826	501
cCREs358139	chr5	65731498	65731999	501
cCREs358148	chr5	65790584	65791085	501
cCREs358338	chr5	66479506	66480116	610
cCREs358373	chr5	66567992	66568493	501
cCREs358379	chr5	66579038	66579709	671
cCREs358414	chr5	66699832	66700333	501
cCREs358429	chr5	66748701	66749202	501
cCREs358485	chr5	66882635	66883136	501
cCREs358530	chr5	66989487	66989988	501
cCREs358717	chr5	67799715	67800250	535
cCREs359603	chr5	72828202	72828805	603
cCREs359719	chr5	73229351	73229852	501
cCREs360058	chr5	74312374	74312875	501
cCREs360145	chr5	74679652	74680153	501
cCREs360478	chr5	75945438	75945939	501
cCREs360484	chr5	75961744	75962589	845
cCREs360486	chr5	75970160	75970917	757
cCREs360492	chr5	76004233	76004734	501
cCREs360507	chr5	76058002	76058503	501
cCREs361370	chr5	81268860	81269361	501
cCREs362210	chr5	86727004	86727505	501
cCREs363568	chr5	96176080	96176581	501
cCREs363573	chr5	96196620	96197121	501
cCREs363589	chr5	96253804	96254355	551
cCREs363590	chr5	96255765	96256266	501
cCREs363738	chr5	96795730	96796265	535
cCREs363740	chr5	96804251	96804752	501
cCREs365332	chr5	104025173	104025674	501
cCREs365366	chr5	104130299	104130800	501
cCREs365479	chr5	105146409	105146910	501
cCREs365481	chr5	105156508	105157009	501
cCREs365485	chr5	105198013	105198582	569
cCREs365543	chr5	105523351	105523852	501
cCREs365572	chr5	105614655	105615156	501
cCREs365690	chr5	105975557	105976439	882
cCREs365885	chr5	107101018	107101519	501
cCREs365903	chr5	107146171	107146672	501
cCREs365914	chr5	107184118	107184916	798
cCREs365923	chr5	107222876	107223589	713
cCREs365929	chr5	107240062	107240693	631
cCREs366088	chr5	107993508	107994009	501
cCREs366093	chr5	108002659	108003160	501
cCREs366598	chr5	111626944	111627445	501
cCREs366758	chr5	112284129	112284630	501
cCREs366774	chr5	112316931	112317771	840
cCREs366918	chr5	112755851	112756352	501
cCREs367058	chr5	113207969	113208514	545
cCREs367060	chr5	113210183	113210684	501
cCREs367282	chr5	113955676	113956177	501
cCREs367331	chr5	114151350	114152232	882
cCREs367337	chr5	114186096	114186597	501
cCREs367360	chr5	114374148	114374964	816
cCREs367507	chr5	114923081	114923645	564
cCREs367578	chr5	115238712	115239213	501
cCREs367637	chr5	115534088	115534679	591
cCREs367716	chr5	115854239	115854885	646
cCREs367720	chr5	115866187	115866707	520
cCREs367755	chr5	115980181	115981015	834
cCREs368244	chr5	118051967	118052468	501
cCREs368282	chr5	118144763	118145264	501
cCREs368414	chr5	118655904	118656596	692
cCREs368489	chr5	118981067	118981568	501
cCREs368500	chr5	119052317	119052995	678
cCREs368765	chr5	120582210	120582711	501
cCREs369230	chr5	122396797	122397298	501
cCREs369252	chr5	122479091	122479592	501
cCREs369393	chr5	123040529	123041030	501
cCREs369531	chr5	123650573	123651074	501
cCREs369563	chr5	123837289	123837887	598
cCREs369570	chr5	123874061	123874562	501
cCREs369588	chr5	123975773	123976274	501
cCREs369642	chr5	124141604	124142105	501
cCREs369671	chr5	124210529	124211052	523
cCREs369762	chr5	124529378	124529904	526
cCREs369964	chr5	125306785	125307286	501
cCREs369973	chr5	125330965	125331571	606
cCREs369975	chr5	125337421	125337922	501
cCREs370920	chr5	129260719	129261220	501
cCREs372169	chr5	134769124	134769625	501
cCREs372187	chr5	134891528	134892148	620
cCREs372210	chr5	135037596	135038097	501
cCREs372299	chr5	135527999	135528500	501
cCREs372303	chr5	135537209	135537710	501
cCREs372677	chr5	137351951	137352452	501
cCREs372680	chr5	137375572	137376073	501
cCREs372887	chr5	138888636	138889165	529
cCREs373117	chr5	139732743	139733244	501
cCREs373333	chr5	140575128	140575964	836
cCREs373547	chr5	141471051	141471571	520
cCREs373890	chr5	142927355	142927856	501
cCREs373895	chr5	142945214	142945747	533
cCREs374008	chr5	143511527	143512028	501
cCREs374035	chr5	143614431	143614932	501
cCREs374093	chr5	143992553	143993085	532
cCREs374290	chr5	144870653	144871154	501
cCREs374596	chr5	147031209	147031710	501
cCREs374604	chr5	147045883	147046384	501
cCREs374661	chr5	147435064	147435565	501
cCREs374711	chr5	147646250	147646751	501
cCREs374712	chr5	147651535	147652036	501
cCREs374713	chr5	147657428	147658307	879
cCREs374717	chr5	147673970	147674695	725
cCREs374725	chr5	147718242	147718743	501
cCREs374731	chr5	147752748	147753600	852
cCREs374760	chr5	147913409	147913910	501
cCREs374868	chr5	148356005	148356506	501
cCREs375027	chr5	148956917	148957590	673
cCREs375406	chr5	150315982	150316483	501
cCREs375410	chr5	150332645	150333146	501
cCREs375456	chr5	150514232	150514733	501
cCREs375570	chr5	151057670	151058209	539
cCREs375612	chr5	151181246	151181747	501
cCREs375933	chr6	4697117	4697618	501
cCREs376009	chr6	5078576	5079291	715
cCREs376012	chr6	5082719	5083244	525
cCREs377248	chr6	12054038	12054669	631
cCREs377578	chr6	13830676	13831177	501
cCREs377800	chr6	15303922	15304423	501
cCREs377877	chr6	15777023	15777524	501
cCREs378125	chr6	17236018	17236519	501
cCREs378941	chr6	21798473	21798974	501
cCREs378942	chr6	21799343	21799844	501
cCREs379755	chr6	25801209	25801710	501
cCREs380454	chr6	29193867	29194368	501
cCREs380524	chr6	29508982	29509483	501
cCREs381035	chr6	31531852	31532353	501
cCREs381038	chr6	31544145	31544705	560
cCREs381041	chr6	31550982	31551483	501
cCREs381042	chr6	31557531	31558220	689
cCREs381053	chr6	31587523	31588060	537
cCREs381054	chr6	31589150	31589651	501
cCREs381055	chr6	31592424	31592925	501
cCREs381057	chr6	31599855	31600356	501
cCREs381061	chr6	31606418	31606919	501
cCREs381063	chr6	31617227	31617755	528
cCREs381206	chr6	32234796	32235297	501
cCREs382357	chr6	36842323	36842824	501
cCREs382570	chr6	37416558	37417059	501
cCREs382628	chr6	37713334	37713835	501
cCREs383059	chr6	39454568	39455977	1409
cCREs383373	chr6	40430170	40430671	501
cCREs383382	chr6	40455661	40456162	501
cCREs383385	chr6	40464208	40465234	1026
cCREs383812	chr6	43271174	43271675	501
cCREs383888	chr6	43568703	43569204	501
cCREs383919	chr6	43682475	43683231	756
cCREs384680	chr6	48073300	48073801	501
cCREs384808	chr6	48697043	48698031	988
cCREs385451	chr6	51511003	51511504	501
cCREs385990	chr6	53862849	53863469	620
cCREs385994	chr6	53883054	53884214	1160
cCREs386035	chr6	54017964	54018465	501
cCREs386040	chr6	54031804	54032358	554
cCREs386050	chr6	54058820	54059321	501
cCREs386060	chr6	54084866	54085367	501
cCREs386061	chr6	54085757	54086258	501
cCREs386144	chr6	54296892	54297685	793
cCREs386324	chr6	54925736	54926463	727
cCREs386349	chr6	55028556	55029057	501
cCREs386402	chr6	55200586	55201087	501
cCREs387002	chr6	58623220	58623721	501
cCREs387007	chr6	58646338	58647195	857
cCREs387010	chr6	58653805	58654749	944
cCREs387012	chr6	58672755	58673256	501
cCREs387015	chr6	58677747	58678248	501
cCREs387404	chr6	61262415	61262916	501
cCREs387672	chr6	62917935	62918797	862
cCREs388015	chr6	65061010	65061514	504
cCREs388284	chr6	66412985	66413493	508
cCREs388285	chr6	66414087	66414588	501
cCREs388292	chr6	66443209	66443710	501
cCREs388297	chr6	66455101	66455602	501
cCREs388298	chr6	66465095	66465922	827
cCREs388384	chr6	67087119	67087620	501
cCREs388389	chr6	67105394	67105895	501
cCREs388832	chr6	71106507	71107008	501
cCREs388958	chr6	71710300	71710801	501
cCREs389112	chr6	72265585	72266086	501
cCREs389169	chr6	72501398	72501899	501
cCREs389288	chr6	72947954	72948455	501
cCREs389290	chr6	72952203	72952704	501
cCREs389320	chr6	73070649	73071150	501
cCREs389321	chr6	73072182	73072683	501
cCREs390850	chr6	82066694	82067195	501
cCREs390853	chr6	82084097	82084787	690
cCREs391152	chr6	83415463	83415964	501
cCREs391281	chr6	84053912	84054413	501
cCREs391423	chr6	84695896	84696397	501
cCREs391468	chr6	84883176	84883677	501
cCREs391469	chr6	84886667	84887318	651
cCREs391514	chr6	85100608	85101384	776
cCREs391598	chr6	85442905	85443406	501
cCREs391669	chr6	85906031	85906532	501
cCREs391760	chr6	86212726	86213244	518
cCREs391825	chr6	86477679	86478180	501
cCREs391826	chr6	86479233	86479734	501
cCREs392083	chr6	87388798	87389304	506
cCREs392245	chr6	88152049	88152550	501
cCREs392256	chr6	88204457	88204958	501
cCREs392257	chr6	88205882	88206383	501
cCREs392349	chr6	88602767	88603268	501
cCREs392383	chr6	88716984	88717630	646
cCREs392451	chr6	88914688	88915189	501
cCREs392569	chr6	89336229	89336821	592
cCREs392820	chr6	90678638	90679139	501
cCREs393012	chr6	91213873	91214374	501
cCREs393156	chr6	91714997	91715498	501
cCREs393245	chr6	92014846	92015347	501
cCREs393256	chr6	92041285	92041786	501
cCREs393564	chr6	93190922	93191449	527
cCREs393567	chr6	93194672	93195173	501
cCREs394220	chr6	95742322	95742823	501
cCREs394474	chr6	97068746	97069247	501
cCREs394484	chr6	97110598	97111314	716
cCREs394486	chr6	97116858	97117563	705
cCREs394505	chr6	97208348	97208849	501
cCREs394526	chr6	97310919	97311420	501
cCREs394538	chr6	97349359	97350252	893
cCREs394541	chr6	97354902	97355570	668
cCREs394557	chr6	97407608	97408109	501
cCREs394705	chr6	97912608	97913132	524
cCREs394985	chr6	99011870	99012371	501
cCREs394990	chr6	99023589	99024090	501
cCREs395038	chr6	99164698	99165199	501
cCREs395114	chr6	99378950	99379485	535
cCREs395154	chr6	99492663	99493460	797
cCREs395366	chr6	100180119	100180620	501
cCREs395367	chr6	100180746	100181305	559
cCREs397096	chr6	107851981	107852482	501
cCREs397338	chr6	108688227	108688728	501
cCREs398025	chr6	112287635	112288136	501
cCREs398036	chr6	112327647	112328148	501
cCREs398048	chr6	112387943	112388444	501
cCREs399182	chr6	116584064	116584565	501
cCREs399192	chr6	116644202	116644703	501
cCREs399197	chr6	116651710	116652211	501
cCREs399376	chr6	117347294	117347795	501
cCREs399397	chr6	117460141	117460642	501
cCREs399417	chr6	117559429	117559930	501
cCREs399426	chr6	117583093	117583866	773
cCREs399428	chr6	117606865	117607366	501
cCREs399436	chr6	117647426	117647927	501
cCREs399572	chr6	118225206	118225707	501
cCREs399590	chr6	118309966	118310467	501
cCREs399592	chr6	118314887	118315388	501
cCREs399971	chr6	119663024	119663525	501
cCREs399983	chr6	119694984	119695485	501
cCREs400755	chr6	124787640	124788141	501
cCREs400866	chr6	125234215	125234720	505
cCREs400951	chr6	125529430	125530052	622
cCREs400953	chr6	125534938	125535439	501
cCREs400959	chr6	125552656	125553157	501
cCREs401042	chr6	125975955	125976513	558
cCREs401046	chr6	125992711	125993212	501
cCREs401080	chr6	126170731	126171305	574
cCREs401081	chr6	126172063	126172564	501
cCREs401122	chr6	126404661	126405162	501
cCREs401606	chr6	128124157	128124658	501
cCREs401688	chr6	128435356	128435857	501
cCREs401788	chr6	128996729	128997243	514
cCREs401790	chr6	129005468	129006289	821
cCREs401832	chr6	129213336	129213984	648
cCREs401869	chr6	129425769	129426270	501
cCREs401890	chr6	129527950	129528451	501
cCREs401938	chr6	131316309	131316826	517
cCREs402020	chr6	133701599	133702100	501
cCREs402045	chr6	134047145	134047646	501
cCREs402095	chr6	134167926	134168487	561
cCREs402263	chr6	134748118	134748665	547
cCREs402267	chr6	134761697	134762198	501
cCREs402274	chr6	134791182	134791683	501
cCREs403050	chr6	137467979	137468480	501
cCREs404037	chr6	141501932	141502433	501
cCREs404038	chr6	141514242	141514858	616
cCREs404046	chr6	141547121	141547622	501
cCREs404051	chr6	141572106	141572607	501
cCREs404081	chr6	141826010	141826511	501
cCREs404084	chr6	141833379	141834048	669
cCREs404087	chr6	141845662	141846163	501
cCREs404089	chr6	141849000	141849793	793
cCREs404102	chr6	141911651	141912214	563
cCREs404111	chr6	142030854	142031515	661
cCREs404224	chr6	142700707	142701566	859
cCREs404367	chr6	143148825	143149326	501
cCREs404413	chr6	143315950	143316451	501
cCREs404512	chr6	143702927	143703993	1066
cCREs404811	chr6	144890129	144890693	564
cCREs404958	chr6	145462977	145463923	946
cCREs404985	chr6	145568629	145569130	501
cCREs404996	chr6	145602053	145602554	501
cCREs404998	chr6	145604610	145605119	509
cCREs405250	chr6	146550365	146550988	623
cCREs405302	chr6	146769934	146770785	851
cCREs405562	chr6	147886614	147887115	501
cCREs405592	chr6	148054746	148055247	501
cCREs406068	chr7	4490845	4491760	915
cCREs406156	chr7	4948508	4949009	501
cCREs406210	chr7	6258215	6258716	501
cCREs406402	chr7	15954982	15955627	645
cCREs406587	chr7	16808688	16809261	573
cCREs406695	chr7	18781214	18781731	517
cCREs406706	chr7	18883854	18884355	501
cCREs406721	chr7	18947727	18948585	858
cCREs406783	chr7	19211003	19211745	742
cCREs406785	chr7	19213342	19213843	501
cCREs406819	chr7	19349096	19349597	501
cCREs406852	chr7	19491765	19492266	501
cCREs406905	chr7	19722747	19723248	501
cCREs406910	chr7	19753510	19754048	538
cCREs406940	chr7	19926831	19927332	501
cCREs407005	chr7	24455731	24456232	501
cCREs407190	chr7	25436073	25436671	598
cCREs407194	chr7	25464433	25465064	631
cCREs407225	chr7	25687980	25688481	501
cCREs407321	chr7	27322237	27322738	501
cCREs407327	chr7	27334442	27334943	501
cCREs407360	chr7	27501491	27502150	659
cCREs407580	chr7	28914433	28914934	501
cCREs408035	chr7	34298811	34299312	501
cCREs408254	chr7	35319619	35320227	608
cCREs408273	chr7	35386509	35387081	572
cCREs408282	chr7	35448343	35448918	575
cCREs408986	chr7	40502084	40502585	501
cCREs409104	chr7	43440379	43440880	501
cCREs409365	chr7	45119396	45119897	501
cCREs409366	chr7	45121300	45121801	501
cCREs409477	chr7	45627183	45627684	501
cCREs409479	chr7	45630355	45630856	501
cCREs409482	chr7	45640117	45640618	501
cCREs409489	chr7	45664095	45665182	1087
cCREs409563	chr7	46029988	46030569	581
cCREs409565	chr7	46036856	46037357	501
cCREs411079	chr7	56135229	56135730	501
cCREs411545	chr7	58627971	58628472	501
cCREs411560	chr7	58693126	58693798	672
cCREs411570	chr7	58721134	58722116	982
cCREs411579	chr7	58746824	58747325	501
cCREs411582	chr7	58751941	58752442	501
cCREs411660	chr7	60105306	60105807	501
cCREs411967	chr7	63919381	63919892	511
cCREs411988	chr7	64005040	64005541	501
cCREs412336	chr7	65386247	65386748	501
cCREs412346	chr7	65411898	65412399	501
cCREs412570	chr7	66309066	66309673	607
cCREs412887	chr7	67710218	67710719	501
cCREs412936	chr7	67884241	67884742	501
cCREs412938	chr7	67892923	67893569	646
cCREs413562	chr7	71500386	71501262	876
cCREs413614	chr7	71837812	71838313	501
cCREs413639	chr7	71963341	71963842	501
cCREs415176	chr7	78868626	78869127	501
cCREs415267	chr7	79279285	79279835	550
cCREs415280	chr7	79299476	79300147	671
cCREs415533	chr7	80313373	80314076	703
cCREs415604	chr7	80582649	80583150	501
cCREs415654	chr7	80739049	80739550	501
cCREs415662	chr7	80758276	80758777	501
cCREs415719	chr7	81057990	81058491	501
cCREs416006	chr7	82379293	82380325	1032
cCREs416290	chr7	83862729	83863230	501
cCREs416376	chr7	84240395	84240964	569
cCREs416721	chr7	88289805	88290306	501
cCREs416920	chr7	89391498	89392278	780
cCREs416947	chr7	89483738	89484366	628
cCREs416963	chr7	89553589	89554090	501
cCREs417033	chr7	89802407	89802933	526
cCREs417116	chr7	90218063	90218621	558
cCREs417759	chr7	92959742	92960243	501
cCREs418450	chr7	96902103	96902604	501
cCREs418501	chr7	97128673	97129418	745
cCREs418831	chr7	98769258	98769759	501
cCREs419009	chr7	99351864	99352634	770
cCREs419019	chr7	99384275	99384776	501
cCREs419028	chr7	99403158	99404039	881
cCREs419114	chr7	99694373	99694874	501
cCREs419212	chr7	100136939	100137634	695
cCREs419299	chr7	100502285	100502786	501
cCREs419425	chr7	100993208	100993709	501
cCREs419546	chr7	101480576	101481077	501
cCREs419825	chr7	102967324	102967825	501
cCREs419884	chr7	104248483	104248984	501
cCREs420006	chr7	105641624	105642125	501
cCREs420030	chr7	105769797	105770439	642
cCREs420436	chr7	109863620	109864121	501
cCREs420591	chr7	110680962	110681463	501
cCREs420652	chr7	110859608	110860577	969
cCREs421898	chr7	116207124	116207625	501
cCREs422473	chr7	118556984	118557875	891
cCREs422514	chr7	118714652	118715153	501
cCREs422759	chr7	119898262	119898936	674
cCREs422767	chr7	119941485	119941990	505
cCREs422772	chr7	119969924	119970425	501
cCREs422866	chr7	120643774	120644275	501
cCREs423298	chr7	122437299	122438107	808
cCREs423531	chr7	123338426	123338927	501
cCREs424033	chr7	125771410	125771911	501
cCREs424278	chr7	126880860	126881361	501
cCREs424347	chr7	127251156	127251657	501
cCREs424375	chr7	127426305	127426806	501
cCREs424765	chr7	129645019	129645777	758
cCREs425364	chr7	132339422	132339923	501
cCREs425462	chr7	132670268	132670769	501
cCREs425578	chr7	133041763	133042264	501
cCREs425601	chr7	133112455	133113002	547
cCREs425618	chr7	133204447	133204967	520
cCREs425654	chr7	133379255	133379756	501
cCREs425668	chr7	133446870	133447504	634
cCREs426165	chr7	135603041	135603542	501
cCREs426368	chr7	136689231	136690034	803
cCREs426387	chr7	136850287	136850831	544
cCREs426388	chr7	136852674	136853175	501
cCREs426937	chr7	139366605	139367106	501
cCREs427276	chr7	141096630	141097131	501
cCREs427297	chr7	141235431	141235932	501
cCREs427316	chr7	141337985	141338486	501
cCREs427317	chr7	141338664	141339196	532
cCREs427345	chr7	141463721	141464305	584
cCREs427350	chr7	141477895	141478471	576
cCREs427462	chr7	142033850	142034684	834
cCREs427530	chr7	142417965	142418466	501
cCREs427533	chr7	142433495	142434069	574
cCREs427649	chr7	143108945	143109446	501
cCREs427682	chr7	143313839	143314371	532
cCREs427705	chr7	143412233	143413053	820
cCREs428074	chr7	144982310	144983237	927
cCREs428180	chr8	3286429	3287157	728
cCREs428222	chr8	3510020	3510868	848
cCREs428227	chr8	3536009	3536510	501
cCREs428315	chr8	4356573	4357447	874
cCREs428716	chr8	7962034	7962598	564
cCREs428880	chr8	8603840	8604542	702
cCREs428936	chr8	8819183	8820000	817
cCREs429111	chr8	9434911	9435412	501
cCREs429112	chr8	9435427	9435928	501
cCREs429210	chr8	9807676	9808177	501
cCREs429625	chr8	11308438	11308939	501
cCREs429627	chr8	11316091	11316592	501
cCREs429628	chr8	11322708	11323209	501
cCREs429630	chr8	11326542	11327043	501
cCREs430024	chr8	12770954	12771455	501
cCREs430072	chr8	12903738	12904239	501
cCREs430337	chr8	13977598	13978099	501
cCREs430338	chr8	13979762	13980523	761
cCREs430339	chr8	13986416	13987589	1173
cCREs430620	chr8	14905520	14906538	1018
cCREs430666	chr8	15017351	15018052	701
cCREs431591	chr8	22208991	22209492	501
cCREs431598	chr8	22253110	22253611	501
cCREs431599	chr8	22258880	22259381	501
cCREs431710	chr8	22780296	22781046	750
cCREs431803	chr8	23166603	23167259	656
cCREs432162	chr8	24573064	24573631	567
cCREs432421	chr8	25710546	25711047	501
cCREs432739	chr8	27059509	27060518	1009
cCREs432741	chr8	27068352	27068853	501
cCREs432742	chr8	27071781	27072323	542
cCREs432770	chr8	27158999	27159500	501
cCREs432772	chr8	27166190	27166740	550
cCREs434044	chr8	33812937	33813438	501
cCREs434063	chr8	33887929	33888439	510
cCREs434070	chr8	33916994	33917495	501
cCREs434126	chr8	34229464	34229965	501
cCREs434230	chr8	34578008	34578570	562
cCREs434547	chr8	35655537	35656038	501
cCREs434558	chr8	35692477	35693408	931
cCREs434620	chr8	35919422	35919923	501
cCREs434844	chr8	36603047	36603548	501
cCREs435632	chr8	41018869	41019370	501
cCREs435638	chr8	41032523	41033024	501
cCREs435666	chr8	41116128	41116629	501
cCREs436430	chr8	45637158	45637659	501
cCREs436646	chr8	46408864	46409858	994
cCREs436815	chr8	46982664	46983165	501
cCREs436858	chr8	47185350	47185851	501
cCREs436924	chr8	47438848	47439712	864
cCREs437037	chr8	47915089	47915923	834
cCREs438069	chr8	54361196	54361697	501
cCREs438525	chr8	57508567	57509068	501
cCREs439166	chr8	60976765	60977266	501
cCREs439193	chr8	61185756	61186257	501
cCREs439239	chr8	61304862	61305363	501
cCREs439254	chr8	61342156	61343090	934
cCREs439923	chr8	65089320	65089821	501
cCREs440514	chr8	67946995	67947773	778
cCREs440628	chr8	68420284	68420942	658
cCREs440928	chr8	70005094	70005595	501
cCREs440977	chr8	70208072	70208573	501
cCREs441038	chr8	70427340	70428203	863
cCREs441099	chr8	70634027	70634528	501
cCREs441233	chr8	71395608	71396109	501
cCREs441281	chr8	71627635	71628543	908
cCREs441350	chr8	72141874	72142624	750
cCREs441374	chr8	72265258	72265827	569
cCREs441381	chr8	72300605	72301106	501
cCREs441395	chr8	72336151	72336890	739
cCREs441396	chr8	72336953	72337454	501
cCREs441408	chr8	72363439	72363940	501
cCREs441874	chr8	75042081	75042582	501
cCREs441888	chr8	75084635	75085136	501
cCREs441935	chr8	75247257	75247758	501
cCREs442556	chr8	78545399	78545910	511
cCREs442583	chr8	78622300	78622801	501
cCREs442618	chr8	78733944	78734445	501
cCREs442774	chr8	79341238	79341739	501
cCREs442844	chr8	79658832	79659466	634
cCREs443010	chr8	80619717	80620218	501
cCREs443671	chr8	83721320	83722122	802
cCREs443681	chr8	83768513	83769128	615
cCREs444348	chr8	86758655	86759661	1006
cCREs444443	chr8	87156421	87157249	828
cCREs444621	chr8	87896254	87896755	501
cCREs444641	chr8	87957828	87958329	501
cCREs444647	chr8	88009161	88009662	501
cCREs444655	chr8	88061945	88062446	501
cCREs444716	chr8	88380362	88381014	652
cCREs444729	chr8	88451055	88451556	501
cCREs444744	chr8	88524820	88525321	501
cCREs444748	chr8	88532679	88533180	501
cCREs444768	chr8	88589403	88589904	501
cCREs444779	chr8	88630069	88630570	501
cCREs444781	chr8	88633362	88633863	501
cCREs445147	chr8	90354598	90355099	501
cCREs445429	chr8	91572533	91573103	570
cCREs445506	chr8	91977118	91977619	501
cCREs445508	chr8	91989210	91989711	501
cCREs445516	chr8	92010361	92010862	501
cCREs445928	chr8	94089723	94090224	501
cCREs446095	chr8	94674309	94674810	501
cCREs446098	chr8	94682571	94683156	585
cCREs446170	chr8	94922434	94922935	501
cCREs446202	chr8	95020376	95020877	501
cCREs446253	chr8	95271776	95272313	537
cCREs446282	chr8	95377889	95378414	525
cCREs446284	chr8	95392646	95393147	501
cCREs447889	chr8	104000097	104000691	594
cCREs447922	chr8	104095543	104096044	501
cCREs447924	chr8	104101343	104101880	537
cCREs447929	chr8	104114949	104115477	528
cCREs448126	chr8	105295762	105296263	501
cCREs448235	chr8	105715057	105715558	501
cCREs448239	chr8	105727233	105727734	501
cCREs448320	chr8	106133465	106133966	501
cCREs448374	chr8	106308286	106308805	519
cCREs448624	chr8	107265901	107266490	589
cCREs448943	chr8	108869375	108869876	501
cCREs449529	chr8	111496237	111496738	501
cCREs449569	chr8	111613098	111613651	553
cCREs449574	chr8	111619877	111620430	553
cCREs450080	chr8	113735345	113735986	641
cCREs450244	chr8	114403033	114403595	562
cCREs450341	chr8	114801366	114801867	501
cCREs450346	chr8	114815307	114815808	501
cCREs451513	chr8	119546908	119547425	517
cCREs451546	chr8	119661844	119662345	501
cCREs451550	chr8	119669213	119669714	501
cCREs451552	chr8	119674934	119675481	547
cCREs451675	chr8	120104928	120105433	505
cCREs451710	chr8	120188371	120189003	632
cCREs451763	chr8	120330948	120331791	843
cCREs451820	chr8	120473948	120474449	501
cCREs451941	chr8	120977075	120977576	501
cCREs451944	chr8	120998952	120999453	501
cCREs451948	chr8	121017825	121018504	679
cCREs451957	chr8	121073128	121073629	501
cCREs452159	chr8	121875930	121876641	711
cCREs452163	chr8	121887500	121888001	501
cCREs452174	chr8	121912036	121912537	501
cCREs452176	chr8	121915076	121915577	501
cCREs452253	chr8	122181907	122182424	517
cCREs452333	chr8	122496852	122497719	867
cCREs452392	chr8	122711790	122712291	501
cCREs452883	chr8	124641826	124642327	501
cCREs453020	chr8	125197404	125198115	711
cCREs453021	chr8	125198377	125199294	917
cCREs453146	chr8	125564263	125564764	501
cCREs453189	chr8	125741766	125742267	501
cCREs453447	chr8	126610696	126611197	501
cCREs453504	chr8	126797937	126798438	501
cCREs453650	chr8	127335918	127336428	510
cCREs453928	chr8	128373407	128373908	501
cCREs453989	chr8	128562274	128563413	1139
cCREs454340	chr9	6430807	6431308	501
cCREs455255	chr9	13455268	13455769	501
cCREs455386	chr9	13876613	13877114	501
cCREs455399	chr9	13910102	13910762	660
cCREs455747	chr9	15431468	15432361	893
cCREs455767	chr9	15503748	15504249	501
cCREs455779	chr9	15525184	15525728	544
cCREs456261	chr9	20410061	20410562	501
cCREs456440	chr9	21433659	21434160	501
cCREs456468	chr9	21557105	21557606	501
cCREs456706	chr9	22639390	22640209	819
cCREs456799	chr9	23034371	23034872	501
cCREs457129	chr9	24438463	24438964	501
cCREs457595	chr9	26860674	26861175	501
cCREs458813	chr9	31108410	31108918	508
cCREs458844	chr9	31221117	31221618	501
cCREs459109	chr9	32394057	32394558	501
cCREs459141	chr9	32506060	32506561	501
cCREs459147	chr9	32519686	32520187	501
cCREs459148	chr9	32525700	32526201	501
cCREs459153	chr9	32543263	32543764	501
cCREs459169	chr9	32618677	32619178	501
cCREs459174	chr9	32635911	32636454	543
cCREs459175	chr9	32636959	32637809	850
cCREs459208	chr9	32754157	32754658	501
cCREs459235	chr9	32901210	32901992	782
cCREs459244	chr9	32948983	32949488	505
cCREs459707	chr9	34992131	34992668	537
cCREs459818	chr9	35404850	35405415	565
cCREs459926	chr9	36857370	36858230	860
cCREs460068	chr9	37216634	37217135	501
cCREs460145	chr9	37537721	37538222	501
cCREs460385	chr9	40251680	40252181	501
cCREs460706	chr9	41359240	41359741	501
cCREs461407	chr9	43729360	43729861	501
cCREs461481	chr9	43990040	43990541	501
cCREs461482	chr9	43993635	43994136	501
cCREs461560	chr9	44310958	44311963	1005
cCREs462332	chr9	47458931	47459432	501
cCREs462581	chr9	48303551	48304052	501
cCREs462584	chr9	48326240	48326741	501
cCREs462588	chr9	48353294	48354058	764
cCREs463323	chr9	51088276	51088777	501
cCREs463347	chr9	51190635	51191136	501
cCREs463526	chr9	52013870	52014371	501
cCREs463870	chr9	53780327	53780828	501
cCREs463875	chr9	53793357	53793858	501
cCREs464179	chr9	55225293	55225794	501
cCREs464717	chr9	57807041	57807542	501
cCREs464748	chr9	57930096	57930597	501
cCREs464749	chr9	57930989	57931757	768
cCREs464756	chr9	57942914	57943415	501
cCREs464758	chr9	57947519	57948020	501
cCREs464766	chr9	57961813	57962314	501
cCREs464770	chr9	57972211	57972768	557
cCREs464863	chr9	58273870	58274371	501
cCREs464983	chr9	58690933	58691434	501
cCREs465446	chr9	60864610	60865111	501
cCREs465447	chr9	60865773	60866400	627
cCREs465564	chr9	61339135	61339744	609
cCREs465731	chr9	62016023	62016718	695
cCREs465732	chr9	62021642	62022220	578
cCREs465738	chr9	62035799	62036305	506
cCREs465739	chr9	62036384	62036885	501
cCREs465804	chr9	62263600	62264101	501
cCREs465819	chr9	62351019	62351885	866
cCREs465841	chr9	62407659	62408160	501
cCREs465842	chr9	62412908	62413409	501
cCREs466137	chr9	63657076	63657653	577
cCREs466199	chr9	63803044	63803681	637
cCREs466238	chr9	63971530	63972044	514
cCREs466242	chr9	63984487	63985033	546
cCREs466254	chr9	64055130	64055631	501
cCREs466258	chr9	64084190	64085555	1365
cCREs466438	chr9	64930180	64930681	501
cCREs466664	chr9	66022101	66022602	501
cCREs466770	chr9	66614518	66615495	977
cCREs466996	chr9	67489347	67489848	501
cCREs467447	chr9	69456301	69456859	558
cCREs467450	chr9	69465921	69466656	735
cCREs467584	chr9	70223970	70224471	501
cCREs467736	chr9	70910460	70910961	501
cCREs467908	chr9	71648398	71648899	501
cCREs467940	chr9	71779097	71779997	900
cCREs468216	chr9	72969807	72970308	501
cCREs468573	chr9	74906844	74907385	541
cCREs468798	chr9	75630771	75631509	738
cCREs469240	chr9	77820727	77821307	580
cCREs469245	chr9	77835689	77836190	501
cCREs469262	chr9	77918830	77919370	540
cCREs469280	chr9	77955875	77956376	501
cCREs469324	chr9	78121228	78121842	614
cCREs469333	chr9	78149650	78150151	501
cCREs469340	chr9	78169957	78170458	501
cCREs469342	chr9	78178775	78179276	501
cCREs469366	chr9	78363270	78363771	501
cCREs469638	chr9	79872557	79873058	501
cCREs469671	chr9	79970735	79971236	501
cCREs470899	chr9	86374568	86375069	501
cCREs471220	chr9	87872316	87872853	537
cCREs471549	chr9	89997295	89997796	501
cCREs471597	chr9	90207734	90208235	501
cCREs471981	chr9	92568345	92569101	756
cCREs471994	chr9	92603479	92604310	831
cCREs472549	chr9	95149178	95149679	501
cCREs472580	chr9	95232627	95233128	501
cCREs473413	chr9	98512028	98512961	933
cCREs473450	chr9	98663141	98663642	501
cCREs473455	chr9	98686591	98687092	501
cCREs473480	chr9	98930925	98931743	818
cCREs473481	chr9	98942613	98943114	501
cCREs473484	chr9	98962489	98962990	501
cCREs473486	chr9	98976922	98977423	501
cCREs473496	chr9	99006403	99006931	528
cCREs473789	chr9	100507533	100508034	501
cCREs474628	chr9	104042231	104042732	501
cCREs475071	chr9	105838693	105839194	501
cCREs475172	chr9	106236649	106237724	1075
cCREs475175	chr9	106250252	106250762	510
cCREs475176	chr9	106259046	106259547	501
cCREs475409	chr9	107301504	107302005	501
cCREs475494	chr9	107566797	107567298	501
cCREs475511	chr9	107618064	107618565	501
cCREs475524	chr9	107651357	107652031	674
cCREs475529	chr9	107663219	107664080	861
cCREs475834	chr9	109087191	109087692	501
cCREs476053	chr9	110652234	110652735	501
cCREs476074	chr9	110697369	110698001	632
cCREs476115	chr9	110881901	110882402	501
cCREs476137	chr9	110985807	110986308	501
cCREs476138	chr9	110990113	110990728	615
cCREs476142	chr9	110999778	111000330	552
cCREs476151	chr9	111048409	111048910	501
cCREs476912	chr9	114019865	114020672	807
cCREs476945	chr9	114391431	114391932	501
cCREs476948	chr9	114412286	114412983	697
cCREs477042	chr9	114842821	114843322	501
cCREs477134	chr9	115157762	115158263	501
cCREs477143	chr9	115182874	115183375	501
cCREs477175	chr9	115259951	115260452	501
cCREs477466	chr9	116321209	116321710	501
cCREs477700	chr9	117345088	117345589	501
cCREs478335	chr9	119964215	119964716	501
cCREs478440	chr9	120350079	120350858	779
cCREs478459	chr9	120398187	120398688	501
cCREs478555	chr9	120769696	120770544	848
cCREs478599	chr9	120914951	120915452	501
cCREs478716	chr9	121335441	121336380	939
cCREs479381	chr9	123850073	123850612	539
cCREs479486	chrX	6320320	6320915	595
cCREs479501	chrX	6490419	6491015	596
cCREs479517	chrX	6602913	6603472	559
cCREs479580	chrX	7429432	7429933	501
cCREs479612	chrX	7662946	7663447	501
cCREs479618	chrX	7693822	7694323	501
cCREs479693	chrX	8257316	8257817	501
cCREs479694	chrX	8257913	8258441	528
cCREs479751	chrX	9256902	9257403	501
cCREs479953	chrX	11057184	11057685	501
cCREs479954	chrX	11061768	11062269	501
cCREs480122	chrX	11955920	11956713	793
cCREs480458	chrX	14655446	14655948	502
cCREs480564	chrX	16642914	16643415	501
cCREs480573	chrX	16741320	16742298	978
cCREs480648	chrX	17365066	17365567	501
cCREs480656	chrX	17452821	17453580	759
cCREs480667	chrX	17511861	17512634	773
cCREs480671	chrX	17526523	17527523	1000
cCREs480687	chrX	17607602	17608103	501
cCREs480734	chrX	18461153	18461654	501
cCREs480804	chrX	19178413	19178914	501
cCREs481211	chrX	36168756	36169257	501
cCREs481236	chrX	36344241	36345510	1269
cCREs481254	chrX	36530203	36530704	501
cCREs481755	chrX	42050297	42051118	821
cCREs482239	chrX	48242839	48243340	501
cCREs482781	chrX	52994674	52995175	501
cCREs482798	chrX	53166149	53166650	501
cCREs482820	chrX	53337229	53337730	501
cCREs482828	chrX	53391102	53391603	501
cCREs482834	chrX	53606111	53606612	501
cCREs483076	chrX	57997850	57998351	501
cCREs483087	chrX	58094443	58094944	501
cCREs484047	chrX	71149386	71150126	740
cCREs484410	chrX	75044530	75045081	551
cCREs484480	chrX	76010601	76011102	501
cCREs485057	chrX	85226858	85227359	501
cCREs485802	chrX	96073008	96073509	501
cCREs485916	chrX	98314330	98314831	501
cCREs486049	chrX	99218189	99218737	548
cCREs486052	chrX	99232958	99233459	501
cCREs486319	chrX	101078146	101078647	501
cCREs486337	chrX	101268040	101268541	501
cCREs486636	chrX	103776178	103776905	727
cCREs486645	chrX	103812371	103812872	501
cCREs486646	chrX	103819188	103819731	543
cCREs486918	chrX	107160435	107160936	501
cCREs486940	chrX	107414744	107415405	661
cCREs487009	chrX	109099556	109100057	501
cCREs487024	chrX	109139574	109140075	501
cCREs487261	chrX	114335912	114336702	790
cCREs487391	chrX	118068556	118069057	501
cCREs487647	chrX	129538264	129538765	501
cCREs487659	chrX	129744414	129744915	501
cCREs487755	chrX	130557156	130557657	501
cCREs487873	chrX	132378047	132378548	501
cCREs487952	chrX	133639161	133639889	728
cCREs487968	chrX	133693259	133693760	501
cCREs488014	chrX	134020619	134021120	501
cCREs488105	chrX	134623073	134623774	701
cCREs488720	chrX	140512084	140512585	501
cCREs489345	chrX	145482339	145482840	501
cCREs489677	chrX	152673314	152673945	631
cCREs489697	chrX	152788110	152788611	501
cCREs489763	chrX	153710816	153711659	843
cCREs490223	chrX	159302883	159303384	501
cCREs490448	chrX	160802692	160803193	501
cCREs491046	chrX	165003110	165003910	800
cCREs491366	chrX	167157769	167158270	501
cCREs491385	chrX	167224310	167224811	501
cCREs491650	chrX	169011778	169012279	501
cCREs491768	chrX	169915796	169916297	501
cCREs1160	chr1	11020348	11021238	890
cCREs1494	chr1	12679736	12680253	517
cCREs1882	chr1	14396969	14397488	519
cCREs1885	chr1	14418743	14419714	971
cCREs1897	chr1	14495614	14496567	953
cCREs1979	chr1	14947408	14948135	727
cCREs2475	chr1	17655603	17656147	544
cCREs2549	chr1	18223411	18223943	532
cCREs2569	chr1	18323149	18323669	520
cCREs2639	chr1	18811797	18812298	501
cCREs2699	chr1	19207341	19207842	501
cCREs2702	chr1	19211965	19212649	684
cCREs2716	chr1	19269578	19270160	582
cCREs2947	chr1	20907774	20908325	551
cCREs2985	chr1	21040967	21041854	887
cCREs3616	chr1	23707640	23708180	540
cCREs4276	chr1	26741430	26742460	1030
cCREs4680	chr1	30411143	30411696	553
cCREs5247	chr1	33718546	33719060	514
cCREs5781	chr1	35797467	35797978	511
cCREs5837	chr1	36017043	36017556	513
cCREs5984	chr1	36563009	36563641	632
cCREs5993	chr1	36575284	36575879	595
cCREs6412	chr1	38201660	38202234	574
cCREs6431	chr1	38261002	38261584	582
cCREs6670	chr1	39056835	39057839	1004
cCREs6783	chr1	39409965	39410520	555
cCREs6904	chr1	39845924	39846671	747
cCREs7044	chr1	40263603	40264106	503
cCREs7590	chr1	42809297	42809802	505
cCREs7733	chr1	43259817	43260339	522
cCREs8384	chr1	47039497	47040250	753
cCREs9529	chr1	53708262	53708791	529
cCREs9579	chr1	53866352	53866879	527
cCREs9839	chr1	54908794	54909331	537
cCREs10151	chr1	56454589	56455387	798
cCREs10815	chr1	59484871	59485577	706
cCREs10819	chr1	59503620	59504155	535
cCREs10986	chr1	60492245	60493023	778
cCREs11155	chr1	61141954	61142509	555
cCREs11812	chr1	63879253	63880010	757
cCREs12010	chr1	64621810	64622467	657
cCREs12051	chr1	64757739	64758253	514
cCREs13424	chr1	71624532	71625047	515
cCREs13446	chr1	71695117	71695625	508
cCREs13741	chr1	72755755	72756346	591
cCREs13746	chr1	72790592	72791185	593
cCREs13747	chr1	72791588	72792150	562
cCREs13758	chr1	72830010	72830539	529
cCREs13761	chr1	72837031	72837725	694
cCREs14504	chr1	75829656	75830387	731
cCREs14551	chr1	76025196	76026444	1248
cCREs15962	chr1	82409213	82409720	507
cCREs16336	chr1	84044687	84045329	642
cCREs16414	chr1	84299565	84300215	650
cCREs16566	chr1	84851394	84851932	538
cCREs16667	chr1	85959891	85960444	553
cCREs16818	chr1	86555088	86555780	692
cCREs16821	chr1	86565222	86566059	837
cCREs17219	chr1	88407345	88407903	558
cCREs17228	chr1	88443262	88443809	547
cCREs17272	chr1	88577308	88578012	704
cCREs17354	chr1	88875194	88875716	522
cCREs17790	chr1	90398434	90399211	777
cCREs17861	chr1	90665918	90666489	571
cCREs17896	chr1	90773377	90773905	528
cCREs17999	chr1	91121974	91122532	558
cCREs18173	chr1	91823420	91823929	509
cCREs18189	chr1	91878640	91879177	537
cCREs18478	chr1	92814364	92814890	526
cCREs18518	chr1	93009108	93009657	549
cCREs18555	chr1	93123926	93124462	536
cCREs20448	chr1	105961962	105962487	525
cCREs20616	chr1	106583103	106583610	507
cCREs20768	chr1	107386250	107386957	707
cCREs21451	chr1	113957937	113958466	529
cCREs22167	chr1	119194439	119195185	746
cCREs22173	chr1	119216838	119217806	968
cCREs22414	chr1	120266422	120266953	531
cCREs22604	chr1	121293527	121294087	560
cCREs24537	chr1	130271500	130272119	619
cCREs24740	chr1	131248020	131248589	569
cCREs24898	chr1	131830287	131830788	501
cCREs24899	chr1	131831012	131831699	687
cCREs24902	chr1	131837045	131837575	530
cCREs24922	chr1	131938796	131939338	542
cCREs25007	chr1	132256569	132257278	709
cCREs25283	chr1	133093609	133094188	579
cCREs25326	chr1	133240763	133241361	598
cCREs25393	chr1	133446189	133446723	534
cCREs25420	chr1	133656767	133657279	512
cCREs25425	chr1	133671718	133672258	540
cCREs25428	chr1	133692098	133692651	553
cCREs25463	chr1	133860461	133861339	878
cCREs25554	chr1	134164283	134164942	659
cCREs28373	chr1	149971465	149971978	513
cCREs28396	chr1	150125904	150126668	764
cCREs28498	chr1	150698099	150699125	1026
cCREs28513	chr1	150769752	150770276	524
cCREs29023	chr1	152617695	152618200	505
cCREs29117	chr1	152960081	152960636	555
cCREs29416	chr1	153965103	153966051	948
cCREs30024	chr1	156309201	156309775	574
cCREs30335	chr1	157569839	157570364	525
cCREs30645	chr1	158667690	158668223	533
cCREs31632	chr1	162853231	162853737	506
cCREs31638	chr1	162870205	162870733	528
cCREs31818	chr1	163671283	163671829	546
cCREs31933	chr1	164260565	164261071	506
cCREs31937	chr1	164273558	164274147	589
cCREs32347	chr1	165694241	165694745	504
cCREs32884	chr1	167958498	167959105	607
cCREs34078	chr1	172537263	172538087	824
cCREs34471	chr1	174988543	174989195	652
cCREs34867	chr1	176427761	176428310	549
cCREs35330	chr1	178588537	178589042	505
cCREs35333	chr1	178600501	178601314	813
cCREs35637	chr1	179728028	179728573	545
cCREs36206	chr1	182092423	182092998	575
cCREs36314	chr1	182520035	182521054	1019
cCREs36355	chr1	182664736	182665304	568
cCREs36863	chr1	184867533	184868046	513
cCREs36867	chr1	184874064	184874996	932
cCREs37016	chr1	185397804	185398577	773
cCREs37108	chr1	185794085	185794822	737
cCREs37150	chr1	185964361	185964904	543
cCREs37173	chr1	186111849	186112422	573
cCREs37882	chr1	189294652	189295177	525
cCREs37927	chr1	189477958	189478463	505
cCREs38011	chr1	189744879	189745393	514
cCREs38016	chr1	189755001	189755534	533
cCREs38099	chr1	190042107	190042655	548
cCREs38260	chr1	190834121	190835045	924
cCREs38323	chr1	191091904	191092862	958
cCREs38462	chr1	191628325	191628882	557
cCREs38504	chr1	191792920	191793514	594
cCREs39160	chr1	193997964	193998612	648
cCREs39195	chr1	194172244	194172786	542
cCREs39244	chr1	194358583	194359587	1004
cCREs39264	chr1	194426212	194426734	522
cCREs39282	chr1	194526723	194527277	554
cCREs39301	chr1	194593041	194593944	903
cCREs39302	chr1	194606545	194607050	505
cCREs39349	chr1	194720365	194720876	511
cCREs39618	chr10	3849188	3849809	621
cCREs39663	chr10	4026504	4027259	755
cCREs39665	chr10	4033687	4034213	526
cCREs39686	chr10	4109526	4110273	747
cCREs39728	chr10	4309602	4310186	584
cCREs40351	chr10	7298351	7298855	504
cCREs40594	chr10	8502496	8503182	686
cCREs40698	chr10	8883613	8884140	527
cCREs40737	chr10	8999865	9000399	534
cCREs40760	chr10	9074834	9075359	525
cCREs40928	chr10	9670286	9670814	528
cCREs41850	chr10	13383986	13384492	506
cCREs41898	chr10	13576709	13577565	856
cCREs41930	chr10	13693282	13693793	511
cCREs42217	chr10	14648153	14648655	502
cCREs42373	chr10	15746559	15747326	767
cCREs42410	chr10	16034848	16035391	543
cCREs42705	chr10	17705200	17706017	817
cCREs42923	chr10	18590615	18591437	822
cCREs42994	chr10	18820862	18821686	824
cCREs43119	chr10	19455930	19456480	550
cCREs43420	chr10	20642356	20643150	794
cCREs43427	chr10	20662167	20662674	507
cCREs43483	chr10	20905893	20906586	693
cCREs43753	chr10	21866885	21867664	779
cCREs43882	chr10	22676141	22676696	555
cCREs43944	chr10	23092377	23092928	551
cCREs43987	chr10	23233380	23233881	501
cCREs44184	chr10	24276191	24276803	612
cCREs44204	chr10	24364757	24365477	720
cCREs44211	chr10	24383825	24384555	730
cCREs44212	chr10	24388176	24388707	531
cCREs44292	chr10	24671717	24672255	538
cCREs44294	chr10	24684844	24685351	507
cCREs44295	chr10	24695763	24696493	730
cCREs44386	chr10	25066734	25067274	540
cCREs44402	chr10	25122897	25123431	534
cCREs44462	chr10	25315503	25316045	542
cCREs44841	chr10	26834655	26835173	518
cCREs45230	chr10	28635823	28636451	628
cCREs45356	chr10	29331232	29331826	594
cCREs45618	chr10	30937487	30937991	504
cCREs45619	chr10	30952349	30952901	552
cCREs45713	chr10	31444128	31444650	522
cCREs45825	chr10	32125175	32126432	1257
cCREs46123	chr10	34105317	34106107	790
cCREs46422	chr10	36607083	36607597	514
cCREs46861	chr10	39105780	39106360	580
cCREs47535	chr10	41709303	41709992	689
cCREs47545	chr10	41758974	41759491	517
cCREs47569	chr10	41880718	41881241	523
cCREs47617	chr10	42057267	42057840	573
cCREs47653	chr10	42192842	42193373	531
cCREs47938	chr10	43213421	43213943	522
cCREs47948	chr10	43245811	43246318	507
cCREs48309	chr10	44888873	44889411	538
cCREs48375	chr10	45141231	45142102	871
cCREs49552	chr10	53467459	53467981	522
cCREs50134	chr10	56799262	56799809	547
cCREs50153	chr10	56863363	56863876	513
cCREs50183	chr10	56979566	56980101	535
cCREs50625	chr10	59379959	59380893	934
cCREs50704	chr10	59642569	59643160	591
cCREs50785	chr10	59902722	59903651	929
cCREs50797	chr10	59933943	59934658	715
cCREs50868	chr10	60142736	60143326	590
cCREs50876	chr10	60170351	60170925	574
cCREs51261	chr10	61811883	61812569	686
cCREs51285	chr10	61931776	61932294	518
cCREs51325	chr10	62073264	62073827	563
cCREs51459	chr10	62718875	62719478	603
cCREs52167	chr10	66645528	66646032	504
cCREs52663	chr10	68497322	68497828	506
cCREs52666	chr10	68504291	68505270	979
cCREs52825	chr10	69268231	69268891	660
cCREs53388	chr10	70990011	70990549	538
cCREs53399	chr10	71032231	71032750	519
cCREs53422	chr10	71124527	71125076	549
cCREs53436	chr10	71175159	71175810	651
cCREs53437	chr10	71177279	71177820	541
cCREs54097	chr10	74527750	74528296	546
cCREs54324	chr10	75407691	75408202	511
cCREs54353	chr10	75495219	75495872	653
cCREs54600	chr10	76626842	76627481	639
cCREs54610	chr10	76664634	76665147	513
cCREs54756	chr10	77242814	77243320	506
cCREs54882	chr10	77693097	77693650	553
cCREs54897	chr10	77822309	77822820	511
cCREs54967	chr10	78141823	78142350	527
cCREs55026	chr10	78324943	78325461	518
cCREs55074	chr10	78467721	78468328	607
cCREs55172	chr10	79694310	79694888	578
cCREs55205	chr10	79823994	79824838	844
cCREs55254	chr10	79989824	79990349	525
cCREs55266	chr10	80042225	80042754	529
cCREs55433	chr10	80674016	80674821	805
cCREs55738	chr10	82789673	82790214	541
cCREs55755	chr10	82894882	82895448	566
cCREs55786	chr10	83032497	83033084	587
cCREs55844	chr10	83178638	83179173	535
cCREs55923	chr10	83629255	83629965	710
cCREs55927	chr10	83636139	83636640	501
cCREs56041	chr10	84137004	84137524	520
cCREs56089	chr10	84339366	84339969	603
cCREs56213	chr10	84730451	84730967	516
cCREs56400	chr10	85504776	85505607	831
cCREs56625	chr10	86397878	86398775	897
cCREs56673	chr10	86747801	86748388	587
cCREs57002	chr10	88231604	88232326	722
cCREs57456	chr10	90273262	90273767	505
cCREs57690	chr10	90970505	90971006	501
cCREs58032	chr10	92484456	92485050	594
cCREs58118	chr10	92938956	92939877	921
cCREs58277	chr10	93542867	93543632	765
cCREs58299	chr10	93666619	93667505	886
cCREs58544	chr10	94566361	94566915	554
cCREs58926	chr10	95773449	95774731	1282
cCREs58949	chr10	95864399	95865434	1035
cCREs58954	chr10	95885635	95886539	904
cCREs59069	chr10	96362053	96362571	518
cCREs59156	chr10	96711959	96712461	502
cCREs59319	chr10	97426768	97427360	592
cCREs59320	chr10	97429022	97429582	560
cCREs59326	chr10	97469280	97470209	929
cCREs59327	chr10	97471937	97472486	549
cCREs59894	chr10	99627303	99627853	550
cCREs61524	chr10	108349264	108349835	571
cCREs61544	chr10	108412531	108413060	529
cCREs61876	chr10	109542367	109542899	532
cCREs62221	chr10	110832275	110832827	552
cCREs62315	chr10	111158597	111159125	528
cCREs62440	chr10	111562567	111563126	559
cCREs62501	chr10	111778077	111778617	540
cCREs62566	chr10	111962113	111962636	523
cCREs63222	chr10	115311151	115312034	883
cCREs63472	chr10	116394491	116395064	573
cCREs63655	chr10	117073106	117073641	535
cCREs63760	chr10	117547082	117547752	670
cCREs63827	chr10	117828476	117829065	589
cCREs63901	chr10	118111556	118112084	528
cCREs64137	chr10	119167829	119168402	573
cCREs64815	chr10	121951373	121952139	766
cCREs64920	chr10	122521945	122523104	1159
cCREs65358	chr10	124372508	124373042	534
cCREs65571	chr10	125514979	125515912	933
cCREs65649	chr10	125970427	125970952	525
cCREs65652	chr10	125978613	125979144	531
cCREs65856	chr10	126932996	126933547	551
cCREs65933	chr10	127212671	127213700	1029
cCREs66031	chr10	127580633	127581137	504
cCREs66032	chr10	127581805	127582330	525
cCREs66099	chr10	127872439	127872973	534
cCREs66110	chr10	127931358	127931944	586
cCREs66173	chr10	128268359	128268865	506
cCREs66248	chr10	128641790	128642319	529
cCREs66269	chr10	128790636	128791170	534
cCREs66528	chr11	3564396	3564926	530
cCREs66538	chr11	3633985	3634565	580
cCREs66692	chr11	4263982	4264504	522
cCREs66702	chr11	4302277	4303054	777
cCREs66915	chr11	5184129	5184783	654
cCREs67280	chr11	6877631	6878155	524
cCREs67288	chr11	6902141	6902684	543
cCREs67322	chr11	7036569	7037392	823
cCREs67369	chr11	7153040	7153568	528
cCREs67468	chr11	7620072	7620689	617
cCREs67502	chr11	7849420	7849932	512
cCREs68185	chr11	11831781	11832322	541
cCREs68360	chr11	12534950	12535493	543
cCREs68597	chr11	14134374	14134935	561
cCREs68799	chr11	15690577	15691102	525
cCREs68826	chr11	15979455	15979987	532
cCREs68870	chr11	16296452	16297080	628
cCREs68940	chr11	16695450	16696083	633
cCREs68955	chr11	16777414	16777953	539
cCREs69409	chr11	19307393	19308127	734
cCREs69475	chr11	19640631	19641608	977
cCREs69488	chr11	19715050	19715607	557
cCREs69491	chr11	19747480	19748281	801
cCREs70052	chr11	22387486	22388226	740
cCREs70224	chr11	23189021	23189588	567
cCREs71265	chr11	28826356	28826981	625
cCREs71298	chr11	29013607	29014160	553
cCREs71305	chr11	29072160	29072679	519
cCREs71307	chr11	29088487	29089028	541
cCREs71383	chr11	29632626	29633426	800
cCREs71749	chr11	31503402	31504358	956
cCREs71773	chr11	31617154	31617686	532
cCREs71810	chr11	31723552	31724203	651
cCREs72168	chr11	32846636	32847150	514
cCREs72193	chr11	32938332	32938877	545
cCREs72194	chr11	32938922	32939440	518
cCREs73069	chr11	36225463	36226121	658
cCREs75034	chr11	45417729	45418659	930
cCREs75041	chr11	45458322	45458846	524
cCREs75106	chr11	45805272	45805844	572
cCREs75199	chr11	46130206	46130839	633
cCREs75286	chr11	46339063	46339587	524
cCREs76188	chr11	50458375	50458922	547
cCREs76208	chr11	50555130	50555998	868
cCREs76224	chr11	50622150	50622694	544
cCREs76243	chr11	50676188	50676763	575
cCREs76245	chr11	50681831	50682580	749
cCREs76247	chr11	50689498	50690117	619
cCREs76249	chr11	50696157	50696677	520
cCREs76253	chr11	50707213	50707811	598
cCREs76265	chr11	50739388	50739927	539
cCREs76385	chr11	51451800	51452573	773
cCREs76410	chr11	51545639	51546371	732
cCREs76555	chr11	52250889	52251494	605
cCREs76829	chr11	53378834	53379381	547
cCREs76986	chr11	54059442	54059974	532
cCREs77243	chr11	55329792	55330748	956
cCREs77247	chr11	55348088	55348910	822
cCREs77276	chr11	55436549	55437091	542
cCREs77505	chr11	56585667	56586229	562
cCREs77845	chr11	57703183	57703759	576
cCREs78092	chr11	59123734	59124257	523
cCREs78133	chr11	59316499	59317027	528
cCREs78150	chr11	59384363	59384892	529
cCREs78151	chr11	59385050	59385608	558
cCREs78406	chr11	60324948	60325462	514
cCREs78432	chr11	60448107	60448623	516
cCREs78804	chr11	62241518	62242045	527
cCREs78807	chr11	62257517	62258134	617
cCREs79101	chr11	63775373	63775901	528
cCREs79149	chr11	64000071	64000769	698
cCREs79206	chr11	64297504	64298296	792
cCREs79286	chr11	64747809	64748346	537
cCREs79318	chr11	64927781	64928472	691
cCREs79362	chr11	65065750	65066772	1022
cCREs79368	chr11	65088015	65088557	542
cCREs79826	chr11	66946458	66947379	921
cCREs79849	chr11	67044353	67045422	1069
cCREs79997	chr11	67573131	67573651	520
cCREs80086	chr11	67853853	67854445	592
cCREs80087	chr11	67861009	67861960	951
cCREs80459	chr11	69332756	69333284	528
cCREs80537	chr11	69684155	69684862	707
cCREs80545	chr11	69714526	69715034	508
cCREs80615	chr11	70069884	70070566	682
cCREs80623	chr11	70103699	70104242	543
cCREs80631	chr11	70139243	70139745	502
cCREs80644	chr11	70206813	70207747	934
cCREs80653	chr11	70234035	70234550	515
cCREs81424	chr11	74752501	74753329	828
cCREs81488	chr11	75108489	75109388	899
cCREs81574	chr11	75355424	75356001	577
cCREs81624	chr11	75561030	75561553	523
cCREs81634	chr11	75595551	75596283	732
cCREs81705	chr11	75904957	75905520	563
cCREs81769	chr11	76156478	76157260	782
cCREs81793	chr11	76263038	76263580	542
cCREs81980	chr11	76974436	76975403	967
cCREs82363	chr11	78872660	78873300	640
cCREs82366	chr11	78915408	78915933	525
cCREs82370	chr11	78933994	78934725	731
cCREs82424	chr11	79130811	79131421	610
cCREs82655	chr11	80178185	80178764	579
cCREs83238	chr11	82455166	82455713	547
cCREs83787	chr11	85395203	85395728	525
cCREs83924	chr11	86146493	86147033	540
cCREs84355	chr11	88266895	88267918	1023
cCREs84390	chr11	88400165	88400708	543
cCREs84404	chr11	88425518	88426236	718
cCREs84479	chr11	88601764	88602337	573
cCREs84593	chr11	89068589	89069090	501
cCREs84669	chr11	89468933	89469495	562
cCREs84671	chr11	89476878	89477385	507
cCREs84927	chr11	90388053	90388554	501
cCREs85113	chr11	91356956	91357522	566
cCREs85674	chr11	94450437	94451567	1130
cCREs85736	chr11	94721751	94722252	501
cCREs85754	chr11	94882622	94883464	842
cCREs85812	chr11	95080436	95081242	806
cCREs85815	chr11	95095610	95096127	517
cCREs85816	chr11	95096614	95097469	855
cCREs85952	chr11	95650963	95651514	551
cCREs86121	chr11	96853564	96854079	515
cCREs86266	chr11	97455849	97456414	565
cCREs86289	chr11	97521643	97522186	543
cCREs86417	chr11	98016026	98016730	704
cCREs86667	chr11	99099386	99100373	987
cCREs86992	chr11	100845761	100846286	525
cCREs87097	chr11	101256114	101256625	511
cCREs87121	chr11	101352447	101352981	534
cCREs87227	chr11	101855919	101856784	865
cCREs87329	chr11	102256636	102257142	506
cCREs87395	chr11	102606608	102607373	765
cCREs87523	chr11	103111777	103112638	861
cCREs87609	chr11	103406489	103407025	536
cCREs87950	chr11	105296039	105296610	571
cCREs87969	chr11	105356287	105356825	538
cCREs88246	chr11	106532328	106532843	515
cCREs88338	chr11	106967565	106968094	529
cCREs88677	chr11	108122424	108122959	535
cCREs88724	chr11	108214053	108214565	512
cCREs88822	chr11	108595754	108596269	515
cCREs88880	chr11	108865098	108865622	524
cCREs88976	chr11	109240050	109240639	589
cCREs89718	chr11	112826908	112827412	504
cCREs89930	chr11	113486411	113486996	585
cCREs90030	chr11	113780367	113781209	842
cCREs90112	chr11	114047949	114048462	513
cCREs90117	chr11	114061202	114061799	597
cCREs90485	chr11	115449530	115450099	569
cCREs90519	chr11	115618657	115619177	520
cCREs90585	chr11	115899772	115900318	546
cCREs90586	chr11	115900548	115901585	1037
cCREs90631	chr11	116095394	116095905	511
cCREs90639	chr11	116127104	116127724	620
cCREs90721	chr11	116508576	116509138	562
cCREs90870	chr11	117061753	117062280	527
cCREs90995	chr11	117418880	117419479	599
cCREs91117	chr11	117829736	117830237	501
cCREs91154	chr11	117956838	117957442	604
cCREs91163	chr11	117979278	117979893	615
cCREs91171	chr11	117998456	117999028	572
cCREs91173	chr11	118003643	118004674	1031
cCREs91180	chr11	118016163	118016719	556
cCREs91298	chr11	118448380	118448934	554
cCREs91308	chr11	118471578	118472105	527
cCREs91571	chr11	119323223	119323742	519
cCREs91860	chr11	120292456	120292992	536
cCREs91886	chr11	120408234	120409245	1011
cCREs92104	chr11	121524130	121524741	611
cCREs92271	chr12	3672672	3673179	507
cCREs92355	chr12	3911015	3911922	907
cCREs92462	chr12	4295866	4296386	520
cCREs92629	chr12	5107048	5107622	574
cCREs92798	chr12	5555711	5556241	530
cCREs93480	chr12	8935261	8935806	545
cCREs93487	chr12	8963218	8963742	524
cCREs93575	chr12	9358678	9359327	649
cCREs93588	chr12	9450570	9451074	504
cCREs93590	chr12	9460125	9460633	508
cCREs93616	chr12	9583224	9583749	525
cCREs93707	chr12	10221609	10222129	520
cCREs93712	chr12	10248018	10248548	530
cCREs93731	chr12	10356929	10358196	1267
cCREs93749	chr12	10443694	10444289	595
cCREs93753	chr12	10462748	10463373	625
cCREs93857	chr12	10970635	10971151	516
cCREs93860	chr12	10986454	10986972	518
cCREs93861	chr12	10987639	10988182	543
cCREs93889	chr12	11120750	11121253	503
cCREs94541	chr12	13559811	13560315	504
cCREs94700	chr12	14271191	14271709	518
cCREs94972	chr12	15880028	15880556	528
cCREs94976	chr12	15890461	15890982	521
cCREs95038	chr12	16152053	16153043	990
cCREs95042	chr12	16164907	16165667	760
cCREs95118	chr12	16465510	16466078	568
cCREs95341	chr12	17258366	17258913	547
cCREs95388	chr12	17431116	17431626	510
cCREs95824	chr12	25104448	25104979	531
cCREs95925	chr12	25537927	25538440	513
cCREs96653	chr12	28848459	28849092	633
cCREs97203	chr12	30678747	30679262	515
cCREs97960	chr12	33965906	33967090	1184
cCREs97962	chr12	33968346	33968942	596
cCREs98256	chr12	35200087	35200686	599
cCREs98292	chr12	35315934	35316578	644
cCREs98624	chr12	36895661	36896173	512
cCREs98664	chr12	37167524	37168229	705
cCREs98966	chr12	38640381	38640955	574
cCREs99669	chr12	41593026	41593911	885
cCREs100549	chr12	46633438	46633942	504
cCREs100557	chr12	46659960	46660470	510
cCREs100629	chr12	47101393	47101959	566
cCREs101279	chr12	51497423	51497977	554
cCREs101666	chr12	53065992	53066551	559
cCREs102428	chr12	57093071	57093620	549
cCREs102431	chr12	57109302	57109879	577
cCREs104240	chr12	69635731	69636240	509
cCREs104275	chr12	69807511	69808120	609
cCREs104345	chr12	70048699	70049233	534
cCREs104538	chr12	70621947	70622475	528
cCREs104821	chr12	71600134	71600947	813
cCREs105102	chr12	72682486	72683425	939
cCREs105216	chr12	73399325	73399847	522
cCREs105225	chr12	73428062	73429220	1158
cCREs105233	chr12	73463758	73464343	585
cCREs105250	chr12	73535962	73536705	743
cCREs105675	chr12	75320310	75320813	503
cCREs105805	chr12	75783923	75784566	643
cCREs105812	chr12	75822056	75822572	516
cCREs105825	chr12	75866626	75867439	813
cCREs105841	chr12	75930544	75931116	572
cCREs105860	chr12	76056694	76057279	585
cCREs105986	chr12	76541389	76541964	575
cCREs106586	chr12	79355786	79356591	805
cCREs106631	chr12	79549537	79550347	810
cCREs106696	chr12	79783853	79784638	785
cCREs106701	chr12	79799355	79799892	537
cCREs106704	chr12	79808738	79809481	743
cCREs106720	chr12	79851545	79852101	556
cCREs106752	chr12	79942432	79943424	992
cCREs106984	chr12	80765910	80766489	579
cCREs107066	chr12	81094857	81095419	562
cCREs107084	chr12	81151985	81152600	615
cCREs107139	chr12	81326886	81327396	510
cCREs107140	chr12	81330030	81330740	710
cCREs107286	chr12	82116073	82116649	576
cCREs107716	chr12	83766133	83766649	516
cCREs107806	chr12	84185349	84185932	583
cCREs107969	chr12	84988311	84988835	524
cCREs108029	chr12	85240225	85240806	581
cCREs108147	chr12	85686402	85687097	695
cCREs110041	chr12	95488378	95488943	565
cCREs110068	chr12	95588981	95589499	518
cCREs110902	chr12	99514358	99515106	748
cCREs111003	chr12	99925919	99926687	768
cCREs111404	chr12	101740422	101740941	519
cCREs111417	chr12	101794386	101794905	519
cCREs111444	chr12	101922234	101922774	540
cCREs111532	chr12	102217040	102217563	523
cCREs111557	chr12	102285740	102286269	529
cCREs111560	chr12	102291560	102292073	513
cCREs111573	chr12	102327097	102327605	508
cCREs111647	chr12	102597360	102598100	740
cCREs111948	chr12	103734836	103735583	747
cCREs111949	chr12	103770205	103770977	772
cCREs111951	chr12	103860230	103861488	1258
cCREs111952	chr12	103901796	103902368	572
cCREs111953	chr12	103954301	103954808	507
cCREs112155	chr12	104904078	104904582	504
cCREs112178	chr12	104962215	104962739	524
cCREs112372	chr12	105744610	105745541	931
cCREs112375	chr12	105774807	105775340	533
cCREs112800	chr12	107651946	107652867	921
cCREs112801	chr12	107653045	107653652	607
cCREs112818	chr12	107715860	107716400	540
cCREs112866	chr12	107889637	107890421	784
cCREs113016	chr12	108312494	108313023	529
cCREs113036	chr12	108397608	108398180	572
cCREs113158	chr12	108851469	108851970	501
cCREs113358	chr12	109950913	109951645	732
cCREs113370	chr12	110020656	110021335	679
cCREs113391	chr12	110112285	110113044	759
cCREs113400	chr12	110141875	110142816	941
cCREs113455	chr12	110460368	110460874	506
cCREs113742	chr12	111568752	111569271	519
cCREs113883	chr12	112088369	112089416	1047
cCREs113896	chr12	112132996	112133513	517
cCREs113963	chr12	112345719	112346251	532
cCREs114208	chr12	113210582	113211820	1238
cCREs114691	chr12	117654048	117654590	542
cCREs114977	chr12	119217742	119218298	556
cCREs116743	chr13	11933259	11934029	770
cCREs117273	chr13	15389495	15390157	662
cCREs118074	chr13	19466856	19467467	611
cCREs118953	chr13	24194628	24195835	1207
cCREs119028	chr13	24460588	24461320	732
cCREs119063	chr13	24567068	24567617	549
cCREs119156	chr13	24901441	24901951	510
cCREs119770	chr13	28657778	28658288	510
cCREs119838	chr13	28873859	28874407	548
cCREs119904	chr13	29157342	29157848	506
cCREs119979	chr13	29404962	29405773	811
cCREs120040	chr13	29612232	29612837	605
cCREs120061	chr13	29670580	29671122	542
cCREs120403	chr13	30990145	30990670	525
cCREs120429	chr13	31137068	31137627	559
cCREs120562	chr13	31779119	31779979	860
cCREs120709	chr13	32405133	32405681	548
cCREs120766	chr13	32675928	32676621	693
cCREs120823	chr13	32896791	32897561	770
cCREs120887	chr13	33205393	33205949	556
cCREs121086	chr13	34505790	34506300	510
cCREs121097	chr13	34547985	34548904	919
cCREs121179	chr13	34896263	34896948	685
cCREs121865	chr13	37759913	37760452	539
cCREs121983	chr13	38327347	38327866	519
cCREs122002	chr13	38383673	38384412	739
cCREs122006	chr13	38397065	38397600	535
cCREs122017	chr13	38476815	38477390	575
cCREs122021	chr13	38483171	38483718	547
cCREs122024	chr13	38489246	38489760	514
cCREs122025	chr13	38492469	38493205	736
cCREs122213	chr13	39463408	39463956	548
cCREs122215	chr13	39474327	39474842	515
cCREs122267	chr13	39898256	39898995	739
cCREs122327	chr13	40363393	40363900	507
cCREs122340	chr13	40461449	40462148	699
cCREs122372	chr13	40705045	40705564	519
cCREs122375	chr13	40728093	40728632	539
cCREs122529	chr13	41403722	41404293	571
cCREs122555	chr13	41479715	41480417	702
cCREs122603	chr13	41689104	41690297	1193
cCREs122682	chr13	41957810	41958401	591
cCREs123098	chr13	43332046	43332606	560
cCREs123247	chr13	43891886	43892414	528
cCREs123274	chr13	43985221	43985747	526
cCREs123321	chr13	44172482	44172987	505
cCREs123523	chr13	45000005	45000555	550
cCREs123665	chr13	45533918	45534473	555
cCREs123755	chr13	45749170	45749687	517
cCREs123835	chr13	45955374	45956146	772
cCREs123842	chr13	45976093	45976643	550
cCREs123900	chr13	46168700	46169447	747
cCREs123902	chr13	46173760	46174647	887
cCREs124136	chr13	47072405	47072977	572
cCREs124527	chr13	48947608	48948436	828
cCREs124548	chr13	49021097	49021636	539
cCREs124654	chr13	49364632	49365174	542
cCREs124668	chr13	49411868	49412680	812
cCREs124720	chr13	49608781	49609464	683
cCREs124868	chr13	51303063	51303640	577
cCREs124872	chr13	51311847	51312348	501
cCREs124877	chr13	51324724	51325383	659
cCREs125132	chr13	52183654	52184257	603
cCREs125342	chr13	52940546	52941502	956
cCREs125355	chr13	52994452	52995020	568
cCREs125356	chr13	52996211	52996728	517
cCREs125395	chr13	53191608	53192157	549
cCREs125409	chr13	53237400	53237908	508
cCREs125429	chr13	53324335	53324872	537
cCREs125442	chr13	53350759	53351287	528
cCREs127118	chr13	59942900	59943427	527
cCREs127123	chr13	59960592	59961164	572
cCREs127153	chr13	60066068	60066600	532
cCREs127459	chr13	63130884	63131765	881
cCREs127557	chr13	63397362	63398560	1198
cCREs128699	chr13	71617114	71617666	552
cCREs129139	chr13	74122574	74123133	559
cCREs129824	chr13	78184996	78185498	502
cCREs130094	chr13	80535688	80536480	792
cCREs131093	chr13	85895001	85895649	648
cCREs131109	chr13	85996744	85997277	533
cCREs131597	chr13	90191728	90192248	520
cCREs131635	chr13	90359705	90360388	683
cCREs131652	chr13	90425324	90425880	556
cCREs131689	chr13	90646457	90646960	503
cCREs132097	chr13	92352907	92353415	508
cCREs132458	chr13	93705349	93705888	539
cCREs132481	chr13	93816662	93817357	695
cCREs132485	chr13	93830162	93830878	716
cCREs132548	chr13	94040295	94040823	528
cCREs133213	chr13	96569598	96570104	506
cCREs133214	chr13	96570699	96571226	527
cCREs133231	chr13	96658530	96659421	891
cCREs133707	chr13	98384033	98384577	544
cCREs133713	chr13	98406738	98407517	779
cCREs133735	chr13	98485447	98486050	603
cCREs133740	chr13	98501948	98502472	524
cCREs133741	chr13	98502716	98503522	806
cCREs133756	chr13	98581793	98582517	724
cCREs134554	chr13	101813777	101814284	507
cCREs134805	chr13	102864767	102865578	811
cCREs136005	chr13	107956219	107956772	553
cCREs136545	chr13	109914609	109915455	846
cCREs136546	chr13	109915477	109916044	567
cCREs136947	chr13	111271646	111272312	666
cCREs136949	chr13	111277712	111278280	568
cCREs136964	chr13	111317876	111318829	953
cCREs136980	chr13	111373185	111374238	1053
cCREs136984	chr13	111390901	111391424	523
cCREs137241	chr13	112536565	112537137	572
cCREs137243	chr13	112544791	112545308	517
cCREs137247	chr13	112556421	112556977	556
cCREs137363	chr13	113183056	113183623	567
cCREs137370	chr13	113208388	113209074	686
cCREs137399	chr13	113328768	113329365	597
cCREs137771	chr13	114719676	114720297	621
cCREs137797	chr13	114841056	114841905	849
cCREs137835	chr13	115002538	115003363	825
cCREs138026	chr13	116173769	116174292	523
cCREs139278	chr14	9976916	9977926	1010
cCREs140660	chr14	16313166	16313714	548
cCREs140668	chr14	16337881	16338447	566
cCREs141016	chr14	18006214	18006964	750
cCREs141210	chr14	19712369	19712918	549
cCREs141348	chr14	20149650	20150190	540
cCREs141352	chr14	20162504	20163165	661
cCREs141809	chr14	22143800	22144529	729
cCREs141817	chr14	22161335	22161922	587
cCREs141843	chr14	22309890	22310392	502
cCREs141885	chr14	22533459	22533994	535
cCREs141968	chr14	22995277	22996029	752
cCREs141991	chr14	23141379	23142233	854
cCREs142482	chr14	24831945	24832458	513
cCREs142603	chr14	25196750	25197403	653
cCREs142854	chr14	26385738	26386393	655
cCREs143377	chr14	28445199	28446236	1037
cCREs143383	chr14	28459318	28460123	805
cCREs143386	chr14	28473771	28474618	847
cCREs143458	chr14	28923205	28924030	825
cCREs143679	chr14	29720346	29720852	506
cCREs143892	chr14	30445175	30445972	797
cCREs144186	chr14	31746146	31746691	545
cCREs144270	chr14	32105611	32106370	759
cCREs144399	chr14	32685038	32685871	833
cCREs144424	chr14	32827119	32827700	581
cCREs144465	chr14	32984247	32984769	522
cCREs144513	chr14	33209708	33210293	585
cCREs145806	chr14	39663456	39663958	502
cCREs146070	chr14	43946872	43947385	513
cCREs146142	chr14	44869702	44870753	1051
cCREs146152	chr14	44917140	44917649	509
cCREs146153	chr14	44921692	44922815	1123
cCREs146158	chr14	44971598	44972113	515
cCREs146564	chr14	46955391	46956209	818
cCREs146566	chr14	46959064	46959592	528
cCREs146585	chr14	47009953	47010516	563
cCREs146759	chr14	47789978	47790737	759
cCREs148003	chr14	55834860	55835416	556
cCREs148082	chr14	56366613	56367192	579
cCREs148189	chr14	57219127	57219724	597
cCREs148191	chr14	57234111	57234875	764
cCREs148220	chr14	57333560	57334090	530
cCREs148324	chr14	57733778	57734438	660
cCREs148468	chr14	58274401	58274913	512
cCREs148523	chr14	58559493	58560209	716
cCREs148700	chr14	59639523	59640049	526
cCREs149062	chr14	61009526	61010099	573
cCREs149073	chr14	61042282	61042814	532
cCREs149503	chr14	63115181	63115692	511
cCREs149721	chr14	64011667	64012210	543
cCREs149938	chr14	64653684	64654192	508
cCREs149946	chr14	64681371	64681933	562
cCREs149951	chr14	64691440	64692334	894
cCREs150197	chr14	65497538	65498092	554
cCREs150207	chr14	65537854	65538383	529
cCREs150239	chr14	65638570	65639271	701
cCREs150248	chr14	65675863	65676601	738
cCREs150250	chr14	65681935	65682678	743
cCREs150254	chr14	65687801	65688313	512
cCREs150256	chr14	65691368	65691887	519
cCREs150258	chr14	65703817	65704373	556
cCREs150264	chr14	65738997	65739756	759
cCREs150515	chr14	66740894	66741446	552
cCREs150656	chr14	67198569	67199082	513
cCREs150706	chr14	67371861	67372584	723
cCREs150731	chr14	67512919	67513444	525
cCREs150747	chr14	67670733	67671256	523
cCREs150768	chr14	67774040	67774552	512
cCREs150774	chr14	67801538	67802113	575
cCREs150809	chr14	67923884	67924476	592
cCREs151083	chr14	69716896	69717398	502
cCREs151117	chr14	69847032	69847746	714
cCREs151788	chr14	72876810	72877596	786
cCREs152483	chr14	75637591	75638098	507
cCREs152644	chr14	76197207	76198041	834
cCREs152646	chr14	76211586	76212121	535
cCREs152652	chr14	76240738	76241430	692
cCREs152783	chr14	76688951	76689580	629
cCREs152841	chr14	76828700	76829279	579
cCREs152861	chr14	76900468	76900976	508
cCREs153617	chr14	79567776	79568345	569
cCREs154261	chr14	83970056	83970904	848
cCREs156248	chr14	98139270	98139796	526
cCREs156510	chr14	99479820	99480797	977
cCREs156547	chr14	99601222	99601928	706
cCREs156739	chr14	100232453	100232994	541
cCREs157011	chr14	101507916	101508445	529
cCREs157052	chr14	101625472	101626002	530
cCREs157328	chr14	102864979	102865559	580
cCREs157494	chr14	103490815	103491392	577
cCREs157738	chr14	104828351	104829203	852
cCREs159356	chr14	115839395	115839947	552
cCREs159440	chr14	116448224	116448997	773
cCREs159441	chr14	116453471	116453989	518
cCREs159489	chr14	116734584	116735085	501
cCREs159568	chr14	117138901	117139777	876
cCREs159790	chr14	117913596	117914198	602
cCREs159969	chr14	118710882	118711393	511
cCREs159988	chr14	118803942	118804462	520
cCREs160646	chr14	121150937	121151716	779
cCREs160670	chr14	121210450	121210992	542
cCREs160982	chr14	122172770	122173545	775
cCREs160994	chr14	122225681	122226523	842
cCREs160999	chr14	122240795	122241366	571
cCREs161034	chr14	122397156	122397955	799
cCREs161040	chr14	122412770	122413604	834
cCREs161095	chr14	122695148	122695667	519
cCREs161159	chr14	122925598	122926144	546
cCREs161294	chr14	123532928	123533466	538
cCREs161324	chr14	123662070	123662857	787
cCREs161489	chr15	3260310	3260841	531
cCREs161510	chr15	3383652	3384160	508
cCREs161531	chr15	3457893	3458482	589
cCREs161538	chr15	3485313	3485819	506
cCREs161560	chr15	3626726	3627234	508
cCREs161583	chr15	3877429	3877992	563
cCREs161975	chr15	6375923	6376442	519
cCREs162040	chr15	6666051	6666563	512
cCREs162124	chr15	7011243	7012217	974
cCREs162152	chr15	7102080	7102583	503
cCREs162261	chr15	7585853	7586524	671
cCREs162272	chr15	7676472	7677012	540
cCREs162462	chr15	8720921	8721465	544
cCREs162503	chr15	8915913	8916437	524
cCREs162504	chr15	8929979	8930502	523
cCREs162508	chr15	8942546	8943169	623
cCREs162512	chr15	8955174	8956186	1012
cCREs162818	chr15	10720559	10721340	781
cCREs162933	chr15	11178279	11178806	527
cCREs162935	chr15	11186647	11187225	578
cCREs163099	chr15	11835835	11836359	524
cCREs163130	chr15	11955965	11956534	569
cCREs163244	chr15	12337309	12338193	884
cCREs165197	chr15	25618912	25619421	509
cCREs165676	chr15	27498052	27498882	830
cCREs165762	chr15	27682488	27683003	515
cCREs166505	chr15	30990794	30991351	557
cCREs166689	chr15	31550269	31550842	573
cCREs166855	chr15	32269721	32270561	840
cCREs167059	chr15	33205312	33205825	513
cCREs167077	chr15	33348092	33348597	505
cCREs167101	chr15	33499428	33499976	548
cCREs167207	chr15	34234498	34235015	517
cCREs167353	chr15	34751708	34752224	516
cCREs167702	chr15	36645653	36646195	542
cCREs167741	chr15	36783121	36783732	611
cCREs167777	chr15	36907648	36908181	533
cCREs168127	chr15	38268648	38269174	526
cCREs169147	chr15	42955132	42955766	634
cCREs169174	chr15	43099051	43099935	884
cCREs169407	chr15	44449751	44450493	742
cCREs170172	chr15	50846392	50847017	625
cCREs170270	chr15	51354909	51355454	545
cCREs170465	chr15	52257110	52257650	540
cCREs170774	chr15	53542825	53543352	527
cCREs170938	chr15	54451557	54452073	516
cCREs170999	chr15	54749703	54750319	616
cCREs171004	chr15	54760945	54761484	539
cCREs171032	chr15	54866321	54866916	595
cCREs171184	chr15	55393161	55393842	681
cCREs171492	chr15	57380305	57380844	539
cCREs171514	chr15	57509189	57509887	698
cCREs171658	chr15	57978480	57979379	899
cCREs172002	chr15	59102343	59103039	696
cCREs172004	chr15	59107282	59107834	552
cCREs172660	chr15	62123622	62124264	642
cCREs172770	chr15	62567463	62567996	533
cCREs173783	chr15	66887152	66887667	515
cCREs173802	chr15	66933095	66933624	529
cCREs173803	chr15	66942112	66943060	948
cCREs173903	chr15	67303765	67304291	526
cCREs174724	chr15	71296374	71296938	564
cCREs175158	chr15	73135829	73136393	564
cCREs175170	chr15	73165713	73166229	516
cCREs175313	chr15	73662202	73662733	531
cCREs175752	chr15	75685652	75686183	531
cCREs175756	chr15	75696908	75697619	711
cCREs175757	chr15	75698144	75698704	560
cCREs175898	chr15	76315265	76315854	589
cCREs175924	chr15	76434463	76435248	785
cCREs175966	chr15	76645142	76645820	678
cCREs176112	chr15	77179731	77180244	513
cCREs176237	chr15	77809347	77809962	615
cCREs176264	chr15	77862958	77863500	542
cCREs176434	chr15	78505388	78506081	693
cCREs176436	chr15	78520231	78520744	513
cCREs176527	chr15	78834181	78834685	504
cCREs176587	chr15	79048026	79048567	541
cCREs176609	chr15	79133125	79133626	501
cCREs176716	chr15	79518541	79519255	714
cCREs176876	chr15	80171648	80172179	531
cCREs176878	chr15	80175244	80175750	506
cCREs176993	chr15	80585897	80587442	1545
cCREs177044	chr15	80780335	80781350	1015
cCREs177244	chr15	81749676	81750419	743
cCREs177247	chr15	81761364	81761880	516
cCREs177666	chr15	83682843	83683653	810
cCREs178077	chr15	85171927	85172518	591
cCREs178121	chr15	85323085	85323677	592
cCREs178242	chr15	85747866	85748833	967
cCREs178269	chr15	85935560	85936192	632
cCREs178620	chr15	87320962	87321469	507
cCREs178717	chr15	87649526	87650143	617
cCREs178846	chr15	88184787	88185366	579
cCREs179004	chr15	88903619	88904224	605
cCREs179105	chr15	89392868	89393448	580
cCREs179513	chr15	91299365	91299870	505
cCREs180227	chr15	94195011	94195516	505
cCREs180237	chr15	94223008	94223526	518
cCREs180610	chr15	95735735	95736264	529
cCREs180623	chr15	95784145	95785060	915
cCREs180662	chr15	95883626	95884148	522
cCREs180693	chr15	95969548	95970053	505
cCREs180863	chr15	96716985	96717685	700
cCREs180886	chr15	96832360	96832897	537
cCREs180922	chr15	97004132	97004656	524
cCREs180930	chr15	97055739	97056281	542
cCREs181510	chr15	99674801	99675334	533
cCREs181555	chr15	99843742	99844250	508
cCREs181997	chr15	101713657	101714190	533
cCREs182086	chr15	102167471	102168073	602
cCREs182110	chr15	102270263	102270783	520
cCREs182134	chr15	102394932	102395443	511
cCREs182331	chr15	103368051	103368586	535
cCREs182392	chr15	103542459	103542962	503
cCREs182537	chr16	4411190	4411716	526
cCREs182574	chr16	4552762	4553293	531
cCREs182585	chr16	4602099	4602672	573
cCREs182597	chr16	4651526	4652067	541
cCREs182743	chr16	5262825	5263575	750
cCREs182745	chr16	5273735	5274382	647
cCREs182866	chr16	5772478	5773012	534
cCREs183445	chr16	8121579	8122102	523
cCREs183505	chr16	8520474	8521048	574
cCREs183548	chr16	8666343	8666901	558
cCREs183690	chr16	9333987	9335186	1199
cCREs183705	chr16	9390523	9391352	829
cCREs183994	chr16	10575964	10576497	533
cCREs183995	chr16	10577196	10577981	785
cCREs184102	chr16	10972143	10972674	531
cCREs184597	chr16	13061048	13061904	856
cCREs184831	chr16	14129742	14130254	512
cCREs185307	chr16	17742809	17743714	905
cCREs185389	chr16	18122711	18123213	502
cCREs185413	chr16	18178912	18180127	1215
cCREs185491	chr16	18516360	18516933	573
cCREs185499	chr16	18555134	18555703	569
cCREs185796	chr16	20936661	20937167	506
cCREs185799	chr16	20972310	20972889	579
cCREs185849	chr16	21321148	21321906	758
cCREs185963	chr16	21806822	21807364	542
cCREs186185	chr16	22765451	22765982	531
cCREs186230	chr16	22914263	22914821	558
cCREs186233	chr16	22922448	22922968	520
cCREs186263	chr16	23148810	23149349	539
cCREs186341	chr16	23439052	23439633	581
cCREs186785	chr16	25256402	25256946	544
cCREs186906	chr16	25802725	25803446	721
cCREs186923	chr16	25889851	25890376	525
cCREs187116	chr16	26780347	26780871	524
cCREs187761	chr16	29851951	29852610	659
cCREs187862	chr16	30253785	30254292	507
cCREs187909	chr16	30504820	30505349	529
cCREs188063	chr16	31044832	31045664	832
cCREs188096	chr16	31169746	31170256	510
cCREs188150	chr16	31360109	31360629	520
cCREs188207	chr16	31584348	31584862	514
cCREs188310	chr16	32142180	32142686	506
cCREs188395	chr16	32657749	32658389	640
cCREs188461	chr16	32954152	32954923	771
cCREs188922	chr16	34601889	34602455	566
cCREs188989	chr16	34935718	34936398	680
cCREs189092	chr16	35247908	35248444	536
cCREs189100	chr16	35267918	35268476	558
cCREs189349	chr16	36532714	36533229	515
cCREs189350	chr16	36533996	36534701	705
cCREs189586	chr16	37657594	37658109	515
cCREs189599	chr16	37689900	37690446	546
cCREs189661	chr16	37888754	37889330	576
cCREs189778	chr16	38361522	38362451	929
cCREs189829	chr16	38613358	38613911	553
cCREs189836	chr16	38636386	38637229	843
cCREs190958	chr16	43561038	43561661	623
cCREs191022	chr16	43788892	43789442	550
cCREs191050	chr16	43871371	43871911	540
cCREs191169	chr16	44297220	44297755	535
cCREs191361	chr16	45111378	45112111	733
cCREs191422	chr16	45337467	45337991	524
cCREs191559	chr16	45916850	45917375	525
cCREs191563	chr16	45929099	45929636	537
cCREs191940	chr16	48451771	48452310	539
cCREs192661	chr16	52000014	52000650	636
cCREs192684	chr16	52061805	52062328	523
cCREs192696	chr16	52094626	52095147	521
cCREs192943	chr16	53275690	53276587	897
cCREs193158	chr16	54966971	54967504	533
cCREs193510	chr16	56809827	56810450	623
cCREs193526	chr16	56870652	56871454	802
cCREs193623	chr16	57344762	57345265	503
cCREs193737	chr16	57795103	57795918	815
cCREs193979	chr16	59552665	59553211	546
cCREs194754	chr16	64584558	64585096	538
cCREs196060	chr16	72687570	72688123	553
cCREs196078	chr16	72746664	72747207	543
cCREs196093	chr16	72808063	72808739	676
cCREs196098	chr16	72828262	72828775	513
cCREs196254	chr16	73652630	73653450	820
cCREs196306	chr16	73882996	73883741	745
cCREs196524	chr16	74847069	74847574	505
cCREs197208	chr16	77981996	77982559	563
cCREs197668	chr16	80964883	80965404	521
cCREs198025	chr16	83446707	83447233	526
cCREs198085	chr16	83974409	83975145	736
cCREs198098	chr16	84124934	84125465	531
cCREs198217	chr16	84831689	84832260	571
cCREs198344	chr16	85135870	85136372	502
cCREs198411	chr16	85390769	85391286	517
cCREs198499	chr16	85771976	85772763	787
cCREs198649	chr16	86658931	86659591	660
cCREs199388	chr16	90082483	90083007	524
cCREs199546	chr16	90629949	90630456	507
cCREs199583	chr16	90748926	90749457	531
cCREs199589	chr16	90776057	90776586	529
cCREs199616	chr16	90854882	90855737	855
cCREs199617	chr16	90862814	90863522	708
cCREs199727	chr16	91360064	91360568	504
cCREs199761	chr16	91462632	91463143	511
cCREs199875	chr16	91859097	91859603	506
cCREs199894	chr16	91900028	91900753	725
cCREs199968	chr16	92208862	92209964	1102
cCREs200054	chr16	92475008	92475856	848
cCREs200165	chr16	93015578	93016100	522
cCREs200234	chr16	93353890	93354452	562
cCREs200502	chr16	94575611	94576194	583
cCREs201498	chr17	3616327	3616905	578
cCREs201499	chr17	3618246	3618781	535
cCREs201641	chr17	4409754	4410275	521
cCREs201679	chr17	4616466	4617033	567
cCREs201682	chr17	4627413	4628177	764
cCREs201713	chr17	4805940	4806473	533
cCREs202046	chr17	5937143	5937932	789
cCREs202297	chr17	7625211	7626505	1294
cCREs202315	chr17	7707152	7707672	520
cCREs202349	chr17	7856842	7857497	655
cCREs202447	chr17	8479678	8480249	571
cCREs203046	chr17	11031324	11031859	535
cCREs203114	chr17	11314125	11314657	532
cCREs203352	chr17	12196864	12197462	598
cCREs203369	chr17	12226387	12226977	590
cCREs203408	chr17	12385318	12386027	709
cCREs203443	chr17	12572076	12573339	1263
cCREs203444	chr17	12575238	12575865	627
cCREs203445	chr17	12583760	12584373	613
cCREs203446	chr17	12586735	12587321	586
cCREs203464	chr17	12684364	12684876	512
cCREs203494	chr17	12795263	12795788	525
cCREs203621	chr17	13819278	13819786	508
cCREs203633	chr17	13865285	13865800	515
cCREs203760	chr17	14501269	14501807	538
cCREs203784	chr17	14599390	14600009	619
cCREs203869	chr17	15140385	15140938	553
cCREs204237	chr17	21941260	21942194	934
cCREs204394	chr17	24258869	24259391	522
cCREs204396	chr17	24283138	24283683	545
cCREs204796	chr17	26188269	26188889	620
cCREs205017	chr17	27160861	27161370	509
cCREs205099	chr17	27528683	27529229	546
cCREs205157	chr17	27717644	27718176	532
cCREs205317	chr17	28293615	28294154	539
cCREs205328	chr17	28344165	28344671	506
cCREs205353	chr17	28515332	28516334	1002
cCREs205587	chr17	29457726	29458988	1262
cCREs205716	chr17	30010341	30010858	517
cCREs205728	chr17	30060251	30060754	503
cCREs205909	chr17	30622139	30622716	577
cCREs205965	chr17	31000735	31001633	898
cCREs206181	chr17	31861980	31862530	550
cCREs206283	chr17	32327376	32327956	580
cCREs206284	chr17	32332202	32332890	688
cCREs206285	chr17	32334464	32335032	568
cCREs206330	chr17	32779536	32780108	572
cCREs206334	chr17	32798265	32798789	524
cCREs206409	chr17	33732470	33733267	797
cCREs206459	chr17	34052270	34053109	839
cCREs206570	chr17	34750472	34751054	582
cCREs206663	chr17	35303694	35304217	523
cCREs206723	chr17	35759649	35760503	854
cCREs206777	chr17	35991565	35992302	737
cCREs206849	chr17	36844636	36845158	522
cCREs206904	chr17	37185361	37185886	525
cCREs206941	chr17	39011206	39011709	503
cCREs206944	chr17	39742820	39743670	850
cCREs206949	chr17	40006810	40007348	538
cCREs207239	chr17	42950562	42951104	542
cCREs207259	chr17	43025677	43026191	514
cCREs207287	chr17	43134910	43135446	536
cCREs207573	chr17	44422853	44423426	573
cCREs207574	chr17	44424347	44424879	532
cCREs207577	chr17	44431454	44431956	502
cCREs207714	chr17	45032198	45033160	962
cCREs207876	chr17	45748987	45749791	804
cCREs207889	chr17	45787327	45787847	520
cCREs207899	chr17	45819480	45820693	1213
cCREs207905	chr17	45836175	45836690	515
cCREs207910	chr17	45863429	45863960	531
cCREs207911	chr17	45864523	45865096	573
cCREs207949	chr17	46086433	46086949	516
cCREs207950	chr17	46091317	46092425	1108
cCREs207953	chr17	46102583	46103179	596
cCREs207960	chr17	46125005	46125519	514
cCREs208020	chr17	46452241	46452877	636
cCREs208067	chr17	46644943	46645484	541
cCREs208252	chr17	47517863	47518695	832
cCREs208261	chr17	47543227	47543765	538
cCREs208303	chr17	47756396	47756913	517
cCREs208316	chr17	47803807	47804328	521
cCREs208359	chr17	47988686	47989238	552
cCREs208371	chr17	48027592	48028112	520
cCREs208388	chr17	48097521	48098061	540
cCREs208516	chr17	48752553	48753362	809
cCREs208656	chr17	49312374	49312907	533
cCREs208778	chr17	49762888	49763404	516
cCREs208784	chr17	49777033	49777616	583
cCREs209797	chr17	56274396	56274910	514
cCREs209819	chr17	56356534	56357081	547
cCREs209898	chr17	56587694	56588259	565
cCREs209912	chr17	56651660	56652222	562
cCREs209919	chr17	56682806	56683334	528
cCREs209957	chr17	56869545	56870123	578
cCREs209985	chr17	57021424	57022182	758
cCREs210032	chr17	57249840	57250370	530
cCREs210034	chr17	57255317	57255831	514
cCREs210245	chr17	58942288	58942844	556
cCREs210259	chr17	59009429	59009948	519
cCREs210346	chr17	59558751	59559304	553
cCREs210937	chr17	63644331	63645027	696
cCREs210946	chr17	63691535	63692348	813
cCREs210963	chr17	63802911	63803440	529
cCREs211125	chr17	64455569	64456095	526
cCREs211961	chr17	67692484	67692999	515
cCREs211985	chr17	67788241	67788912	671
cCREs212015	chr17	67931359	67931944	585
cCREs212021	chr17	67950346	67951297	951
cCREs212043	chr17	68070802	68071405	603
cCREs212052	chr17	68112796	68113489	693
cCREs212102	chr17	68335856	68336649	793
cCREs212881	chr17	71676464	71676982	518
cCREs212899	chr17	71730611	71731163	552
cCREs212948	chr17	71915855	71916393	538
cCREs213094	chr17	72507909	72508475	566
cCREs213124	chr17	72636843	72637928	1085
cCREs213456	chr17	73885762	73886600	838
cCREs213734	chr17	75290998	75291515	517
cCREs213751	chr17	75360577	75361080	503
cCREs213853	chr17	75956599	75957514	915
cCREs214105	chr17	78086953	78087499	546
cCREs214322	chr17	78888489	78889649	1160
cCREs214447	chr17	79495238	79496161	923
cCREs214498	chr17	79710404	79710906	502
cCREs214530	chr17	79818002	79818542	540
cCREs214574	chr17	80004104	80004635	531
cCREs214984	chr17	81526922	81527676	754
cCREs215477	chr17	83891503	83892325	822
cCREs215480	chr17	83899655	83900170	515
cCREs215513	chr17	83978922	83979708	786
cCREs215580	chr17	84182563	84183080	517
cCREs215656	chr17	84421909	84422848	939
cCREs215939	chr17	85737091	85737836	745
cCREs215966	chr17	85867949	85868748	799
cCREs215973	chr17	85882203	85882861	658
cCREs216241	chr17	86784236	86784788	552
cCREs216277	chr17	86932231	86932777	546
cCREs217422	chr17	94039675	94040185	510
cCREs217562	chr18	3616230	3616992	762
cCREs217723	chr18	4544809	4545330	521
cCREs217776	chr18	4716277	4716803	526
cCREs217881	chr18	5063138	5063718	580
cCREs217980	chr18	5473860	5474609	749
cCREs218082	chr18	5930233	5930765	532
cCREs218669	chr18	9658764	9659343	579
cCREs218713	chr18	9848406	9848928	522
cCREs218971	chr18	11317441	11317950	509
cCREs218972	chr18	11322994	11323517	523
cCREs219034	chr18	11795789	11796485	696
cCREs219410	chr18	13062266	13062809	543
cCREs219417	chr18	13082030	13082562	532
cCREs219483	chr18	13395285	13395829	544
cCREs219585	chr18	13803823	13804348	525
cCREs219599	chr18	13857685	13858249	564
cCREs219606	chr18	13886232	13886760	528
cCREs219610	chr18	13895060	13895589	529
cCREs220651	chr18	20147448	20148003	555
cCREs220655	chr18	20155200	20155804	604
cCREs221008	chr18	21735069	21735662	593
cCREs221680	chr18	24639080	24639616	536
cCREs223520	chr18	33211497	33212058	561
cCREs224280	chr18	36352807	36353330	523
cCREs224694	chr18	38670784	38671300	516
cCREs224776	chr18	38920819	38921354	535
cCREs224825	chr18	39055787	39056330	543
cCREs224946	chr18	39379504	39380035	531
cCREs225004	chr18	39619140	39619651	511
cCREs225027	chr18	39715156	39715724	568
cCREs225613	chr18	42591902	42592513	611
cCREs225733	chr18	42973199	42973758	559
cCREs225871	chr18	43468782	43469944	1162
cCREs226048	chr18	44452649	44453202	553
cCREs226772	chr18	47345705	47346226	521
cCREs227793	chr18	52636338	52636929	591
cCREs227847	chr18	52819441	52819984	543
cCREs228026	chr18	53649447	53650464	1017
cCREs228028	chr18	53662859	53663381	522
cCREs228186	chr18	54302073	54302629	556
cCREs228365	chr18	54949577	54950103	526
cCREs228465	chr18	55259726	55260327	601
cCREs228560	chr18	55605896	55606571	675
cCREs228564	chr18	55618402	55619023	621
cCREs228725	chr18	56393558	56394122	564
cCREs228837	chr18	56812678	56813209	531
cCREs228925	chr18	57126211	57126732	521
cCREs229282	chr18	58404694	58405204	510
cCREs229386	chr18	59088951	59089466	515
cCREs229388	chr18	59097552	59098086	534
cCREs229648	chr18	60556236	60556738	502
cCREs229690	chr18	60660710	60661273	563
cCREs229697	chr18	60670271	60670877	606
cCREs229755	chr18	60813838	60814500	662
cCREs229824	chr18	60968747	60969287	540
cCREs229891	chr18	61143196	61143701	505
cCREs229973	chr18	61397749	61398289	540
cCREs230070	chr18	61740632	61741635	1003
cCREs230110	chr18	61830530	61831078	548
cCREs230142	chr18	61899135	61899640	505
cCREs230231	chr18	62170123	62170754	631
cCREs230520	chr18	63466706	63467248	542
cCREs230538	chr18	63572330	63573136	806
cCREs230976	chr18	65220212	65220998	786
cCREs231227	chr18	66156929	66157474	545
cCREs231252	chr18	66234981	66235525	544
cCREs231275	chr18	66340547	66341071	524
cCREs231397	chr18	66984134	66984731	597
cCREs231680	chr18	68091027	68091541	514
cCREs231712	chr18	68179072	68179633	561
cCREs231775	chr18	68400791	68401600	809
cCREs232201	chr18	69804441	69805025	584
cCREs232367	chr18	70626011	70626687	676
cCREs232987	chr18	73854736	73855242	506
cCREs233051	chr18	74009664	74010188	524
cCREs233253	chr18	74896949	74897452	503
cCREs233262	chr18	74917448	74918182	734
cCREs233300	chr18	75040192	75040731	539
cCREs233563	chr18	75787925	75788800	875
cCREs233583	chr18	75883294	75883815	521
cCREs233646	chr18	76096823	76097638	815
cCREs233650	chr18	76112654	76113233	579
cCREs233874	chr18	77353678	77354230	552
cCREs234184	chr18	78554092	78555149	1057
cCREs234393	chr18	79272377	79273393	1016
cCREs234518	chr18	80108447	80108960	513
cCREs234521	chr18	80115547	80116105	558
cCREs234679	chr18	80635763	80636552	789
cCREs234917	chr18	81896137	81896650	513
cCREs235047	chr18	82481016	82481578	562
cCREs235056	chr18	82499672	82500529	857
cCREs235195	chr18	82880804	82881548	744
cCREs235604	chr18	84700524	84701209	685
cCREs236877	chr19	5108071	5108607	536
cCREs237010	chr19	5827361	5828206	845
cCREs237011	chr19	5835912	5836505	593
cCREs237038	chr19	5966532	5967189	657
cCREs237040	chr19	5977611	5978140	529
cCREs237054	chr19	6105892	6106546	654
cCREs237079	chr19	6278012	6278663	651
cCREs237345	chr19	7333947	7334475	528
cCREs237423	chr19	8570613	8571118	505
cCREs237439	chr19	8617906	8618640	734
cCREs237527	chr19	8999157	8999684	527
cCREs237610	chr19	10013877	10014392	515
cCREs237701	chr19	10324383	10324891	508
cCREs237702	chr19	10326553	10327090	537
cCREs238075	chr19	12473100	12473692	592
cCREs238220	chr19	14389707	14390564	857
cCREs239107	chr19	18601721	18602346	625
cCREs239133	chr19	18752701	18753515	814
cCREs239137	chr19	18774951	18775470	519
cCREs239689	chr19	22044914	22045639	725
cCREs239698	chr19	22094060	22094657	597
cCREs239992	chr19	23175435	23175988	553
cCREs239996	chr19	23186842	23187418	576
cCREs240526	chr19	25111581	25112327	746
cCREs240556	chr19	25266093	25266615	522
cCREs240606	chr19	25435279	25435864	585
cCREs240964	chr19	27147182	27147845	663
cCREs241295	chr19	28488537	28489187	650
cCREs241458	chr19	29054523	29055063	540
cCREs241536	chr19	29420459	29420963	504
cCREs242329	chr19	33059394	33059907	513
cCREs242360	chr19	33188362	33189218	856
cCREs242623	chr19	34847882	34848438	556
cCREs243231	chr19	37814371	37814900	529
cCREs243266	chr19	38008501	38009129	628
cCREs243310	chr19	38190858	38191467	609
cCREs243376	chr19	38463216	38463779	563
cCREs243390	chr19	38521414	38521976	562
cCREs243528	chr19	40319012	40319615	603
cCREs243765	chr19	41180958	41181499	541
cCREs243790	chr19	41288546	41289054	508
cCREs243811	chr19	41383733	41384291	558
cCREs244376	chr19	44021458	44021992	534
cCREs244406	chr19	44253769	44254307	538
cCREs244539	chr19	45014464	45015429	965
cCREs244721	chr19	45875139	45875767	628
cCREs244822	chr19	46406680	46407467	787
cCREs244830	chr19	46433596	46434160	564
cCREs244835	chr19	46445579	46446122	543
cCREs244840	chr19	46453544	46454054	510
cCREs244866	chr19	46519149	46519681	532
cCREs244878	chr19	46541135	46541723	588
cCREs244936	chr19	46792373	46792930	557
cCREs244937	chr19	46793739	46794556	817
cCREs245091	chr19	47298682	47299199	517
cCREs245094	chr19	47303926	47304886	960
cCREs245100	chr19	47320176	47320783	607
cCREs245156	chr19	47515161	47515669	508
cCREs246172	chr19	53018105	53018606	501
cCREs246270	chr19	53348191	53348714	523
cCREs246340	chr19	53575452	53575978	526
cCREs246463	chr19	54048449	54048996	547
cCREs246468	chr19	54070645	54071170	525
cCREs246530	chr19	54399558	54400094	536
cCREs246534	chr19	54420586	54421154	568
cCREs246535	chr19	54422217	54422775	558
cCREs247019	chr19	56522126	56522633	507
cCREs247149	chr19	57009602	57010284	682
cCREs247328	chr19	57528629	57529133	504
cCREs247936	chr19	60137629	60138160	531
cCREs248304	chr2	3787387	3788220	833
cCREs248352	chr2	4083775	4084398	623
cCREs248548	chr2	4857887	4858405	518
cCREs248572	chr2	4987444	4987979	535
cCREs248619	chr2	5157440	5157944	504
cCREs248762	chr2	5635222	5635976	754
cCREs248875	chr2	6172919	6173686	767
cCREs248903	chr2	6270304	6270903	599
cCREs249241	chr2	7246074	7246604	530
cCREs249725	chr2	10166591	10167168	577
cCREs250100	chr2	12147817	12148354	537
cCREs250381	chr2	13394017	13394902	885
cCREs250394	chr2	13437463	13437982	519
cCREs250946	chr2	16578039	16578954	915
cCREs251341	chr2	18510019	18510541	522
cCREs252698	chr2	25856073	25856899	826
cCREs252731	chr2	25977790	25978317	527
cCREs252798	chr2	26280422	26280938	516
cCREs252884	chr2	26588530	26589042	512
cCREs252955	chr2	27089164	27089669	505
cCREs253085	chr2	27555347	27555887	540
cCREs253086	chr2	27556845	27557358	513
cCREs253121	chr2	27714733	27715303	570
cCREs253149	chr2	27813215	27813827	612
cCREs253169	chr2	27897090	27897664	574
cCREs253177	chr2	27931911	27932457	546
cCREs253214	chr2	28078812	28079386	574
cCREs253357	chr2	28529284	28529941	657
cCREs253441	chr2	28915991	28916496	505
cCREs253458	chr2	29061447	29062043	596
cCREs253645	chr2	29703041	29703570	529
cCREs253822	chr2	30588804	30589605	801
cCREs253897	chr2	30838326	30838873	547
cCREs253898	chr2	30839374	30839912	538
cCREs253903	chr2	30854364	30854907	543
cCREs254164	chr2	31855879	31856549	670
cCREs254413	chr2	32790624	32791133	509
cCREs254701	chr2	33668735	33669489	754
cCREs254850	chr2	34254889	34255441	552
cCREs255005	chr2	34980150	34980692	542
cCREs255063	chr2	35267848	35268529	681
cCREs255151	chr2	35602899	35603665	766
cCREs255189	chr2	35695084	35695610	526
cCREs257452	chr2	48941940	48942500	560
cCREs257658	chr2	49774064	49775088	1024
cCREs257725	chr2	49964053	49964766	713
cCREs257958	chr2	50960771	50961313	542
cCREs257977	chr2	51045556	51046106	550
cCREs257992	chr2	51124774	51125321	547
cCREs258026	chr2	51273136	51273754	618
cCREs258193	chr2	52006371	52006886	515
cCREs258422	chr2	52779301	52779861	560
cCREs258458	chr2	52907808	52908718	910
cCREs259137	chr2	57260536	57261047	511
cCREs259504	chr2	58743365	58743917	552
cCREs259505	chr2	58747742	58748458	716
cCREs259568	chr2	58992283	58993356	1073
cCREs259779	chr2	59673809	59674316	507
cCREs259787	chr2	59691016	59691582	566
cCREs259808	chr2	59741460	59741997	537
cCREs259820	chr2	59782423	59782926	503
cCREs260221	chr2	61407807	61408618	811
cCREs260275	chr2	61600742	61601321	579
cCREs260772	chr2	63975115	63975721	606
cCREs261032	chr2	65293344	65293893	549
cCREs261377	chr2	66780820	66781356	536
cCREs261642	chr2	68117929	68118514	585
cCREs261859	chr2	68944813	68945317	504
cCREs261971	chr2	69240760	69241300	540
cCREs262171	chr2	70151797	70152449	652
cCREs262415	chr2	71180486	71181027	541
cCREs262456	chr2	71314061	71314566	505
cCREs262680	chr2	72111498	72112055	557
cCREs262915	chr2	72908283	72908830	547
cCREs262937	chr2	73031243	73031791	548
cCREs263036	chr2	73407636	73408139	503
cCREs263077	chr2	73518947	73519497	550
cCREs263089	chr2	73563618	73564119	501
cCREs263326	chr2	74795453	74796068	615
cCREs263333	chr2	74831060	74831638	578
cCREs263523	chr2	75751816	75752460	644
cCREs263663	chr2	76294270	76294818	548
cCREs264560	chr2	79810034	79810971	937
cCREs264561	chr2	79813029	79813549	520
cCREs264602	chr2	79964971	79965513	542
cCREs264734	chr2	80461416	80461982	566
cCREs266048	chr2	91035308	91035841	533
cCREs266335	chr2	92143819	92144341	522
cCREs266533	chr2	92831707	92832321	614
cCREs266605	chr2	93077576	93078102	526
cCREs266622	chr2	93120914	93121633	719
cCREs266637	chr2	93152129	93152652	523
cCREs266665	chr2	93241950	93242764	814
cCREs266681	chr2	93270037	93270829	792
cCREs266736	chr2	93435678	93436218	540
cCREs266740	chr2	93443235	93444106	871
cCREs266754	chr2	93476415	93476946	531
cCREs266802	chr2	93695833	93696795	962
cCREs268153	chr2	102114635	102115187	552
cCREs268268	chr2	102460256	102460794	538
cCREs268408	chr2	102891244	102891790	546
cCREs268527	chr2	103294435	103295070	635
cCREs268552	chr2	103388454	103388969	515
cCREs268565	chr2	103431973	103432682	709
cCREs268880	chr2	104481967	104482632	665
cCREs269233	chr2	106412296	106412821	525
cCREs269945	chr2	109996283	109996921	638
cCREs269958	chr2	110074957	110075508	551
cCREs269963	chr2	110133486	110133996	510
cCREs269967	chr2	110149193	110149738	545
cCREs269990	chr2	110225984	110226778	794
cCREs270027	chr2	110426779	110427337	558
cCREs270910	chr2	115129184	115129867	683
cCREs271842	chr2	118837280	118838119	839
cCREs271971	chr2	119580390	119581181	791
cCREs272031	chr2	119879552	119880109	557
cCREs272176	chr2	120646715	120647254	539
cCREs272233	chr2	121036451	121037173	722
cCREs272477	chr2	122236270	122236775	505
cCREs272588	chr2	122780936	122781493	557
cCREs273109	chr2	125073008	125073517	509
cCREs273111	chr2	125074728	125075272	544
cCREs273167	chr2	125318308	125318884	576
cCREs273172	chr2	125325053	125325624	571
cCREs273438	chr2	126468552	126469313	761
cCREs273630	chr2	127449705	127450268	563
cCREs273689	chr2	127644915	127645431	516
cCREs273696	chr2	127701711	127702560	849
cCREs273723	chr2	127875523	127876304	781
cCREs273963	chr2	128922020	128922556	536
cCREs274294	chr2	130333064	130333597	533
cCREs274470	chr2	131061530	131062141	611
cCREs274521	chr2	131298632	131299137	505
cCREs274647	chr2	131749695	131750544	849
cCREs275173	chr2	133916911	133917416	505
cCREs275176	chr2	133925647	133926197	550
cCREs275192	chr2	134012405	134012932	527
cCREs275194	chr2	134021040	134022287	1247
cCREs275975	chr2	137065817	137066377	560
cCREs275980	chr2	137079657	137080175	518
cCREs276026	chr2	137288134	137288884	750
cCREs276504	chr2	139417445	139417949	504
cCREs276756	chr2	140680465	140680998	533
cCREs276813	chr2	140932937	140933451	514
cCREs276864	chr2	141123815	141124328	513
cCREs276993	chr2	141690824	141691346	522
cCREs277176	chr2	142454121	142455382	1261
cCREs277678	chr2	144248573	144249094	521
cCREs277735	chr2	144438200	144438715	515
cCREs277789	chr2	144666332	144666845	513
cCREs277804	chr2	144716151	144716944	793
cCREs278077	chr2	145739941	145740481	540
cCREs278083	chr2	145759754	145760614	860
cCREs278584	chr2	148192855	148193362	507
cCREs278716	chr2	148581691	148582512	821
cCREs278726	chr2	148603896	148604400	504
cCREs278950	chr2	149931070	149931585	515
cCREs279241	chr2	151915923	151916649	726
cCREs279319	chr2	152223397	152223953	556
cCREs279405	chr2	152674146	152674738	592
cCREs279779	chr2	154342332	154342936	604
cCREs279933	chr2	155047326	155048231	905
cCREs280042	chr2	155639274	155639822	548
cCREs280107	chr2	155905648	155906319	671
cCREs280211	chr2	156432820	156433373	553
cCREs280360	chr2	156879442	156879991	549
cCREs280553	chr2	157519220	157520024	804
cCREs280643	chr2	157846883	157847768	885
cCREs280793	chr2	158305773	158306812	1039
cCREs281027	chr2	159270092	159270594	502
cCREs281121	chr2	159913532	159914250	718
cCREs281249	chr2	160543894	160544556	662
cCREs281752	chr2	162663808	162664413	605
cCREs281836	chr2	163042452	163042962	510
cCREs281847	chr2	163100437	163100985	548
cCREs281973	chr2	163611323	163611835	512
cCREs282238	chr2	164790396	164790943	547
cCREs282251	chr2	164839548	164840100	552
cCREs282432	chr2	165471920	165472443	523
cCREs282456	chr2	165571116	165572022	906
cCREs282478	chr2	165643436	165644612	1176
cCREs282507	chr2	165748464	165749100	636
cCREs282592	chr2	166011342	166011850	508
cCREs282700	chr2	166345483	166346002	519
cCREs282771	chr2	166586771	166587515	744
cCREs282930	chr2	167147643	167148188	545
cCREs282957	chr2	167240123	167240886	763
cCREs282959	chr2	167246644	167247162	518
cCREs283049	chr2	167595776	167596310	534
cCREs283081	chr2	167690853	167691413	560
cCREs283084	chr2	167700745	167701277	532
cCREs283114	chr2	167820669	167821441	772
cCREs283123	chr2	167851460	167852063	603
cCREs283161	chr2	167982565	167983102	537
cCREs283168	chr2	168002188	168002747	559
cCREs283178	chr2	168044615	168045213	598
cCREs283334	chr2	168606036	168606537	501
cCREs283570	chr2	169709679	169710228	549
cCREs283633	chr2	169924096	169924870	774
cCREs283778	chr2	170547493	170548221	728
cCREs284215	chr2	172799834	172800384	550
cCREs284232	chr2	172860060	172860579	519
cCREs284264	chr2	172965137	172965786	649
cCREs284287	chr2	173048608	173049233	625
cCREs284358	chr2	173338601	173339232	631
cCREs284376	chr2	173390411	173391111	700
cCREs284429	chr2	173683495	173683999	504
cCREs284680	chr2	174770411	174770949	538
cCREs284699	chr2	174828548	174829053	505
cCREs284733	chr2	174965399	174966278	879
cCREs285248	chr2	179986227	179986792	565
cCREs285371	chr2	180513597	180514332	735
cCREs285891	chr3	6100700	6101256	556
cCREs285894	chr3	6107270	6108174	904
cCREs286031	chr3	7512486	7513322	836
cCREs286363	chr3	9348178	9348694	516
cCREs287215	chr3	14828782	14829343	561
cCREs287220	chr3	14853878	14854444	566
cCREs287887	chr3	19526296	19526970	674
cCREs288216	chr3	21421493	21422208	715
cCREs288269	chr3	21623717	21624361	644
cCREs288620	chr3	23737110	23737646	536
cCREs288751	chr3	24629974	24630531	557
cCREs289270	chr3	27231476	27232008	532
cCREs289449	chr3	27858966	27859781	815
cCREs289992	chr3	30106398	30106939	541
cCREs290044	chr3	30361115	30361646	531
cCREs290191	chr3	31077662	31078199	537
cCREs290203	chr3	31123050	31123880	830
cCREs290221	chr3	31173007	31173535	528
cCREs290229	chr3	31212435	31213216	781
cCREs290285	chr3	31342720	31343306	586
cCREs290295	chr3	31396800	31397370	570
cCREs290363	chr3	31892678	31893182	504
cCREs290582	chr3	32656689	32657192	503
cCREs290598	chr3	32704579	32705088	509
cCREs291196	chr3	35249073	35249584	511
cCREs291516	chr3	36917619	36918174	555
cCREs291672	chr3	37728370	37728897	527
cCREs291810	chr3	38297433	38297978	545
cCREs291845	chr3	38427079	38427668	589
cCREs291862	chr3	38471391	38472057	666
cCREs292051	chr3	39159411	39160031	620
cCREs292053	chr3	39167405	39168001	596
cCREs292115	chr3	39571758	39572492	734
cCREs292134	chr3	39675731	39676252	521
cCREs292270	chr3	40412500	40413022	522
cCREs292298	chr3	40509096	40509953	857
cCREs292302	chr3	40523192	40523711	519
cCREs293328	chr3	47821811	47822330	519
cCREs293735	chr3	50523035	50523537	502
cCREs293742	chr3	50554253	50554788	535
cCREs293904	chr3	51099041	51099613	572
cCREs293963	chr3	51296393	51296934	541
cCREs294346	chr3	52659204	52659846	642
cCREs294402	chr3	52841282	52841843	561
cCREs294762	chr3	54135369	54136186	817
cCREs294831	chr3	54396440	54396987	547
cCREs294845	chr3	54440528	54441053	525
cCREs295055	chr3	55213663	55214242	579
cCREs295199	chr3	55569462	55570023	561
cCREs295870	chr3	58609908	58610462	554
cCREs295873	chr3	58630166	58630705	539
cCREs296350	chr3	61005120	61005682	562
cCREs296555	chr3	62103024	62103570	546
cCREs296998	chr3	65023823	65024348	525
cCREs297110	chr3	65365089	65365681	592
cCREs297185	chr3	65617368	65617956	588
cCREs297194	chr3	65644598	65645169	571
cCREs297582	chr3	67829090	67829652	562
cCREs297584	chr3	67835473	67836109	636
cCREs298104	chr3	69687023	69687663	640
cCREs298105	chr3	69689520	69690247	727
cCREs298141	chr3	69846803	69847339	536
cCREs298158	chr3	69922318	69922850	532
cCREs298951	chr3	75944753	75945262	509
cCREs300538	chr3	83503851	83504353	502
cCREs300544	chr3	83553781	83554335	554
cCREs300559	chr3	83617162	83617687	525
cCREs300590	chr3	83760783	83761311	528
cCREs300858	chr3	84708417	84708923	506
cCREs301172	chr3	85813016	85813550	534
cCREs301216	chr3	86013715	86014337	622
cCREs301257	chr3	86119323	86120028	705
cCREs301259	chr3	86126968	86127491	523
cCREs301609	chr3	87796661	87797180	519
cCREs301953	chr3	89305726	89306735	1009
cCREs302060	chr3	89671253	89671791	538
cCREs302157	chr3	90135451	90135967	516
cCREs302169	chr3	90250712	90251231	519
cCREs302242	chr3	90606146	90606684	538
cCREs302672	chr3	94995619	94996131	512
cCREs302831	chr3	95762879	95763469	590
cCREs303333	chr3	97956222	97956811	589
cCREs303335	chr3	97962106	97962666	560
cCREs303340	chr3	97972749	97973664	915
cCREs303399	chr3	98124764	98125292	528
cCREs303455	chr3	98379192	98379964	772
cCREs303559	chr3	99256850	99257364	514
cCREs303576	chr3	99336781	99337748	967
cCREs303581	chr3	99377958	99378499	541
cCREs303632	chr3	99817499	99818444	945
cCREs303650	chr3	99934704	99935224	520
cCREs303808	chr3	100722164	100722671	507
cCREs303920	chr3	101078291	101078825	534
cCREs304271	chr3	102197632	102198243	611
cCREs304362	chr3	102556035	102556553	518
cCREs304711	chr3	104279017	104279960	943
cCREs304853	chr3	104795887	104796800	913
cCREs304999	chr3	105388226	105388771	545
cCREs305166	chr3	105853730	105854265	535
cCREs305179	chr3	105880319	105880878	559
cCREs305475	chr3	107567611	107568165	554
cCREs305486	chr3	107597928	107598772	844
cCREs305497	chr3	107635793	107636294	501
cCREs305518	chr3	107712558	107713106	548
cCREs306936	chr3	116180443	116180962	519
cCREs306952	chr3	116223446	116223963	517
cCREs306968	chr3	116263932	116264470	538
cCREs306976	chr3	116283978	116284502	524
cCREs306994	chr3	116338525	116339080	555
cCREs307015	chr3	116408752	116409276	524
cCREs307140	chr3	116964321	116964861	540
cCREs307541	chr3	118566602	118567202	600
cCREs307718	chr3	119570492	119571011	519
cCREs307807	chr3	120067592	120068096	504
cCREs307926	chr3	120698613	120699151	538
cCREs307982	chr3	120963684	120964199	515
cCREs308068	chr3	121361110	121361629	519
cCREs308074	chr3	121373867	121374430	563
cCREs308086	chr3	121430352	121430909	557
cCREs308127	chr3	121542817	121543503	686
cCREs308130	chr3	121552542	121553090	548
cCREs308156	chr3	121613047	121613585	538
cCREs308183	chr3	121697082	121697777	695
cCREs308228	chr3	121851985	121852564	579
cCREs308271	chr3	122014003	122014848	845
cCREs308280	chr3	122053926	122054491	565
cCREs309867	chr3	129525976	129526946	970
cCREs309953	chr3	129785034	129786018	984
cCREs310115	chr3	130367195	130367719	524
cCREs310337	chr3	131263716	131264220	504
cCREs310558	chr3	132326892	132327436	544
cCREs310772	chr3	133342180	133342782	602
cCREs311346	chr3	136422123	136422650	527
cCREs311653	chr3	137541707	137542216	509
cCREs311865	chr3	138336061	138336802	741
cCREs312042	chr3	138983785	138984354	569
cCREs312768	chr3	142348700	142349780	1080
cCREs313084	chr3	143649999	143650563	564
cCREs313123	chr3	143766640	143767164	524
cCREs313213	chr3	144118697	144119582	885
cCREs313245	chr3	144223775	144224280	505
cCREs313247	chr3	144226067	144226570	503
cCREs313655	chr3	145780047	145780594	547
cCREs313763	chr3	146214804	146215313	509
cCREs314414	chr3	149001380	149001931	551
cCREs314415	chr3	149004067	149004667	600
cCREs314511	chr3	149328045	149328569	524
cCREs314521	chr3	149365301	149365812	511
cCREs314931	chr3	151883856	151884379	523
cCREs314942	chr3	151945844	151946657	813
cCREs314943	chr3	151950033	151950561	528
cCREs314955	chr3	152029682	152030230	548
cCREs314961	chr3	152046776	152047332	556
cCREs315195	chr3	152764806	152765325	519
cCREs315199	chr3	152776707	152777581	874
cCREs315400	chr3	153355851	153356375	524
cCREs315568	chr3	153813147	153813656	509
cCREs316137	chr3	156416097	156416785	688
cCREs316236	chr3	156784359	156784924	565
cCREs316338	chr3	157105522	157106348	826
cCREs316501	chr3	157662093	157662953	860
cCREs317239	chr4	5344270	5344783	513
cCREs317307	chr4	5686701	5687272	571
cCREs317363	chr4	5887400	5887943	543
cCREs317364	chr4	5888064	5888568	504
cCREs317436	chr4	6257984	6258524	540
cCREs317856	chr4	8422526	8423043	517
cCREs317967	chr4	8905300	8905810	510
cCREs317971	chr4	8916231	8916740	509
cCREs318410	chr4	11128324	11128893	569
cCREs318555	chr4	11883206	11883733	527
cCREs318620	chr4	12135922	12137034	1112
cCREs319271	chr4	15244227	15244764	537
cCREs319292	chr4	15307086	15308095	1009
cCREs319293	chr4	15308137	15308776	639
cCREs319295	chr4	15315761	15316593	832
cCREs319434	chr4	16065538	16066057	519
cCREs319435	chr4	16068072	16068805	733
cCREs319742	chr4	18441326	18441985	659
cCREs321293	chr4	28542299	28542806	507
cCREs321930	chr4	32386228	32386747	519
cCREs322609	chr4	35350422	35350954	532
cCREs322987	chr4	37776924	37777459	535
cCREs323220	chr4	40013859	40014376	517
cCREs323222	chr4	40017184	40017735	551
cCREs323223	chr4	40020720	40021644	924
cCREs323229	chr4	40051829	40052361	532
cCREs323401	chr4	40777029	40777544	515
cCREs323509	chr4	41171571	41172119	548
cCREs323660	chr4	41699787	41700288	501
cCREs323686	chr4	41822306	41822960	654
cCREs323836	chr4	43423186	43424020	834
cCREs323860	chr4	43514340	43514915	575
cCREs323933	chr4	43869741	43870255	514
cCREs324185	chr4	45284447	45284953	506
cCREs324197	chr4	45412211	45412899	688
cCREs324242	chr4	45517350	45517918	568
cCREs324426	chr4	46289653	46290207	554
cCREs324705	chr4	47137454	47137972	518
cCREs324777	chr4	47361249	47361773	524
cCREs324784	chr4	47405532	47406057	525
cCREs324914	chr4	47969705	47970209	504
cCREs325907	chr4	53220749	53221250	501
cCREs326049	chr4	53628908	53629425	517
cCREs326171	chr4	54109153	54109710	557
cCREs326223	chr4	54391287	54391849	562
cCREs326348	chr4	55003076	55003600	524
cCREs326467	chr4	55451547	55452112	565
cCREs326617	chr4	56122799	56123335	536
cCREs326707	chr4	56638572	56639547	975
cCREs326785	chr4	56923459	56924104	645
cCREs327121	chr4	58010017	58010662	645
cCREs327156	chr4	58207598	58208132	534
cCREs327235	chr4	58518176	58519072	896
cCREs327259	chr4	58626854	58627642	788
cCREs327263	chr4	58658133	58658723	590
cCREs327282	chr4	58728565	58729088	523
cCREs327295	chr4	58825846	58826384	538
cCREs327324	chr4	58935762	58936374	612
cCREs327364	chr4	59172467	59172996	529
cCREs327686	chr4	62463010	62463993	983
cCREs327924	chr4	63339490	63340037	547
cCREs327996	chr4	63541072	63541604	532
cCREs328212	chr4	64542497	64543011	514
cCREs328347	chr4	65427376	65427892	516
cCREs329435	chr4	70615732	70616264	532
cCREs329485	chr4	70914483	70915019	536
cCREs329509	chr4	71186631	71187180	549
cCREs329765	chr4	73032389	73033505	1116
cCREs329779	chr4	73097869	73098372	503
cCREs330003	chr4	75383152	75383975	823
cCREs331107	chr4	82300920	82301511	591
cCREs331297	chr4	82920200	82920728	528
cCREs331359	chr4	83154394	83154903	509
cCREs331472	chr4	83648898	83649448	550
cCREs331537	chr4	84000658	84001195	537
cCREs331544	chr4	84018752	84019278	526
cCREs331603	chr4	84262322	84262893	571
cCREs331626	chr4	84358146	84358648	502
cCREs331628	chr4	84361051	84361629	578
cCREs331707	chr4	84792733	84793625	892
cCREs331966	chr4	85971833	85972806	973
cCREs332184	chr4	86993624	86994142	518
cCREs332333	chr4	87484780	87485437	657
cCREs333351	chr4	94043637	94044182	545
cCREs333353	chr4	94048004	94048862	858
cCREs333360	chr4	94074875	94075383	508
cCREs333562	chr4	95125309	95125965	656
cCREs333565	chr4	95133758	95134541	783
cCREs333667	chr4	95620857	95621443	586
cCREs334164	chr4	98144439	98145271	832
cCREs334173	chr4	98194831	98195372	541
cCREs334477	chr4	99407393	99407925	532
cCREs334599	chr4	100170210	100170751	541
cCREs334610	chr4	100203650	100204191	541
cCREs334656	chr4	100351741	100352268	527
cCREs334727	chr4	100704462	100705322	860
cCREs334796	chr4	100948983	100949825	842
cCREs335028	chr4	101710270	101710839	569
cCREs335029	chr4	101711072	101711618	546
cCREs335039	chr4	101741572	101742432	860
cCREs335053	chr4	101881114	101881627	513
cCREs335951	chr4	105200516	105201067	551
cCREs335965	chr4	105243861	105244382	521
cCREs335969	chr4	105271143	105271806	663
cCREs336059	chr4	105703883	105704701	818
cCREs336088	chr4	105896509	105897217	708
cCREs336114	chr4	105992490	105993131	641
cCREs336327	chr4	106859394	106859931	537
cCREs336338	chr4	106908979	106909506	527
cCREs336488	chr4	107457511	107458155	644
cCREs336665	chr4	108012613	108013178	565
cCREs337252	chr4	111422732	111423267	535
cCREs337395	chr4	114365611	114366125	514
cCREs337415	chr4	114419310	114419832	522
cCREs337500	chr4	114692780	114693281	501
cCREs337513	chr4	114766859	114767375	516
cCREs337532	chr4	114869956	114870498	542
cCREs337540	chr4	114905852	114906359	507
cCREs337741	chr4	116455168	116455677	509
cCREs337937	chr4	117526831	117527548	717
cCREs338022	chr4	117923411	117924060	649
cCREs338124	chr4	118331770	118332306	536
cCREs338552	chr4	120278904	120279431	527
cCREs338595	chr4	120487667	120488174	507
cCREs338722	chr4	120991574	120992302	728
cCREs338739	chr4	121051231	121051831	600
cCREs340129	chr4	128619138	128619730	592
cCREs340137	chr4	128651470	128652012	542
cCREs340191	chr4	128780967	128781634	667
cCREs340338	chr4	129362603	129363727	1124
cCREs340344	chr4	129396878	129397409	531
cCREs340349	chr4	129445062	129445666	604
cCREs340350	chr4	129445812	129446317	505
cCREs340356	chr4	129486560	129487164	604
cCREs340599	chr4	130630198	130630950	752
cCREs340790	chr4	131366567	131367365	798
cCREs340820	chr4	131483674	131484933	1259
cCREs341063	chr4	132503196	132504019	823
cCREs341087	chr4	132608051	132608585	534
cCREs341177	chr4	133034441	133034951	510
cCREs341195	chr4	133078573	133079318	745
cCREs341314	chr4	133570104	133570678	574
cCREs341340	chr4	133670237	133670779	542
cCREs341387	chr4	133943778	133944410	632
cCREs341441	chr4	134314770	134315872	1102
cCREs341534	chr4	134617711	134618244	533
cCREs341563	chr4	134676677	134677198	521
cCREs341593	chr4	134768913	134769418	505
cCREs341857	chr4	136106909	136107454	545
cCREs341878	chr4	136195978	136196920	942
cCREs341994	chr4	136724683	136725216	533
cCREs342082	chr4	137077288	137077807	519
cCREs342087	chr4	137120535	137121043	508
cCREs342093	chr4	137139031	137139736	705
cCREs342095	chr4	137156567	137157339	772
cCREs342099	chr4	137181297	137181804	507
cCREs342159	chr4	137442464	137443187	723
cCREs342308	chr4	137923054	137923650	596
cCREs342491	chr4	138569790	138570348	558
cCREs342666	chr4	139202750	139203414	664
cCREs342697	chr4	139281745	139282353	608
cCREs342790	chr4	139675306	139676182	876
cCREs342838	chr4	139984431	139985097	666
cCREs342865	chr4	140094733	140095530	797
cCREs343028	chr4	140656441	140656974	533
cCREs343055	chr4	140814118	140815031	913
cCREs343126	chr4	141106630	141107463	833
cCREs343209	chr4	141421325	141421921	596
cCREs343244	chr4	141524560	141525135	575
cCREs343255	chr4	141562295	141562818	523
cCREs343480	chr4	142358736	142359267	531
cCREs343616	chr4	142963150	142963966	816
cCREs343682	chr4	143286945	143287485	540
cCREs343684	chr4	143294210	143294807	597
cCREs344037	chr4	148469817	148470548	731
cCREs344047	chr4	148498936	148499453	517
cCREs344125	chr4	148881209	148881744	535
cCREs344195	chr4	149150172	149150861	689
cCREs344257	chr4	149395526	149396069	543
cCREs344268	chr4	149442350	149442962	612
cCREs344620	chr4	150690684	150691209	525
cCREs344733	chr4	151131963	151132947	984
cCREs344777	chr4	151258221	151258724	503
cCREs345270	chr4	153189429	153189946	517
cCREs345275	chr4	153208758	153209474	716
cCREs345276	chr4	153210127	153210642	515
cCREs345503	chr4	154177130	154177837	707
cCREs345520	chr4	154232338	154232885	547
cCREs345813	chr4	155365062	155365725	663
cCREs346113	chr5	4017558	4018112	554
cCREs346170	chr5	4272919	4273474	555
cCREs346217	chr5	4554944	4555514	570
cCREs346243	chr5	4654117	4654658	541
cCREs346257	chr5	4722184	4722689	505
cCREs347375	chr5	12293605	12294355	750
cCREs347426	chr5	12566512	12567054	542
cCREs347428	chr5	12579664	12580860	1196
cCREs347434	chr5	12610792	12611940	1148
cCREs347438	chr5	12646187	12646704	517
cCREs347440	chr5	12667126	12667665	539
cCREs347680	chr5	14104019	14104624	605
cCREs348323	chr5	18089832	18090400	568
cCREs348994	chr5	21271962	21272488	526
cCREs348999	chr5	21287864	21288408	544
cCREs349835	chr5	24873148	24873650	502
cCREs349869	chr5	24976083	24976643	560
cCREs349896	chr5	25047208	25047753	545
cCREs351010	chr5	30908420	30908944	524
cCREs351035	chr5	31023136	31023705	569
cCREs351118	chr5	31606119	31606636	517
cCREs351453	chr5	33224984	33225538	554
cCREs351583	chr5	33959290	33959856	566
cCREs351676	chr5	34446091	34446623	532
cCREs351877	chr5	35233101	35233635	534
cCREs351940	chr5	35528288	35528803	515
cCREs351990	chr5	35702475	35703277	802
cCREs352068	chr5	35894542	35895301	759
cCREs352184	chr5	36192679	36193197	518
cCREs352625	chr5	37730686	37732074	1388
cCREs352644	chr5	37826701	37827202	501
cCREs352648	chr5	37834365	37834873	508
cCREs352672	chr5	37960106	37960646	540
cCREs352675	chr5	37967484	37968152	668
cCREs352679	chr5	37976878	37977747	869
cCREs352684	chr5	38005433	38006471	1038
cCREs352698	chr5	38084565	38085071	506
cCREs353034	chr5	39176805	39177314	509
cCREs353067	chr5	39337229	39337740	511
cCREs353104	chr5	39491204	39492164	960
cCREs353761	chr5	43038710	43039251	541
cCREs353874	chr5	43476868	43477370	502
cCREs353875	chr5	43477800	43478737	937
cCREs353970	chr5	43820647	43821220	573
cCREs354005	chr5	43952706	43953241	535
cCREs354012	chr5	43981582	43982122	540
cCREs354024	chr5	44041592	44042110	518
cCREs354283	chr5	44922239	44923089	850
cCREs354898	chr5	48242257	48242773	516
cCREs354926	chr5	48419652	48420157	505
cCREs355991	chr5	53059365	53059878	513
cCREs356000	chr5	53109351	53109868	517
cCREs356095	chr5	53345947	53346495	548
cCREs357841	chr5	64537838	64538349	511
cCREs357856	chr5	64605838	64606461	623
cCREs357866	chr5	64632108	64632653	545
cCREs358029	chr5	65219614	65220313	699
cCREs358099	chr5	65510607	65511148	541
cCREs358156	chr5	65845775	65846321	546
cCREs358175	chr5	65930006	65930532	526
cCREs358350	chr5	66515265	66515793	528
cCREs358449	chr5	66799981	66800525	544
cCREs358492	chr5	66901000	66901591	591
cCREs359627	chr5	72904901	72905446	545
cCREs359805	chr5	73502937	73503612	675
cCREs359890	chr5	73808159	73808701	542
cCREs359891	chr5	73810516	73811515	999
cCREs359972	chr5	74066394	74067238	844
cCREs360064	chr5	74330277	74330802	525
cCREs360141	chr5	74669850	74670399	549
cCREs360198	chr5	74888478	74889423	945
cCREs360259	chr5	75149776	75150286	510
cCREs360262	chr5	75153284	75153785	501
cCREs360360	chr5	75536594	75537320	726
cCREs360362	chr5	75539012	75539553	541
cCREs360437	chr5	75779450	75780093	643
cCREs360446	chr5	75813129	75813869	740
cCREs360504	chr5	76043502	76044792	1290
cCREs360570	chr5	76379112	76379659	547
cCREs360785	chr5	77314968	77315487	519
cCREs362214	chr5	86735750	86736257	507
cCREs362287	chr5	87573438	87573959	521
cCREs362446	chr5	88899101	88899662	561
cCREs362470	chr5	88953562	88954104	542
cCREs362545	chr5	89160563	89161086	523
cCREs362769	chr5	90150172	90150755	583
cCREs362830	chr5	90467192	90467713	521
cCREs363117	chr5	91745581	91746105	524
cCREs363118	chr5	91749756	91750260	504
cCREs363123	chr5	91762288	91762796	508
cCREs363147	chr5	91831331	91831867	536
cCREs363368	chr5	92766164	92766692	528
cCREs363372	chr5	92796038	92796878	840
cCREs363460	chr5	93080023	93080542	519
cCREs363504	chr5	93221545	93222300	755
cCREs364040	chr5	98455538	98456262	724
cCREs364044	chr5	98473001	98473513	512
cCREs364198	chr5	99241871	99242791	920
cCREs364249	chr5	99390713	99391232	519
cCREs364263	chr5	99428491	99429093	602
cCREs364744	chr5	101572527	101573491	964
cCREs365081	chr5	103007848	103008356	508
cCREs365500	chr5	105399042	105399564	522
cCREs365559	chr5	105571927	105572439	512
cCREs365654	chr5	105835636	105836481	845
cCREs365742	chr5	106258571	106259084	513
cCREs365837	chr5	106806169	106806713	544
cCREs365876	chr5	107074812	107075601	789
cCREs365881	chr5	107092877	107093621	744
cCREs365907	chr5	107157271	107157932	661
cCREs365925	chr5	107231230	107231755	525
cCREs365940	chr5	107276837	107277401	564
cCREs365947	chr5	107303146	107303937	791
cCREs366335	chr5	110629702	110630236	534
cCREs366573	chr5	111522339	111522997	658
cCREs366618	chr5	111691244	111691759	515
cCREs366651	chr5	111810377	111810916	539
cCREs366656	chr5	111823419	111824276	857
cCREs367165	chr5	113587670	113588201	531
cCREs367251	chr5	113856566	113857483	917
cCREs367370	chr5	114412351	114413881	1530
cCREs367378	chr5	114435406	114436061	655
cCREs367554	chr5	115166140	115166908	768
cCREs367617	chr5	115480205	115480711	506
cCREs368061	chr5	117360143	117361047	904
cCREs368334	chr5	118316295	118317141	846
cCREs368359	chr5	118400053	118400649	596
cCREs368407	chr5	118632145	118632927	782
cCREs368543	chr5	119251151	119251765	614
cCREs368587	chr5	119576795	119577348	553
cCREs368593	chr5	119622261	119622767	506
cCREs368643	chr5	120054460	120055135	675
cCREs369305	chr5	122687340	122687878	538
cCREs369334	chr5	122791696	122792247	551
cCREs369391	chr5	123035398	123036133	735
cCREs369398	chr5	123060621	123061124	503
cCREs369460	chr5	123351532	123352033	501
cCREs369562	chr5	123834769	123835287	518
cCREs369565	chr5	123841850	123842573	723
cCREs369567	chr5	123853709	123854348	639
cCREs369610	chr5	124029494	124030249	755
cCREs369624	chr5	124073697	124074296	599
cCREs369756	chr5	124509657	124510290	633
cCREs369816	chr5	124891828	124892448	620
cCREs369855	chr5	125019201	125019784	583
cCREs370402	chr5	127147343	127147977	634
cCREs370426	chr5	127291412	127291952	540
cCREs370432	chr5	127310676	127311199	523
cCREs370436	chr5	127321512	127322044	532
cCREs370756	chr5	128731199	128731700	501
cCREs371029	chr5	129743761	129744473	712
cCREs371057	chr5	129989042	129989821	779
cCREs371606	chr5	132052409	132052971	562
cCREs371787	chr5	132855769	132856601	832
cCREs371992	chr5	134101908	134102416	508
cCREs372057	chr5	134332779	134333388	609
cCREs372164	chr5	134742262	134742776	514
cCREs372186	chr5	134890733	134891236	503
cCREs372234	chr5	135198008	135198543	535
cCREs372240	chr5	135216778	135217506	728
cCREs372318	chr5	135639694	135640206	512
cCREs372325	chr5	135669681	135670235	554
cCREs372342	chr5	135738006	135738529	523
cCREs372564	chr5	136688745	136689296	551
cCREs372679	chr5	137373334	137373835	501
cCREs372835	chr5	138697376	138697896	520
cCREs372876	chr5	138843113	138843919	806
cCREs372939	chr5	139063550	139064088	538
cCREs373101	chr5	139598957	139599548	591
cCREs373843	chr5	142759568	142760163	595
cCREs374404	chr5	146307369	146307889	520
cCREs374410	chr5	146328806	146329322	516
cCREs374532	chr5	146792052	146792558	506
cCREs374567	chr5	146912112	146912767	655
cCREs374673	chr5	147482448	147482984	536
cCREs374714	chr5	147663909	147664425	516
cCREs374722	chr5	147714681	147715213	532
cCREs375054	chr5	149111642	149112402	760
cCREs375059	chr5	149122941	149123534	593
cCREs375117	chr5	149341261	149342146	885
cCREs375126	chr5	149367833	149368350	517
cCREs375130	chr5	149373170	149373679	509
cCREs375137	chr5	149385124	149385639	515
cCREs375474	chr5	150581010	150581591	581
cCREs375535	chr5	150922357	150923173	816
cCREs375538	chr5	150937393	150937988	595
cCREs375932	chr6	4694623	4695141	518
cCREs376015	chr6	5091715	5092326	611
cCREs376222	chr6	5968988	5969572	584
cCREs376313	chr6	6307549	6308052	503
cCREs378067	chr6	17031385	17031918	533
cCREs378121	chr6	17221603	17222117	514
cCREs378561	chr6	18871643	18872169	526
cCREs379001	chr6	22064261	22065109	848
cCREs380508	chr6	29434068	29434723	655
cCREs380977	chr6	31320386	31320897	511
cCREs380992	chr6	31364009	31364520	511
cCREs380996	chr6	31372541	31373085	544
cCREs381254	chr6	32369864	32370511	647
cCREs381757	chr6	34173170	34173688	518
cCREs382027	chr6	35307984	35308555	571
cCREs382036	chr6	35330783	35331654	871
cCREs382038	chr6	35335386	35335895	509
cCREs382046	chr6	35363540	35364417	877
cCREs382310	chr6	36695456	36696041	585
cCREs382608	chr6	37612446	37613359	913
cCREs382654	chr6	37901744	37902246	502
cCREs382684	chr6	38090803	38091601	798
cCREs382692	chr6	38124411	38125230	819
cCREs382745	chr6	38238365	38238907	542
cCREs382750	chr6	38245477	38246037	560
cCREs382981	chr6	39214917	39215685	768
cCREs383006	chr6	39285971	39286812	841
cCREs383009	chr6	39299003	39299515	512
cCREs383018	chr6	39332121	39332623	502
cCREs383653	chr6	42359302	42360193	891
cCREs384904	chr6	49173237	49173759	522
cCREs385039	chr6	49952547	49953367	820
cCREs385070	chr6	50041973	50042545	572
cCREs385314	chr6	50915121	50915972	851
cCREs385318	chr6	50940597	50941476	879
cCREs385386	chr6	51162187	51162981	794
cCREs385387	chr6	51163190	51163754	564
cCREs385397	chr6	51215587	51216096	509
cCREs385400	chr6	51239979	51240728	749
cCREs385586	chr6	52115079	52115888	809
cCREs385714	chr6	52818830	52819396	566
cCREs385877	chr6	53411859	53412401	542
cCREs385901	chr6	53516269	53516775	506
cCREs385907	chr6	53538894	53539426	532
cCREs385926	chr6	53618026	53618600	574
cCREs385996	chr6	53885669	53886178	509
cCREs386397	chr6	55175370	55176327	957
cCREs386428	chr6	55263730	55264433	703
cCREs386444	chr6	55311950	55312459	509
cCREs386445	chr6	55312960	55313527	567
cCREs386854	chr6	57197143	57198041	898
cCREs387078	chr6	58951347	58952131	784
cCREs388237	chr6	66146796	66147332	536
cCREs388390	chr6	67109724	67110256	532
cCREs388409	chr6	67165676	67166203	527
cCREs388989	chr6	71778797	71779342	545
cCREs389026	chr6	71940852	71941360	508
cCREs389053	chr6	72057930	72058870	940
cCREs389054	chr6	72063139	72063724	585
cCREs389095	chr6	72215676	72216177	501
cCREs389139	chr6	72387405	72387971	566
cCREs389159	chr6	72462646	72463174	528
cCREs389219	chr6	72678582	72679118	536
cCREs389221	chr6	72684156	72684727	571
cCREs389258	chr6	72833675	72834199	524
cCREs389265	chr6	72850324	72851147	823
cCREs389787	chr6	76668098	76668669	571
cCREs390150	chr6	77832124	77832637	513
cCREs391022	chr6	82855349	82855866	517
cCREs391323	chr6	84228630	84229231	601
cCREs391352	chr6	84330669	84331303	634
cCREs391384	chr6	84489892	84490420	528
cCREs391474	chr6	84902825	84903576	751
cCREs391674	chr6	85927509	85928206	697
cCREs391753	chr6	86188727	86189585	858
cCREs391763	chr6	86222410	86222970	560
cCREs391768	chr6	86232042	86232581	539
cCREs391790	chr6	86316988	86317599	611
cCREs391801	chr6	86345995	86346520	525
cCREs391805	chr6	86360430	86361180	750
cCREs391861	chr6	86640700	86641221	521
cCREs392011	chr6	87158814	87159323	509
cCREs392065	chr6	87322517	87323036	519
cCREs392228	chr6	88062006	88062870	864
cCREs392280	chr6	88292176	88293006	830
cCREs392718	chr6	90324953	90325510	557
cCREs392740	chr6	90400339	90400992	653
cCREs393570	chr6	93200812	93201353	541
cCREs393620	chr6	93415961	93416841	880
cCREs393638	chr6	93507573	93508130	557
cCREs393725	chr6	93853910	93854556	646
cCREs393993	chr6	94776532	94777162	630
cCREs394183	chr6	95593247	95593776	529
cCREs394402	chr6	96605173	96605779	606
cCREs394434	chr6	96794721	96795239	518
cCREs394544	chr6	97362902	97363573	671
cCREs394633	chr6	97625674	97626199	525
cCREs394758	chr6	98092809	98093479	670
cCREs394762	chr6	98100998	98101543	545
cCREs395013	chr6	99087224	99087963	739
cCREs395040	chr6	99166920	99167453	533
cCREs395094	chr6	99322610	99323170	560
cCREs395147	chr6	99471998	99472506	508
cCREs395293	chr6	99963210	99963724	514
cCREs395497	chr6	100628718	100629581	863
cCREs395518	chr6	100707611	100708129	518
cCREs395522	chr6	100717057	100717573	516
cCREs395529	chr6	100734237	100734770	533
cCREs397097	chr6	107864290	107865146	856
cCREs397178	chr6	108234483	108235001	518
cCREs397307	chr6	108573886	108574413	527
cCREs397319	chr6	108601745	108602519	774
cCREs397937	chr6	111917071	111917572	501
cCREs398605	chr6	114303371	114303927	556
cCREs398935	chr6	115541452	115541994	542
cCREs399288	chr6	117000983	117001496	513
cCREs399326	chr6	117151529	117152064	535
cCREs399332	chr6	117176396	117177091	695
cCREs399364	chr6	117299769	117300323	554
cCREs399410	chr6	117516367	117517331	964
cCREs399443	chr6	117671106	117671631	525
cCREs399634	chr6	118554811	118555357	546
cCREs399888	chr6	119333247	119333757	510
cCREs399920	chr6	119460027	119460812	785
cCREs400068	chr6	120153041	120153569	528
cCREs400101	chr6	120306775	120307309	534
cCREs400132	chr6	120489461	120489993	532
cCREs400176	chr6	120771954	120772512	558
cCREs400310	chr6	121170936	121171689	753
cCREs400343	chr6	121306822	121307635	813
cCREs400352	chr6	121331505	121332073	568
cCREs400369	chr6	121375960	121376838	878
cCREs400424	chr6	121554898	121555564	666
cCREs400439	chr6	121639469	121639987	518
cCREs400519	chr6	122545190	122545791	601
cCREs400863	chr6	125223543	125224114	571
cCREs400891	chr6	125325278	125325822	544
cCREs400897	chr6	125348087	125348618	531
cCREs400946	chr6	125504492	125505039	547
cCREs400975	chr6	125591586	125592430	844
cCREs401040	chr6	125959429	125959943	514
cCREs401495	chr6	127870192	127870780	588
cCREs401784	chr6	128953462	128954254	792
cCREs401812	chr6	129120672	129121217	545
cCREs402044	chr6	134046163	134046723	560
cCREs402150	chr6	134381464	134381968	504
cCREs402244	chr6	134702941	134703472	531
cCREs402353	chr6	135136468	135137325	857
cCREs402405	chr6	135302326	135302828	502
cCREs402406	chr6	135304536	135305230	694
cCREs402407	chr6	135313891	135314477	586
cCREs402505	chr6	135682921	135683444	523
cCREs402795	chr6	136647438	136648016	578
cCREs403740	chr6	140372267	140372957	690
cCREs404069	chr6	141711839	141712620	781
cCREs404105	chr6	141947698	141948236	538
cCREs404819	chr6	144917027	144917722	695
cCREs405002	chr6	145616297	145616830	533
cCREs405058	chr6	145807560	145808327	767
cCREs405074	chr6	145850684	145851224	540
cCREs405242	chr6	146515804	146516322	518
cCREs405750	chr6	148589508	148590335	827
cCREs405787	chr6	148718993	148719568	575
cCREs406055	chr7	4353316	4354075	759
cCREs406115	chr7	4741053	4741602	549
cCREs406135	chr7	4862957	4863655	698
cCREs406141	chr7	4886295	4887192	897
cCREs406219	chr7	6323064	6323926	862
cCREs406554	chr7	16601480	16602306	826
cCREs406683	chr7	17158970	17159508	538
cCREs406748	chr7	19078494	19078998	504
cCREs406927	chr7	19826625	19827169	544
cCREs406991	chr7	24423348	24423897	549
cCREs407163	chr7	25291899	25292450	551
cCREs407168	chr7	25321930	25322510	580
cCREs407271	chr7	26785534	26786575	1041
cCREs407277	chr7	27092767	27093334	567
cCREs407284	chr7	27136342	27136862	520
cCREs407449	chr7	28100467	28100973	506
cCREs407474	chr7	28339479	28340008	529
cCREs407559	chr7	28812496	28812997	501
cCREs407827	chr7	30251918	30252813	895
cCREs407939	chr7	30993866	30994967	1101
cCREs408067	chr7	34485201	34485803	602
cCREs408155	chr7	34890257	34890957	700
cCREs408220	chr7	35134593	35135104	511
cCREs408228	chr7	35157410	35157948	538
cCREs408393	chr7	36021741	36022275	534
cCREs408409	chr7	36108110	36108615	505
cCREs408660	chr7	37555653	37556195	542
cCREs408666	chr7	37571032	37571553	521
cCREs408671	chr7	37581107	37581719	612
cCREs408722	chr7	37761526	37762038	512
cCREs408768	chr7	37983235	37983948	713
cCREs409016	chr7	40719341	40720290	949
cCREs409328	chr7	44918761	44919650	889
cCREs409376	chr7	45148510	45149040	530
cCREs409464	chr7	45540159	45541040	881
cCREs409728	chr7	46741319	46741861	542
cCREs409785	chr7	47046036	47046551	515
cCREs409897	chr7	49004322	49005099	777
cCREs409911	chr7	49051820	49052382	562
cCREs409959	chr7	49182334	49182844	510
cCREs411065	chr7	56088853	56089571	718
cCREs412378	chr7	65489632	65490168	536
cCREs412503	chr7	66072927	66073616	689
cCREs412518	chr7	66121706	66122221	515
cCREs412541	chr7	66182385	66183013	628
cCREs412549	chr7	66222743	66223280	537
cCREs412562	chr7	66285451	66285955	504
cCREs412580	chr7	66336959	66337486	527
cCREs412640	chr7	66638774	66639326	552
cCREs412782	chr7	67348874	67349384	510
cCREs412898	chr7	67740375	67741310	935
cCREs412906	chr7	67757686	67758321	635
cCREs412967	chr7	68021662	68022263	601
cCREs413054	chr7	68239243	68240035	792
cCREs413093	chr7	68409724	68410260	536
cCREs413104	chr7	68466958	68467939	981
cCREs413199	chr7	68978305	68979023	718
cCREs413354	chr7	70305621	70306177	556
cCREs413357	chr7	70319475	70320136	661
cCREs413376	chr7	70378729	70379344	615
cCREs413397	chr7	70516653	70517292	639
cCREs413655	chr7	72080578	72081106	528
cCREs413775	chr7	72668302	72668805	503
cCREs413887	chr7	73293249	73293841	592
cCREs414019	chr7	73662360	73662931	571
cCREs414076	chr7	73889405	73889933	528
cCREs414487	chr7	75415417	75415928	511
cCREs414499	chr7	75467817	75468336	519
cCREs414974	chr7	78248862	78249546	684
cCREs415326	chr7	79421665	79422207	542
cCREs415329	chr7	79428092	79428620	528
cCREs415433	chr7	79858813	79859360	547
cCREs415443	chr7	79897543	79898093	550
cCREs416104	chr7	82869681	82870204	523
cCREs416125	chr7	82957116	82957651	535
cCREs416328	chr7	84036023	84036534	511
cCREs416480	chr7	84557301	84557857	556
cCREs416720	chr7	88288543	88289072	529
cCREs416994	chr7	89676119	89676639	520
cCREs417154	chr7	90389717	90390233	516
cCREs417158	chr7	90407471	90407978	507
cCREs418690	chr7	98142570	98143081	511
cCREs418716	chr7	98268131	98268643	512
cCREs418766	chr7	98524863	98525679	816
cCREs418770	chr7	98537475	98538551	1076
cCREs418836	chr7	98797327	98798277	950
cCREs418838	chr7	98804276	98804805	529
cCREs418855	chr7	98860996	98861545	549
cCREs418949	chr7	99131842	99132404	562
cCREs418977	chr7	99229927	99230550	623
cCREs418985	chr7	99271143	99272066	923
cCREs419022	chr7	99391788	99392544	756
cCREs419044	chr7	99436322	99437048	726
cCREs419062	chr7	99518905	99519458	553
cCREs419064	chr7	99528282	99529006	724
cCREs419116	chr7	99702011	99702991	980
cCREs419185	chr7	100010675	100011212	537
cCREs419343	chr7	100699795	100700910	1115
cCREs419593	chr7	101654819	101655390	571
cCREs419794	chr7	102584531	102585171	640
cCREs419992	chr7	105589861	105590555	694
cCREs420155	chr7	107654325	107654840	515
cCREs420170	chr7	107702824	107703389	565
cCREs420188	chr7	107751970	107752486	516
cCREs420406	chr7	109729981	109730758	777
cCREs420478	chr7	110082414	110082958	544
cCREs420556	chr7	110493873	110494456	583
cCREs420604	chr7	110718480	110719162	682
cCREs420658	chr7	110879452	110880294	842
cCREs420674	chr7	110951572	110952113	541
cCREs420707	chr7	111147281	111148068	787
cCREs421071	chr7	112349434	112349950	516
cCREs421117	chr7	112510252	112511163	911
cCREs421138	chr7	112595147	112595667	520
cCREs421161	chr7	112708642	112709151	509
cCREs421164	chr7	112714744	112715338	594
cCREs421231	chr7	112929884	112931109	1225
cCREs421246	chr7	113020969	113021609	640
cCREs421300	chr7	113196086	113196603	517
cCREs421410	chr7	113727949	113728800	851
cCREs421411	chr7	113728839	113729357	518
cCREs421425	chr7	113768460	113768962	502
cCREs422560	chr7	118851507	118852075	568
cCREs422591	chr7	118947123	118947964	841
cCREs422745	chr7	119816270	119817263	993
cCREs422801	chr7	120123729	120124248	519
cCREs423565	chr7	123489891	123490857	966
cCREs423567	chr7	123498454	123498970	516
cCREs424214	chr7	126588931	126589461	530
cCREs424231	chr7	126678879	126679395	516
cCREs424551	chr7	128537495	128538025	530
cCREs424578	chr7	128642322	128643063	741
cCREs424613	chr7	128793264	128793895	631
cCREs424764	chr7	129643744	129644245	501
cCREs424787	chr7	129763173	129764206	1033
cCREs424799	chr7	129800505	129801105	600
cCREs424853	chr7	130066479	130067057	578
cCREs424886	chr7	130209446	130209968	522
cCREs424916	chr7	130311279	130311790	511
cCREs424975	chr7	130607783	130608331	548
cCREs425255	chr7	132019173	132019712	539
cCREs425310	chr7	132186798	132187342	544
cCREs425311	chr7	132190208	132190761	553
cCREs425344	chr7	132273648	132274407	759
cCREs425395	chr7	132448219	132448943	724
cCREs425419	chr7	132521827	132522353	526
cCREs425542	chr7	132886919	132887448	529
cCREs425666	chr7	133442129	133442702	573
cCREs425762	chr7	133880768	133881373	605
cCREs425774	chr7	133933369	133933882	513
cCREs425798	chr7	134030866	134031787	921
cCREs425815	chr7	134113077	134113891	814
cCREs425844	chr7	134212479	134213033	554
cCREs425861	chr7	134292567	134293157	590
cCREs425882	chr7	134401703	134402276	573
cCREs426083	chr7	135247146	135247674	528
cCREs427251	chr7	140968708	140969525	817
cCREs427496	chr7	142232026	142232835	809
cCREs427540	chr7	142454626	142455194	568
cCREs427563	chr7	142590016	142590523	507
cCREs427569	chr7	142617023	142617573	550
cCREs427577	chr7	142655953	142656473	520
cCREs427657	chr7	143154557	143155724	1167
cCREs427683	chr7	143320059	143320979	920
cCREs427720	chr7	143474753	143475283	530
cCREs427723	chr7	143495876	143496649	773
cCREs427755	chr7	143711848	143712395	547
cCREs428099	chr7	145143552	145144053	501
cCREs428140	chr7	145323569	145324083	514
cCREs428188	chr8	3350701	3351265	564
cCREs428753	chr8	8115455	8115995	540
cCREs428839	chr8	8483004	8483555	551
cCREs428884	chr8	8616187	8616692	505
cCREs428908	chr8	8686213	8686735	522
cCREs428922	chr8	8756033	8756551	518
cCREs429263	chr8	10067749	10068304	555
cCREs429522	chr8	10935118	10935751	633
cCREs429533	chr8	10975699	10976261	562
cCREs429553	chr8	11062264	11062780	516
cCREs429781	chr8	11813584	11814289	705
cCREs429879	chr8	12229798	12230355	557
cCREs429962	chr8	12537286	12538126	840
cCREs430018	chr8	12752809	12753789	980
cCREs430074	chr8	12912065	12912661	596
cCREs430223	chr8	13508264	13508869	605
cCREs430683	chr8	15073698	15074319	621
cCREs430839	chr8	15893670	15894178	508
cCREs430843	chr8	15917626	15918183	557
cCREs431430	chr8	18734743	18735566	823
cCREs431603	chr8	22267336	22267862	526
cCREs431648	chr8	22534331	22535373	1042
cCREs431649	chr8	22536498	22537027	529
cCREs431775	chr8	23056524	23057036	512
cCREs431856	chr8	23440144	23440699	555
cCREs432537	chr8	26282004	26282519	515
cCREs432747	chr8	27088609	27089131	522
cCREs432753	chr8	27104045	27104794	749
cCREs433226	chr8	29531452	29531964	512
cCREs433241	chr8	29632394	29632963	569
cCREs433627	chr8	31884464	31884991	527
cCREs434066	chr8	33903680	33904251	571
cCREs434084	chr8	34072195	34072719	524
cCREs434292	chr8	34794123	34794647	524
cCREs434825	chr8	36549678	36550309	631
cCREs434907	chr8	36820478	36820989	511
cCREs434938	chr8	36915847	36916572	725
cCREs434966	chr8	37012613	37013138	525
cCREs435480	chr8	40301668	40302210	542
cCREs435576	chr8	40653560	40654073	513
cCREs435654	chr8	41072423	41072967	544
cCREs436011	chr8	43149233	43149774	541
cCREs436143	chr8	44347378	44348101	723
cCREs436202	chr8	44687005	44687622	617
cCREs436614	chr8	46269369	46269957	588
cCREs436968	chr8	47623328	47623874	546
cCREs437230	chr8	48563495	48564026	531
cCREs437237	chr8	48598275	48599053	778
cCREs438009	chr8	54065457	54066063	606
cCREs438046	chr8	54219747	54220332	585
cCREs438059	chr8	54314869	54315405	536
cCREs439358	chr8	61700905	61701428	523
cCREs440884	chr8	69820325	69820826	501
cCREs440935	chr8	70047774	70048433	659
cCREs440969	chr8	70181713	70182246	533
cCREs441017	chr8	70363973	70364490	517
cCREs441018	chr8	70371835	70372376	541
cCREs441170	chr8	70878072	70878763	691
cCREs441174	chr8	70885550	70886104	554
cCREs441199	chr8	71127097	71127622	525
cCREs442126	chr8	76558030	76559047	1017
cCREs442895	chr8	79984987	79985516	529
cCREs442942	chr8	80216092	80216610	518
cCREs442950	chr8	80253475	80253984	509
cCREs442973	chr8	80399545	80400263	718
cCREs443006	chr8	80598824	80599360	536
cCREs443071	chr8	80890784	80891355	571
cCREs443369	chr8	82334793	82335338	545
cCREs443524	chr8	83057949	83058470	521
cCREs443656	chr8	83664880	83665389	509
cCREs444041	chr8	85384480	85384990	510
cCREs444397	chr8	86920237	86920768	531
cCREs444408	chr8	86967781	86968571	790
cCREs444556	chr8	87694519	87695392	873
cCREs444561	chr8	87711114	87711630	516
cCREs444609	chr8	87859891	87860401	510
cCREs444662	chr8	88124377	88125246	869
cCREs444719	chr8	88389239	88390156	917
cCREs444856	chr8	88922773	88923308	535
cCREs444890	chr8	89088178	89088706	528
cCREs444923	chr8	89279445	89280353	908
cCREs444968	chr8	89497991	89498544	553
cCREs445415	chr8	91536637	91537139	502
cCREs445563	chr8	92302667	92303170	503
cCREs445662	chr8	92896552	92897068	516
cCREs445693	chr8	93035781	93036293	512
cCREs445695	chr8	93040981	93041552	571
cCREs445696	chr8	93043053	93043584	531
cCREs445751	chr8	93399613	93400142	529
cCREs446245	chr8	95220403	95221462	1059
cCREs447893	chr8	104016309	104017203	894
cCREs447919	chr8	104088779	104089282	503
cCREs448149	chr8	105367321	105367825	504
cCREs448487	chr8	106753343	106753988	645
cCREs448593	chr8	107158791	107159319	528
cCREs448751	chr8	107891021	107891542	521
cCREs448778	chr8	108034522	108035528	1006
cCREs448912	chr8	108777271	108777898	627
cCREs448945	chr8	108877168	108877684	516
cCREs449148	chr8	109941816	109942319	503
cCREs449370	chr8	110786874	110787413	539
cCREs449424	chr8	111011154	111011688	534
cCREs449449	chr8	111154983	111155514	531
cCREs449543	chr8	111548152	111548663	511
cCREs450026	chr8	113453648	113454469	821
cCREs450282	chr8	114554798	114555319	521
cCREs450284	chr8	114559412	114560104	692
cCREs450295	chr8	114612041	114612552	511
cCREs450313	chr8	114697297	114697816	519
cCREs450431	chr8	115237499	115238042	543
cCREs450443	chr8	115271413	115272194	781
cCREs450454	chr8	115322428	115323212	784
cCREs450461	chr8	115344429	115345258	829
cCREs450541	chr8	115699097	115699612	515
cCREs450593	chr8	115984192	115984716	524
cCREs450641	chr8	116244069	116244600	531
cCREs450766	chr8	116889608	116890288	680
cCREs450873	chr8	117340744	117341273	529
cCREs451259	chr8	118755562	118756072	510
cCREs451468	chr8	119432091	119432632	541
cCREs451495	chr8	119510379	119510957	578
cCREs451615	chr8	119901866	119902389	523
cCREs451646	chr8	120014520	120015119	599
cCREs451785	chr8	120378997	120379537	540
cCREs451932	chr8	120902354	120902865	511
cCREs451991	chr8	121258359	121258970	611
cCREs452001	chr8	121294330	121295035	705
cCREs452016	chr8	121364596	121365130	534
cCREs452027	chr8	121395963	121396648	685
cCREs452030	chr8	121403390	121404144	754
cCREs452038	chr8	121439224	121440033	809
cCREs452045	chr8	121461101	121461673	572
cCREs452051	chr8	121477817	121478638	821
cCREs452169	chr8	121896341	121896848	507
cCREs452232	chr8	122099569	122100242	673
cCREs452348	chr8	122558798	122559386	588
cCREs452352	chr8	122574838	122575408	570
cCREs452562	chr8	123452133	123452680	547
cCREs452587	chr8	123672534	123673075	541
cCREs453451	chr8	126616567	126617392	825
cCREs453457	chr8	126644085	126644811	726
cCREs453531	chr8	126876243	126877018	775
cCREs453780	chr8	127800076	127800587	511
cCREs453794	chr8	127838246	127838818	572
cCREs453825	chr8	127973590	127974305	715
cCREs454105	chr9	4040776	4041692	916
cCREs454253	chr9	5500823	5501404	581
cCREs454538	chr9	7999427	7999956	529
cCREs454959	chr9	10491840	10492731	891
cCREs455605	chr9	14727376	14728044	668
cCREs456273	chr9	20513972	20514516	544
cCREs456527	chr9	21782015	21782558	543
cCREs456541	chr9	21831485	21832009	524
cCREs456790	chr9	23012003	23012512	509
cCREs457041	chr9	24056270	24056772	502
cCREs457234	chr9	25139268	25139884	616
cCREs457505	chr9	26533861	26534642	781
cCREs458015	chr9	28304690	28305233	543
cCREs458314	chr9	29224778	29225301	523
cCREs458315	chr9	29226678	29227393	715
cCREs458735	chr9	30735306	30735859	553
cCREs459184	chr9	32677915	32678730	815
cCREs459736	chr9	35058479	35059008	529
cCREs459738	chr9	35095665	35096252	587
cCREs459796	chr9	35328528	35329246	718
cCREs460045	chr9	37139440	37140004	564
cCREs460460	chr9	40458467	40458972	505
cCREs460542	chr9	40704327	40705222	895
cCREs460549	chr9	40717753	40718272	519
cCREs460788	chr9	41617440	41618124	684
cCREs460795	chr9	41655573	41656110	537
cCREs460815	chr9	41721585	41722118	533
cCREs460886	chr9	41996565	41997083	518
cCREs461266	chr9	43212810	43213328	518
cCREs461416	chr9	43751632	43752241	609
cCREs461622	chr9	44590714	44591473	759
cCREs461689	chr9	44904257	44904762	505
cCREs461709	chr9	45015924	45016457	533
cCREs461716	chr9	45042246	45042790	544
cCREs461982	chr9	45993931	45994515	584
cCREs462072	chr9	46311463	46312302	839
cCREs463161	chr9	50507391	50508211	820
cCREs463302	chr9	50991494	50992084	590
cCREs463352	chr9	51227806	51228335	529
cCREs463354	chr9	51239971	51240515	544
cCREs463498	chr9	51885386	51885904	518
cCREs463936	chr9	53996027	53996743	716
cCREs464072	chr9	54655782	54656323	541
cCREs464107	chr9	54807689	54808241	552
cCREs464733	chr9	57870396	57870918	522
cCREs464753	chr9	57937630	57938133	503
cCREs464784	chr9	58042240	58042906	666
cCREs464855	chr9	58248679	58249295	616
cCREs464890	chr9	58347732	58348245	513
cCREs464965	chr9	58606644	58607205	561
cCREs465101	chr9	59288841	59289583	742
cCREs465210	chr9	59973904	59974421	517
cCREs465218	chr9	60001364	60001893	529
cCREs465224	chr9	60022320	60022830	510
cCREs465641	chr9	61621905	61622488	583
cCREs465680	chr9	61826002	61826973	971
cCREs465703	chr9	61904035	61904579	544
cCREs465909	chr9	62605579	62606121	542
cCREs465913	chr9	62620857	62621578	721
cCREs465940	chr9	62713005	62713531	526
cCREs465970	chr9	62857772	62858302	530
cCREs466024	chr9	63122031	63122542	511
cCREs466102	chr9	63541878	63542379	501
cCREs466110	chr9	63571207	63571745	538
cCREs466167	chr9	63728757	63729349	592
cCREs466179	chr9	63748859	63749400	541
cCREs466234	chr9	63962535	63963131	596
cCREs466244	chr9	63992726	63993301	575
cCREs466264	chr9	64105255	64106159	904
cCREs466420	chr9	64822206	64822746	540
cCREs466510	chr9	65240666	65241384	718
cCREs466524	chr9	65303555	65304069	514
cCREs466528	chr9	65322480	65323008	528
cCREs466546	chr9	65408793	65409396	603
cCREs466563	chr9	65521298	65521807	509
cCREs466648	chr9	65951002	65951561	559
cCREs466896	chr9	67101799	67102368	569
cCREs467092	chr9	67886946	67887471	525
cCREs467171	chr9	68355893	68356544	651
cCREs467250	chr9	68760279	68760789	510
cCREs467816	chr9	71253047	71253585	538
cCREs467953	chr9	71815217	71815813	596
cCREs467957	chr9	71829154	71830176	1022
cCREs468129	chr9	72671617	72672149	532
cCREs468165	chr9	72790423	72790976	553
cCREs468166	chr9	72791054	72791616	562
cCREs468167	chr9	72791622	72792176	554
cCREs468529	chr9	74573667	74574169	502
cCREs468968	chr9	76594309	76594814	505
cCREs469057	chr9	77128051	77128641	590
cCREs469196	chr9	77629631	77630160	529
cCREs469208	chr9	77707623	77708245	622
cCREs469386	chr9	78500247	78500846	599
cCREs469518	chr9	79242458	79243254	796
cCREs470330	chr9	83582701	83583204	503
cCREs470547	chr9	84497817	84498552	735
cCREs470688	chr9	85441504	85442009	505
cCREs470706	chr9	85551714	85552298	584
cCREs470707	chr9	85553238	85553797	559
cCREs470948	chr9	86560368	86560914	546
cCREs471170	chr9	87504961	87505885	924
cCREs471219	chr9	87869685	87870255	570
cCREs471226	chr9	87896091	87896607	516
cCREs471232	chr9	87932916	87933434	518
cCREs471308	chr9	88329944	88330761	817
cCREs471494	chr9	89807490	89808037	547
cCREs471777	chr9	91367922	91368434	512
cCREs472687	chr9	95614789	95615294	505
cCREs472775	chr9	96160694	96161212	518
cCREs472819	chr9	96352104	96352660	556
cCREs472941	chr9	96783198	96784070	872
cCREs472999	chr9	96982282	96982787	505
cCREs473398	chr9	98445187	98446520	1333
cCREs473453	chr9	98671452	98671991	539
cCREs473744	chr9	100259300	100259855	555
cCREs473860	chr9	100979144	100980046	902
cCREs474284	chr9	102746300	102747156	856
cCREs475181	chr9	106273744	106274260	516
cCREs475322	chr9	106818038	106818588	550
cCREs475486	chr9	107534766	107535290	524
cCREs475508	chr9	107609012	107609532	520
cCREs475645	chr9	108171858	108172384	526
cCREs475659	chr9	108212292	108212860	568
cCREs475687	chr9	108384895	108385765	870
cCREs475692	chr9	108395132	108395644	512
cCREs475711	chr9	108462106	108462691	585
cCREs475794	chr9	108847354	108847942	588
cCREs476176	chr9	111149091	111149608	517
cCREs476225	chr9	111355006	111355507	501
cCREs476816	chr9	113600234	113600751	517
cCREs477065	chr9	114940343	114941534	1191
cCREs477218	chr9	115422750	115423827	1077
cCREs477302	chr9	115745220	115746013	793
cCREs477307	chr9	115760658	115761252	594
cCREs477537	chr9	116633665	116634205	540
cCREs477613	chr9	116981150	116981658	508
cCREs477616	chr9	116999105	116999725	620
cCREs477980	chr9	118592436	118593286	850
cCREs477987	chr9	118624019	118624576	557
cCREs478529	chr9	120658469	120659060	591
cCREs478622	chr9	120984345	120984915	570
cCREs478947	chr9	122115499	122116013	514
cCREs479194	chr9	123032252	123033537	1285
cCREs479211	chr9	123135314	123135851	537
cCREs479250	chr9	123279816	123280398	582
cCREs479251	chr9	123280841	123281377	536
cCREs480250	chrX	12837770	12838303	533
cCREs480336	chrX	13543952	13544842	890
cCREs480560	chrX	16588634	16589175	541
cCREs480985	chrX	21428083	21428670	587
cCREs481277	chrX	36672634	36673151	517
cCREs481320	chrX	36971382	36971967	585
cCREs481353	chrX	37572541	37573084	543
cCREs481651	chrX	41427101	41427648	547
cCREs482154	chrX	47800121	47800658	537
cCREs482607	chrX	51954938	51955491	553
cCREs482703	chrX	52474068	52474853	785
cCREs482796	chrX	53137042	53138104	1062
cCREs483910	chrX	69954026	69954542	516
cCREs484406	chrX	74985209	74985877	668
cCREs486027	chrX	99113686	99114316	630
cCREs486062	chrX	99294626	99295580	954
cCREs486068	chrX	99338883	99339750	867
cCREs486074	chrX	99361424	99361984	560
cCREs486080	chrX	99391511	99392038	527
cCREs486085	chrX	99415585	99416152	567
cCREs486091	chrX	99433716	99434275	559
cCREs486408	chrX	101850800	101851515	715
cCREs486409	chrX	101851936	101852441	505
cCREs486413	chrX	101863575	101864201	626
cCREs486465	chrX	102074768	102075280	512
cCREs486480	chrX	102169247	102170180	933
cCREs486530	chrX	102509051	102509645	594
cCREs486614	chrX	103653012	103653549	537
cCREs486793	chrX	105393251	105394147	896
cCREs486803	chrX	105546178	105546694	516
cCREs486908	chrX	107004616	107005268	652
cCREs486911	chrX	107031594	107032141	547
cCREs486942	chrX	107419854	107420427	573
cCREs487285	chrX	114816071	114816771	700
cCREs488157	chrX	135110045	135110742	697
cCREs488496	chrX	138726301	138727053	752
cCREs488567	chrX	139562157	139562703	546
cCREs488606	chrX	139800334	139800865	531
cCREs488610	chrX	139815138	139815658	520
cCREs488844	chrX	141449778	141450284	506
cCREs488872	chrX	142062488	142063044	556
cCREs488979	chrX	142781667	142782196	529
cCREs489482	chrX	147328251	147328771	520
cCREs489483	chrX	147336303	147336930	627
cCREs489687	chrX	152735261	152735891	630
cCREs489692	chrX	152764065	152764756	691
cCREs490921	chrX	164217770	164218392	622
cCREs490936	chrX	164291046	164291671	625
cCREs263	chr1	4832036	4832572	536
cCREs1364	chr1	11983206	11983905	699
cCREs1821	chr1	14173016	14173521	505
cCREs2765	chr1	19767545	19768868	1323
cCREs2879	chr1	20551049	20551879	830
cCREs3854	chr1	24702768	24703281	513
cCREs5262	chr1	33763754	33764255	501
cCREs5344	chr1	34017296	34017797	501
cCREs5352	chr1	34032842	34033435	593
cCREs5782	chr1	35799304	35799805	501
cCREs6293	chr1	37630390	37631212	822
cCREs6474	chr1	38391906	38392490	584
cCREs7139	chr1	40669920	40670421	501
cCREs7667	chr1	43077384	43077950	566
cCREs7711	chr1	43186291	43186792	501
cCREs9533	chr1	53715979	53716503	524
cCREs9543	chr1	53754898	53755544	646
cCREs9906	chr1	55382195	55382877	682
cCREs10587	chr1	58303603	58304162	559
cCREs10688	chr1	58902007	58902508	501
cCREs10765	chr1	59277894	59278400	506
cCREs10829	chr1	59542207	59543000	793
cCREs11541	chr1	62782137	62782642	505
cCREs11565	chr1	62830088	62830589	501
cCREs11933	chr1	64316986	64317511	525
cCREs12147	chr1	65163702	65164262	560
cCREs13015	chr1	69375122	69375914	792
cCREs13060	chr1	69610735	69611597	862
cCREs13062	chr1	69641913	69642435	522
cCREs13648	chr1	72409721	72410291	570
cCREs13848	chr1	73130334	73130847	513
cCREs14505	chr1	75833334	75833835	501
cCREs15488	chr1	80334279	80334809	530
cCREs16642	chr1	85896719	85897266	547
cCREs16824	chr1	86580177	86580678	501
cCREs17213	chr1	88391527	88392072	545
cCREs17708	chr1	90154188	90154689	501
cCREs17778	chr1	90364102	90364692	590
cCREs18021	chr1	91205530	91206069	539
cCREs18090	chr1	91465027	91465698	671
cCREs18093	chr1	91490231	91490853	622
cCREs19274	chr1	98050584	98051752	1168
cCREs21586	chr1	114983173	114983674	501
cCREs21973	chr1	118343565	118344122	557
cCREs22009	chr1	118483635	118484136	501
cCREs22137	chr1	119031124	119031642	518
cCREs22807	chr1	122360027	122360528	501
cCREs23791	chr1	127213655	127214444	789
cCREs24691	chr1	131119972	131120473	501
cCREs25300	chr1	133168268	133169123	855
cCREs25386	chr1	133415124	133415707	583
cCREs25521	chr1	134047741	134048242	501
cCREs25545	chr1	134113477	134113983	506
cCREs25603	chr1	134289508	134290009	501
cCREs25619	chr1	134334424	134334925	501
cCREs26062	chr1	135982838	135983654	816
cCREs26171	chr1	136311413	136311949	536
cCREs26618	chr1	138254658	138255453	795
cCREs27494	chr1	143808348	143808904	556
cCREs27766	chr1	145228611	145229386	775
cCREs27772	chr1	145290206	145291074	868
cCREs28997	chr1	152563185	152563851	666
cCREs28998	chr1	152565257	152565758	501
cCREs29244	chr1	153307387	153307954	567
cCREs29358	chr1	153732442	153732943	501
cCREs29427	chr1	154018180	154018690	510
cCREs31649	chr1	162916443	162917234	791
cCREs32392	chr1	165882076	165882577	501
cCREs33737	chr1	171142976	171143812	836
cCREs34660	chr1	175631566	175632067	501
cCREs35198	chr1	177642976	177643494	518
cCREs35793	chr1	180368515	180369088	573
cCREs35995	chr1	181260374	181260875	501
cCREs36240	chr1	182271014	182271534	520
cCREs36310	chr1	182511049	182511550	501
cCREs36464	chr1	183053884	183054411	527
cCREs37063	chr1	185590772	185591289	517
cCREs37207	chr1	186254407	186254942	535
cCREs37431	chr1	187233145	187233800	655
cCREs37550	chr1	187763050	187763551	501
cCREs37822	chr1	189130334	189130835	501
cCREs38130	chr1	190163418	190163964	546
cCREs38470	chr1	191659426	191660005	579
cCREs38490	chr1	191738670	191739183	513
cCREs39625	chr10	3861829	3862330	501
cCREs39729	chr10	4311086	4311799	713
cCREs39766	chr10	4436595	4437203	608
cCREs40329	chr10	7191614	7192143	529
cCREs40512	chr10	8223917	8224418	501
cCREs40531	chr10	8259205	8260088	883
cCREs41105	chr10	10391204	10391731	527
cCREs42722	chr10	17785605	17786475	870
cCREs43889	chr10	22696085	22696586	501
cCREs44043	chr10	23549077	23549578	501
cCREs44354	chr10	24958137	24958651	514
cCREs44475	chr10	25369077	25369628	551
cCREs44771	chr10	26484299	26484817	518
cCREs44832	chr10	26817217	26817735	518
cCREs44879	chr10	26982553	26983070	517
cCREs46149	chr10	34189631	34190163	532
cCREs46229	chr10	34618318	34618917	599
cCREs46249	chr10	34796672	34797332	660
cCREs47116	chr10	40062828	40063862	1034
cCREs47159	chr10	40188646	40189408	762
cCREs47530	chr10	41684687	41685235	548
cCREs48129	chr10	44000371	44000886	515
cCREs50072	chr10	56415787	56416650	863
cCREs50198	chr10	57062425	57062926	501
cCREs50402	chr10	58564343	58565065	722
cCREs50423	chr10	58640958	58642018	1060
cCREs50777	chr10	59888153	59888674	521
cCREs50874	chr10	60166517	60167083	566
cCREs51253	chr10	61774708	61775209	501
cCREs51254	chr10	61781716	61782238	522
cCREs51295	chr10	61972227	61972731	504
cCREs51322	chr10	62067318	62067846	528
cCREs51356	chr10	62210662	62211163	501
cCREs52340	chr10	67223841	67224356	515
cCREs53160	chr10	70230339	70230852	513
cCREs53386	chr10	70982924	70983725	801
cCREs55056	chr10	78423263	78424082	819
cCREs55269	chr10	80050201	80050702	501
cCREs55343	chr10	80297784	80298285	501
cCREs55418	chr10	80619546	80620354	808
cCREs55608	chr10	81360654	81361155	501
cCREs55667	chr10	81563359	81564029	670
cCREs55969	chr10	83796176	83796717	541
cCREs56162	chr10	84562566	84563289	723
cCREs56597	chr10	86321903	86322488	585
cCREs56628	chr10	86415393	86415896	503
cCREs57098	chr10	88719569	88720168	599
cCREs58390	chr10	94053562	94054204	642
cCREs58615	chr10	94855447	94855990	543
cCREs58859	chr10	95555783	95556284	501
cCREs58920	chr10	95760033	95760549	516
cCREs58923	chr10	95766807	95767308	501
cCREs58924	chr10	95767380	95768119	739
cCREs58928	chr10	95784781	95785282	501
cCREs58935	chr10	95808363	95809314	951
cCREs58947	chr10	95848876	95849426	550
cCREs59330	chr10	97478459	97479016	557
cCREs61541	chr10	108398796	108399461	665
cCREs64524	chr10	120717002	120717586	584
cCREs65961	chr10	127330483	127330984	501
cCREs66075	chr10	127718176	127718677	501
cCREs66273	chr10	128810459	128811173	714
cCREs66478	chr11	3392437	3393020	583
cCREs66544	chr11	3681329	3681844	515
cCREs67057	chr11	5875964	5876511	547
cCREs68176	chr11	11818496	11819350	854
cCREs68249	chr11	12079175	12079691	516
cCREs69812	chr11	21103919	21104467	548
cCREs69838	chr11	21189855	21190498	643
cCREs70324	chr11	23721959	23722460	501
cCREs71315	chr11	29181415	29182204	789
cCREs72773	chr11	35325324	35325847	523
cCREs74563	chr11	43475170	43475671	501
cCREs74683	chr11	43929061	43930133	1072
cCREs76011	chr11	49840573	49841119	546
cCREs76258	chr11	50718835	50719346	511
cCREs76402	chr11	51521232	51521888	656
cCREs76465	chr11	51807201	51808140	939
cCREs76561	chr11	52264421	52265185	764
cCREs76891	chr11	53637069	53637570	501
cCREs76920	chr11	53781303	53781898	595
cCREs76940	chr11	53839615	53840600	985
cCREs76954	chr11	53889170	53889671	501
cCREs76993	chr11	54080263	54080813	550
cCREs77037	chr11	54311382	54311883	501
cCREs77265	chr11	55412574	55413125	551
cCREs78225	chr11	59735859	59736360	501
cCREs78261	chr11	59861360	59861889	529
cCREs78439	chr11	60522918	60523419	501
cCREs78702	chr11	61747113	61747614	501
cCREs78860	chr11	62578423	62579064	641
cCREs78862	chr11	62590500	62591001	501
cCREs79231	chr11	64463793	64464535	742
cCREs79562	chr11	65824444	65825303	859
cCREs79858	chr11	67081145	67081676	531
cCREs80518	chr11	69587569	69588070	501
cCREs80616	chr11	70071139	70071640	501
cCREs80779	chr11	70931183	70931885	702
cCREs81031	chr11	72082538	72083091	553
cCREs81458	chr11	74913881	74914706	825
cCREs81468	chr11	74988971	74989522	551
cCREs81506	chr11	75166923	75167424	501
cCREs81517	chr11	75196237	75196838	601
cCREs81802	chr11	76292364	76292905	541
cCREs82429	chr11	79141270	79141771	501
cCREs83232	chr11	82438266	82438767	501
cCREs84188	chr11	87467407	87467916	509
cCREs84230	chr11	87702166	87702667	501
cCREs84328	chr11	88165898	88166399	501
cCREs84462	chr11	88560576	88561077	501
cCREs84504	chr11	88669052	88669947	895
cCREs84521	chr11	88704590	88705115	525
cCREs84930	chr11	90398712	90399413	701
cCREs84979	chr11	90561359	90561860	501
cCREs84997	chr11	90636151	90636652	501
cCREs85837	chr11	95210641	95211202	561
cCREs86004	chr11	95982380	95983137	757
cCREs86015	chr11	96119289	96119925	636
cCREs86599	chr11	98849311	98849935	624
cCREs86908	chr11	100434300	100434848	548
cCREs87104	chr11	101282654	101283551	897
cCREs87398	chr11	102623163	102623664	501
cCREs88061	chr11	105758490	105758991	501
cCREs88174	chr11	106207942	106208471	529
cCREs88317	chr11	106845947	106846517	570
cCREs89068	chr11	109538220	109538721	501
cCREs89073	chr11	109549567	109550068	501
cCREs89075	chr11	109554371	109555120	749
cCREs90007	chr11	113728020	113728521	501
cCREs90014	chr11	113739018	113739639	621
cCREs90457	chr11	115364151	115364652	501
cCREs90509	chr11	115580544	115581391	847
cCREs90722	chr11	116511507	116512017	510
cCREs90731	chr11	116538317	116539251	934
cCREs90931	chr11	117225523	117226463	940
cCREs90971	chr11	117333206	117333821	615
cCREs91069	chr11	117688211	117689115	904
cCREs91264	chr11	118331867	118332499	632
cCREs91629	chr11	119631276	119631858	582
cCREs91817	chr11	120171093	120171594	501
cCREs92264	chr12	3657730	3658231	501
cCREs92296	chr12	3759921	3760445	524
cCREs93437	chr12	8781920	8782485	565
cCREs93456	chr12	8856420	8856921	501
cCREs93472	chr12	8901914	8902814	900
cCREs95029	chr12	16118720	16119221	501
cCREs95568	chr12	21261404	21261946	542
cCREs95596	chr12	21364299	21365111	812
cCREs98440	chr12	36030170	36030671	501
cCREs98697	chr12	37345617	37346155	538
cCREs101460	chr12	52355414	52356077	663
cCREs101943	chr12	54217137	54217662	525
cCREs101947	chr12	54233145	54233665	520
cCREs103524	chr12	65109936	65110437	501
cCREs104366	chr12	70093467	70093993	526
cCREs104577	chr12	70731127	70731648	521
cCREs104690	chr12	71205062	71205605	543
cCREs104713	chr12	71296068	71296707	639
cCREs104742	chr12	71380267	71380768	501
cCREs105984	chr12	76536461	76536962	501
cCREs106052	chr12	76772403	76772904	501
cCREs106160	chr12	77170966	77171488	522
cCREs106729	chr12	79892939	79893474	535
cCREs106858	chr12	80280348	80280946	598
cCREs106990	chr12	80792773	80793274	501
cCREs108663	chr12	88443912	88444452	540
cCREs109206	chr12	90469693	90470235	542
cCREs110095	chr12	95700365	95701187	822
cCREs110880	chr12	99422482	99422990	508
cCREs112192	chr12	104998402	104999652	1250
cCREs112310	chr12	105523670	105524171	501
cCREs112313	chr12	105531156	105531708	552
cCREs112335	chr12	105602845	105603367	522
cCREs112409	chr12	105886522	105887023	501
cCREs112976	chr12	108214932	108215484	552
cCREs113382	chr12	110057306	110057807	501
cCREs114092	chr12	112819010	112819834	824
cCREs114307	chr12	116383037	116383561	524
cCREs115708	chr13	6686427	6686962	535
cCREs118235	chr13	20164381	20164882	501
cCREs118243	chr13	20188210	20188784	574
cCREs119024	chr13	24442287	24442788	501
cCREs119508	chr13	26407793	26408692	899
cCREs120677	chr13	32207477	32207978	501
cCREs120679	chr13	32212740	32213241	501
cCREs120986	chr13	34220546	34221047	501
cCREs121976	chr13	38309917	38310715	798
cCREs122296	chr13	40077814	40078532	718
cCREs122576	chr13	41581268	41581828	560
cCREs124077	chr13	46863098	46863815	717
cCREs124133	chr13	47065812	47066548	736
cCREs124504	chr13	48875763	48876264	501
cCREs124701	chr13	49517723	49518247	524
cCREs125076	chr13	52001396	52002248	852
cCREs125503	chr13	53695123	53695877	754
cCREs125939	chr13	55277150	55277730	580
cCREs126172	chr13	56359582	56360112	530
cCREs126180	chr13	56396492	56397178	686
cCREs126721	chr13	58475385	58475903	518
cCREs127012	chr13	59535681	59536592	911
cCREs127088	chr13	59832375	59832918	543
cCREs127132	chr13	59999238	59999739	501
cCREs127151	chr13	60057540	60058041	501
cCREs127685	chr13	64066603	64067104	501
cCREs128219	chr13	69538290	69538791	501
cCREs129829	chr13	78193887	78194392	505
cCREs131661	chr13	90497342	90498204	862
cCREs132398	chr13	93448498	93449035	537
cCREs132479	chr13	93810871	93811589	718
cCREs132532	chr13	93983623	93984137	514
cCREs133706	chr13	98379309	98379854	545
cCREs133717	chr13	98420447	98421150	703
cCREs133886	chr13	99086007	99086511	504
cCREs134258	chr13	100547130	100547775	645
cCREs136574	chr13	109996109	109996610	501
cCREs137438	chr13	113459222	113460639	1417
cCREs137524	chr13	113729475	113730473	998
cCREs137594	chr13	113929389	113930141	752
cCREs137655	chr13	114121828	114122336	508
cCREs138635	chr13	119395439	119395984	545
cCREs138825	chr14	7959396	7959910	514
cCREs138853	chr14	8036353	8036943	590
cCREs139630	chr14	11667317	11668202	885
cCREs140691	chr14	16444060	16444580	520
cCREs140733	chr14	16572622	16573123	501
cCREs141347	chr14	20147930	20148693	763
cCREs141363	chr14	20208212	20208742	530
cCREs141623	chr14	21352451	21352959	508
cCREs141640	chr14	21433044	21433569	525
cCREs141902	chr14	22642236	22642737	501
cCREs142601	chr14	25194016	25194517	501
cCREs142902	chr14	26648718	26649231	513
cCREs143863	chr14	30316666	30317167	501
cCREs144676	chr14	33789615	33790459	844
cCREs146405	chr14	46195906	46196620	714
cCREs146456	chr14	46517146	46517725	579
cCREs146502	chr14	46718299	46719142	843
cCREs146596	chr14	47040173	47040958	785
cCREs147190	chr14	49703671	49704244	573
cCREs148025	chr14	55947501	55948052	551
cCREs148480	chr14	58335024	58335525	501
cCREs148758	chr14	59843227	59843728	501
cCREs148906	chr14	60488852	60489704	852
cCREs149282	chr14	62159650	62160180	530
cCREs149934	chr14	64632666	64633323	657
cCREs149952	chr14	64693650	64694182	532
cCREs150181	chr14	65426353	65426906	553
cCREs150310	chr14	65915920	65916473	553
cCREs150914	chr14	68338368	68338869	501
cCREs151344	chr14	70631093	70631594	501
cCREs151943	chr14	73507839	73508487	648
cCREs152708	chr14	76468468	76469107	639
cCREs152789	chr14	76702956	76703529	573
cCREs153623	chr14	79589729	79590483	754
cCREs161074	chr14	122597400	122597984	584
cCREs161171	chr14	122977405	122977906	501
cCREs161619	chr15	4073779	4074340	561
cCREs161989	chr15	6439197	6439698	501
cCREs162030	chr15	6634342	6634843	501
cCREs162517	chr15	8979522	8980023	501
cCREs162522	chr15	9004272	9004773	501
cCREs162523	chr15	9007621	9008122	501
cCREs162819	chr15	10721349	10721900	551
cCREs162930	chr15	11168940	11169538	598
cCREs163098	chr15	11830564	11831065	501
cCREs163226	chr15	12266346	12266968	622
cCREs165576	chr15	27021096	27021940	844
cCREs167634	chr15	36379636	36380151	515
cCREs168128	chr15	38271598	38272244	646
cCREs168183	chr15	38531123	38531624	501
cCREs168267	chr15	38973416	38973918	502
cCREs168743	chr15	41107528	41108029	501
cCREs169186	chr15	43135902	43136403	501
cCREs169251	chr15	43624328	43624868	540
cCREs169252	chr15	43624994	43625575	581
cCREs171025	chr15	54842843	54843443	600
cCREs172114	chr15	59544305	59544859	554
cCREs173135	chr15	64285030	64285695	665
cCREs175046	chr15	72746635	72747187	552
cCREs175753	chr15	75689898	75690743	845
cCREs175833	chr15	76012968	76013469	501
cCREs176156	chr15	77300970	77301552	582
cCREs176158	chr15	77313571	77314170	599
cCREs176163	chr15	77331251	77331809	558
cCREs176168	chr15	77347971	77348635	664
cCREs177269	chr15	81852698	81853199	501
cCREs177568	chr15	83265193	83265721	528
cCREs177582	chr15	83323014	83323551	537
cCREs177585	chr15	83332336	83333095	759
cCREs178094	chr15	85231391	85232577	1186
cCREs178290	chr15	86023863	86024364	501
cCREs180647	chr15	95844375	95844876	501
cCREs180859	chr15	96695720	96696221	501
cCREs180895	chr15	96886019	96886912	893
cCREs180899	chr15	96914935	96915462	527
cCREs180919	chr15	97000641	97001142	501
cCREs181289	chr15	98723499	98724000	501
cCREs181878	chr15	101194786	101195555	769
cCREs183403	chr16	7727157	7727781	624
cCREs184188	chr16	11365437	11365970	533
cCREs184760	chr16	13720833	13721422	589
cCREs185220	chr16	17350577	17351078	501
cCREs185379	chr16	18084219	18084720	501
cCREs185455	chr16	18385284	18385875	591
cCREs185544	chr16	18774934	18775435	501
cCREs185647	chr16	20151842	20152387	545
cCREs185719	chr16	20445798	20446337	539
cCREs185724	chr16	20478391	20478942	551
cCREs185734	chr16	20521722	20522283	561
cCREs186030	chr16	22151608	22152135	527
cCREs186146	chr16	22622256	22622801	545
cCREs186614	chr16	24594464	24594977	513
cCREs186788	chr16	25262208	25262723	515
cCREs186898	chr16	25758047	25758565	518
cCREs187820	chr16	30083448	30084101	653
cCREs187895	chr16	30443427	30443974	547
cCREs187910	chr16	30505426	30506124	698
cCREs188302	chr16	32103479	32104111	632
cCREs188695	chr16	34001674	34002191	517
cCREs189077	chr16	35209541	35210675	1134
cCREs189433	chr16	36990254	36990762	508
cCREs189583	chr16	37651382	37651911	529
cCREs189676	chr16	37950817	37951546	729
cCREs190792	chr16	42803465	42804080	615
cCREs190902	chr16	43393164	43393718	554
cCREs191089	chr16	44016140	44016659	519
cCREs191244	chr16	44559908	44560409	501
cCREs191289	chr16	44702094	44702693	599
cCREs191401	chr16	45263767	45264372	605
cCREs192939	chr16	53229310	53229826	516
cCREs194288	chr16	61766651	61767167	516
cCREs196109	chr16	72865960	72866461	501
cCREs197269	chr16	78271932	78272663	731
cCREs197277	chr16	78305412	78305913	501
cCREs197290	chr16	78329206	78329714	508
cCREs197627	chr16	80675357	80675870	513
cCREs198312	chr16	85069291	85069856	565
cCREs198609	chr16	86428079	86428676	597
cCREs198651	chr16	86663298	86663826	528
cCREs199613	chr16	90848502	90849057	555
cCREs199670	chr16	91030272	91030838	566
cCREs199756	chr16	91447440	91447968	528
cCREs200250	chr16	93417234	93417735	501
cCREs200272	chr16	93533185	93533774	589
cCREs200446	chr16	94379311	94379814	503
cCREs200882	chr16	96097280	96097836	556
cCREs200887	chr16	96135712	96136213	501
cCREs202170	chr17	6765552	6766392	840
cCREs202438	chr17	8419129	8419670	541
cCREs203069	chr17	11124881	11125408	527
cCREs203411	chr17	12404109	12404864	755
cCREs203492	chr17	12792410	12792952	542
cCREs203507	chr17	12852905	12853476	571
cCREs203778	chr17	14570284	14570785	501
cCREs203990	chr17	15818312	15818832	520
cCREs203994	chr17	15829323	15829824	501
cCREs204397	chr17	24297099	24297600	501
cCREs204465	chr17	24639345	24639846	501
cCREs204492	chr17	24761160	24761661	501
cCREs204494	chr17	24766290	24766830	540
cCREs204496	chr17	24769024	24769525	501
cCREs204803	chr17	26225102	26225769	667
cCREs205136	chr17	27645721	27646389	668
cCREs205275	chr17	28147427	28147928	501
cCREs205544	chr17	29295778	29296351	573
cCREs205910	chr17	30635187	30635958	771
cCREs206186	chr17	31890522	31891035	513
cCREs206189	chr17	31897065	31897941	876
cCREs206243	chr17	32106264	32106765	501
cCREs206244	chr17	32110111	32110917	806
cCREs206624	chr17	35096097	35096619	522
cCREs206634	chr17	35153868	35154369	501
cCREs206665	chr17	35320990	35321491	501
cCREs206706	chr17	35701901	35702637	736
cCREs206727	chr17	35779061	35779562	501
cCREs207888	chr17	45785474	45785997	523
cCREs207952	chr17	46095867	46096368	501
cCREs208019	chr17	46448054	46448561	507
cCREs208253	chr17	47519579	47520102	523
cCREs209610	chr17	55066573	55067115	542
cCREs209784	chr17	56212615	56213116	501
cCREs209915	chr17	56664302	56664837	535
cCREs211960	chr17	67691333	67691834	501
cCREs211971	chr17	67726630	67727131	501
cCREs212322	chr17	69277289	69277815	526
cCREs213229	chr17	73035986	73036589	603
cCREs214296	chr17	78719184	78720086	902
cCREs215238	chr17	82946011	82946556	545
cCREs215334	chr17	83340814	83341569	755
cCREs215626	chr17	84324028	84324605	577
cCREs215699	chr17	84598879	84599767	888
cCREs215931	chr17	85679576	85680438	862
cCREs215932	chr17	85683192	85683700	508
cCREs215968	chr17	85870265	85870766	501
cCREs215986	chr17	85941017	85942085	1068
cCREs217719	chr18	4518519	4519053	534
cCREs217831	chr18	4928331	4929195	864
cCREs218098	chr18	6023309	6023810	501
cCREs218692	chr18	9758046	9758600	554
cCREs219333	chr18	12785284	12785975	691
cCREs219537	chr18	13667781	13668282	501
cCREs219638	chr18	14017480	14018018	538
cCREs223379	chr18	32556022	32557021	999
cCREs224079	chr18	35538962	35539463	501
cCREs224103	chr18	35674526	35675027	501
cCREs224451	chr18	37822400	37822929	529
cCREs224733	chr18	38818861	38819389	528
cCREs224745	chr18	38852834	38853385	551
cCREs224750	chr18	38865918	38866454	536
cCREs224771	chr18	38910077	38910637	560
cCREs225524	chr18	42093170	42093744	574
cCREs226077	chr18	44530544	44531072	528
cCREs226130	chr18	44655736	44656237	501
cCREs226551	chr18	46607358	46607887	529
cCREs227876	chr18	52915519	52916343	824
cCREs227990	chr18	53472217	53472718	501
cCREs227993	chr18	53479541	53480042	501
cCREs228000	chr18	53523987	53524709	722
cCREs228022	chr18	53634920	53635683	763
cCREs228027	chr18	53661449	53661950	501
cCREs228823	chr18	56776434	56776936	502
cCREs229722	chr18	60727389	60727890	501
cCREs229788	chr18	60895231	60896058	827
cCREs229840	chr18	61000207	61000708	501
cCREs230377	chr18	62786520	62787021	501
cCREs230544	chr18	63590854	63591420	566
cCREs231126	chr18	65739561	65740250	689
cCREs231766	chr18	68342521	68343206	685
cCREs233999	chr18	77826825	77827326	501
cCREs234822	chr18	81254735	81255236	501
cCREs235088	chr18	82563019	82563520	501
cCREs235603	chr18	84693942	84694443	501
cCREs236465	chr18	89798091	89798828	737
cCREs236742	chr19	4440232	4440733	501
cCREs237248	chr19	7012254	7012813	559
cCREs237309	chr19	7192041	7192601	560
cCREs237396	chr19	7600989	7601490	501
cCREs237432	chr19	8593792	8594293	501
cCREs237440	chr19	8621036	8621537	501
cCREs237498	chr19	8895647	8896148	501
cCREs237636	chr19	10096249	10096769	520
cCREs237805	chr19	10724539	10725265	726
cCREs239081	chr19	18502428	18503273	845
cCREs239688	chr19	22040582	22041093	511
cCREs241899	chr19	31242789	31243631	842
cCREs242095	chr19	32188830	32189672	842
cCREs242238	chr19	32669458	32670010	552
cCREs243362	chr19	38398350	38399195	845
cCREs243591	chr19	40458213	40459104	891
cCREs244875	chr19	46532879	46533448	569
cCREs244911	chr19	46672518	46673364	846
cCREs246394	chr19	53788914	53789415	501
cCREs247051	chr19	56654210	56654757	547
cCREs248099	chr19	60955119	60955667	548
cCREs248257	chr2	3617794	3618295	501
cCREs248263	chr2	3636659	3637160	501
cCREs248296	chr2	3754455	3754956	501
cCREs248863	chr2	6125625	6126534	909
cCREs249171	chr2	7050138	7050662	524
cCREs249173	chr2	7052022	7052558	536
cCREs249754	chr2	10283168	10283669	501
cCREs251684	chr2	20205729	20206262	533
cCREs251793	chr2	20653991	20654522	531
cCREs251893	chr2	20990850	20991351	501
cCREs252402	chr2	24460579	24461446	867
cCREs252652	chr2	25560301	25560802	501
cCREs252873	chr2	26556605	26557467	862
cCREs253004	chr2	27269073	27269780	707
cCREs253166	chr2	27881026	27881576	550
cCREs253467	chr2	29105148	29105649	501
cCREs253920	chr2	30918611	30919355	744
cCREs254187	chr2	31924874	31925375	501
cCREs254189	chr2	31948302	31948991	689
cCREs254242	chr2	32154210	32154748	538
cCREs254454	chr2	32901298	32901799	501
cCREs254684	chr2	33579358	33580162	804
cCREs254976	chr2	34837631	34838341	710
cCREs255741	chr2	38930216	38930717	501
cCREs257105	chr2	46571368	46572183	815
cCREs257571	chr2	49566662	49567163	501
cCREs257884	chr2	50687163	50687706	543
cCREs257998	chr2	51154444	51154988	544
cCREs259123	chr2	57225129	57225630	501
cCREs259335	chr2	58187249	58187750	501
cCREs259493	chr2	58706398	58706943	545
cCREs259510	chr2	58761343	58762112	769
cCREs259523	chr2	58792293	58792794	501
cCREs259669	chr2	59339458	59339959	501
cCREs259675	chr2	59350045	59350581	536
cCREs259727	chr2	59513530	59514066	536
cCREs259790	chr2	59699884	59700397	513
cCREs259818	chr2	59778015	59778697	682
cCREs262301	chr2	70686051	70686552	501
cCREs262472	chr2	71374425	71374957	532
cCREs263541	chr2	75814827	75815328	501
cCREs265421	chr2	84545629	84546140	511
cCREs265446	chr2	84643716	84644279	563
cCREs266125	chr2	91322376	91322926	550
cCREs266620	chr2	93115311	93115812	501
cCREs266631	chr2	93144803	93145348	545
cCREs269326	chr2	106756707	106757208	501
cCREs272043	chr2	119992276	119992837	561
cCREs272185	chr2	120698544	120699045	501
cCREs273524	chr2	126916197	126916703	506
cCREs273610	chr2	127367168	127367935	767
cCREs273907	chr2	128692303	128692824	521
cCREs273954	chr2	128887951	128888463	512
cCREs274080	chr2	129420736	129421263	527
cCREs274311	chr2	130408210	130408727	517
cCREs276634	chr2	140081735	140082274	539
cCREs278015	chr2	145515847	145516391	544
cCREs279105	chr2	150900039	150900577	538
cCREs279834	chr2	154560825	154561343	518
cCREs279835	chr2	154563999	154564544	545
cCREs279854	chr2	154647989	154648491	502
cCREs280001	chr2	155443338	155444148	810
cCREs280095	chr2	155869689	155870204	515
cCREs280108	chr2	155916674	155917630	956
cCREs280244	chr2	156505449	156506008	559
cCREs280547	chr2	157504428	157504929	501
cCREs280731	chr2	158114820	158115430	610
cCREs280837	chr2	158501660	158502218	558
cCREs282429	chr2	165459509	165460010	501
cCREs282465	chr2	165604597	165605144	547
cCREs282564	chr2	165882894	165883395	501
cCREs282656	chr2	166190655	166191233	578
cCREs283032	chr2	167540628	167541147	519
cCREs283304	chr2	168519527	168520056	529
cCREs284249	chr2	172913920	172914835	915
cCREs284253	chr2	172924868	172925460	592
cCREs284388	chr2	173440884	173441500	616
cCREs284675	chr2	174754205	174755163	958
cCREs284693	chr2	174817966	174818730	764
cCREs284707	chr2	174866338	174866848	510
cCREs284991	chr2	178967502	178968015	513
cCREs286033	chr3	7515398	7515950	552
cCREs287198	chr3	14655160	14655680	520
cCREs288384	chr3	22074934	22075437	503
cCREs288822	chr3	25112554	25113055	501
cCREs289428	chr3	27725593	27726174	581
cCREs290195	chr3	31088276	31089155	879
cCREs291828	chr3	38349254	38349755	501
cCREs291906	chr3	38648601	38649109	508
cCREs292021	chr3	39047148	39047711	563
cCREs292085	chr3	39370412	39371345	933
cCREs293069	chr3	45594511	45595051	540
cCREs293162	chr3	46391587	46392166	579
cCREs293775	chr3	50676472	50676973	501
cCREs293921	chr3	51153090	51153591	501
cCREs294376	chr3	52752834	52753766	932
cCREs294846	chr3	54441915	54442416	501
cCREs295769	chr3	58121876	58122382	506
cCREs295809	chr3	58293934	58294435	501
cCREs297171	chr3	65580860	65581361	501
cCREs297805	chr3	68559845	68560535	690
cCREs298682	chr3	74229155	74229931	776
cCREs300022	chr3	81315006	81315599	593
cCREs300513	chr3	83365823	83366324	501
cCREs301151	chr3	85746024	85746609	585
cCREs301163	chr3	85774984	85775485	501
cCREs301167	chr3	85787039	85787762	723
cCREs301611	chr3	87801667	87802168	501
cCREs301894	chr3	89063190	89063699	509
cCREs302500	chr3	93580959	93581500	541
cCREs302675	chr3	95000313	95000814	501
cCREs302915	chr3	96134929	96135472	543
cCREs302937	chr3	96231220	96231846	626
cCREs303341	chr3	97976680	97977196	516
cCREs303357	chr3	98036105	98036635	530
cCREs303362	chr3	98048726	98049227	501
cCREs303407	chr3	98156110	98156653	543
cCREs303408	chr3	98158235	98158736	501
cCREs303557	chr3	99249950	99250451	501
cCREs303560	chr3	99262035	99262536	501
cCREs303801	chr3	100704192	100704693	501
cCREs304877	chr3	104945084	104945721	637
cCREs305135	chr3	105737655	105738433	778
cCREs305404	chr3	107380616	107381117	501
cCREs305473	chr3	107564808	107565309	501
cCREs305482	chr3	107585984	107586485	501
cCREs305531	chr3	107748423	107748924	501
cCREs305540	chr3	107774778	107775524	746
cCREs305942	chr3	109279007	109279563	556
cCREs307045	chr3	116529694	116530195	501
cCREs308096	chr3	121460448	121461156	708
cCREs308270	chr3	122012788	122013289	501
cCREs308275	chr3	122034017	122034792	775
cCREs308308	chr3	122147571	122148661	1090
cCREs308574	chr3	123088841	123089355	514
cCREs309398	chr3	127074379	127074896	517
cCREs309624	chr3	127919366	127919924	558
cCREs310328	chr3	131231400	131232076	676
cCREs310760	chr3	133315823	133316338	515
cCREs311171	chr3	135605160	135605881	721
cCREs311218	chr3	135756707	135757300	593
cCREs311910	chr3	138549035	138549555	520
cCREs312569	chr3	141614646	141615159	513
cCREs312784	chr3	142421405	142421996	591
cCREs313656	chr3	145780696	145781220	524
cCREs314010	chr3	147033211	147034052	841
cCREs314919	chr3	151830408	151831161	753
cCREs316494	chr3	157641294	157641996	702
cCREs317328	chr4	5738152	5738712	560
cCREs317434	chr4	6242760	6243270	510
cCREs317439	chr4	6262055	6262556	501
cCREs321807	chr4	32011724	32012226	502
cCREs322531	chr4	34996554	34997058	504
cCREs323820	chr4	43364847	43365365	518
cCREs323980	chr4	44066797	44067330	533
cCREs324064	chr4	44586686	44587220	534
cCREs324129	chr4	45005207	45005761	554
cCREs324658	chr4	46986173	46986725	552
cCREs326374	chr4	55075405	55075931	526
cCREs326443	chr4	55332038	55332539	501
cCREs326595	chr4	55985965	55986606	641
cCREs327470	chr4	59608810	59609311	501
cCREs329850	chr4	73986754	73987298	544
cCREs330913	chr4	81342762	81343297	535
cCREs331476	chr4	83672893	83673701	808
cCREs331517	chr4	83918997	83919504	507
cCREs331581	chr4	84169165	84169752	587
cCREs331606	chr4	84266383	84266919	536
cCREs331608	chr4	84270873	84271374	501
cCREs331623	chr4	84349700	84350201	501
cCREs331638	chr4	84393080	84393652	572
cCREs331642	chr4	84406374	84406897	523
cCREs331644	chr4	84413666	84414185	519
cCREs331659	chr4	84502490	84503009	519
cCREs331670	chr4	84546496	84546997	501
cCREs331674	chr4	84569587	84570088	501
cCREs331679	chr4	84633943	84634444	501
cCREs333550	chr4	95076123	95076682	559
cCREs333668	chr4	95622920	95623860	940
cCREs334300	chr4	98698927	98699514	587
cCREs334330	chr4	98808223	98808747	524
cCREs334678	chr4	100409079	100409884	805
cCREs334955	chr4	101494904	101495405	501
cCREs334960	chr4	101511962	101512527	565
cCREs335431	chr4	103421587	103422088	501
cCREs336104	chr4	105961561	105962478	917
cCREs336152	chr4	106156963	106157476	513
cCREs337493	chr4	114672233	114673077	844
cCREs337625	chr4	115839868	115840369	501
cCREs337628	chr4	115850546	115851047	501
cCREs337830	chr4	117037448	117038099	651
cCREs338012	chr4	117893290	117893845	555
cCREs338174	chr4	118570247	118570852	605
cCREs338176	chr4	118573672	118574402	730
cCREs338221	chr4	118992094	118993337	1243
cCREs338615	chr4	120567971	120568501	530
cCREs338887	chr4	123308246	123308815	569
cCREs339596	chr4	126314317	126314909	592
cCREs339603	chr4	126384554	126385055	501
cCREs340210	chr4	128849825	128850326	501
cCREs340211	chr4	128855507	128856066	559
cCREs340256	chr4	129042378	129042958	580
cCREs340904	chr4	131803133	131803634	501
cCREs341046	chr4	132383505	132384006	501
cCREs341434	chr4	134273233	134273864	631
cCREs341442	chr4	134316343	134316844	501
cCREs341789	chr4	135752083	135752712	629
cCREs341863	chr4	136126030	136126565	535
cCREs342561	chr4	138816518	138817019	501
cCREs342612	chr4	139007044	139007790	746
cCREs342640	chr4	139085273	139085774	501
cCREs342642	chr4	139089219	139089720	501
cCREs342720	chr4	139398513	139399045	532
cCREs343136	chr4	141138418	141138919	501
cCREs343379	chr4	142037769	142038334	565
cCREs343381	chr4	142042763	142043264	501
cCREs343384	chr4	142052346	142052900	554
cCREs343708	chr4	144790090	144790591	501
cCREs344228	chr4	149313806	149314368	562
cCREs344703	chr4	151014458	151014978	520
cCREs345528	chr4	154293731	154294776	1045
cCREs345532	chr4	154325420	154326129	709
cCREs345729	chr4	155137880	155138859	979
cCREs345865	chr4	155622458	155622959	501
cCREs347533	chr5	13396732	13397233	501
cCREs349855	chr5	24939558	24940059	501
cCREs349918	chr5	25088584	25089085	501
cCREs350888	chr5	30459056	30459557	501
cCREs352019	chr5	35775600	35776104	504
cCREs352084	chr5	35934442	35934943	501
cCREs352103	chr5	35966893	35967494	601
cCREs353552	chr5	42019196	42019697	501
cCREs353574	chr5	42130738	42131293	555
cCREs353598	chr5	42209604	42210105	501
cCREs353765	chr5	43052564	43053170	606
cCREs354002	chr5	43938681	43939312	631
cCREs355486	chr5	51165070	51165682	612
cCREs356128	chr5	53445721	53446222	501
cCREs358096	chr5	65493888	65494396	508
cCREs358192	chr5	66009107	66009720	613
cCREs358203	chr5	66062819	66063341	522
cCREs358209	chr5	66081150	66081950	800
cCREs358233	chr5	66166245	66166746	501
cCREs359609	chr5	72845087	72845588	501
cCREs360443	chr5	75803910	75804473	563
cCREs360466	chr5	75882469	75883303	834
cCREs360973	chr5	78125950	78126565	615
cCREs362399	chr5	88691691	88692192	501
cCREs362412	chr5	88728427	88728930	503
cCREs362430	chr5	88806307	88806834	527
cCREs362486	chr5	88992240	88993022	782
cCREs362570	chr5	89265345	89265856	511
cCREs362592	chr5	89381225	89381818	593
cCREs362826	chr5	90449922	90450423	501
cCREs362864	chr5	90624625	90625126	501
cCREs363365	chr5	92752436	92752937	501
cCREs363467	chr5	93098040	93098541	501
cCREs364056	chr5	98577533	98578129	596
cCREs364074	chr5	98679065	98679594	529
cCREs364132	chr5	98958638	98959139	501
cCREs365172	chr5	103360590	103361337	747
cCREs365198	chr5	103469191	103469880	689
cCREs365200	chr5	103473355	103473943	588
cCREs365233	chr5	103576403	103577276	873
cCREs365420	chr5	104394737	104395310	573
cCREs366151	chr5	108502302	108502878	576
cCREs366327	chr5	110600770	110601306	536
cCREs366352	chr5	110698678	110699200	522
cCREs366528	chr5	111395798	111396528	730
cCREs366584	chr5	111570617	111571376	759
cCREs366671	chr5	111881222	111881950	728
cCREs366693	chr5	111993203	111993733	530
cCREs367238	chr5	113804100	113804601	501
cCREs367355	chr5	114363784	114364285	501
cCREs367422	chr5	114587865	114588371	506
cCREs368260	chr5	118087019	118087520	501
cCREs369375	chr5	122996678	122997179	501
cCREs369573	chr5	123905391	123905892	501
cCREs369755	chr5	124506728	124507259	531
cCREs371106	chr5	130169084	130169585	501
cCREs371796	chr5	132895248	132895781	533
cCREs371899	chr5	133589016	133589599	583
cCREs372178	chr5	134858261	134858762	501
cCREs372594	chr5	136874203	136874760	557
cCREs372885	chr5	138870763	138871294	531
cCREs373050	chr5	139399878	139400379	501
cCREs373300	chr5	140383572	140384073	501
cCREs373541	chr5	141436530	141437470	940
cCREs373681	chr5	142128019	142128520	501
cCREs374139	chr5	144182517	144183050	533
cCREs375034	chr5	148978374	148978977	603
cCREs375140	chr5	149398665	149399314	649
cCREs375202	chr5	149606911	149607439	528
cCREs375809	chr6	4119739	4120253	514
cCREs375861	chr6	4415169	4415712	543
cCREs377237	chr6	12020083	12020592	509
cCREs378218	chr6	17595721	17596296	575
cCREs378994	chr6	22041965	22042466	501
cCREs379015	chr6	22118213	22118774	561
cCREs379020	chr6	22142996	22143520	524
cCREs379829	chr6	26499397	26499942	545
cCREs380575	chr6	29743967	29744534	567
cCREs380645	chr6	29986486	29987144	658
cCREs381857	chr6	34603654	34604155	501
cCREs381929	chr6	34876205	34876706	501
cCREs382018	chr6	35290437	35290938	501
cCREs382025	chr6	35303167	35303759	592
cCREs382028	chr6	35309398	35309899	501
cCREs382069	chr6	35493739	35494249	510
cCREs382320	chr6	36728657	36729158	501
cCREs383022	chr6	39341803	39342491	688
cCREs383810	chr6	43263953	43264473	520
cCREs383814	chr6	43276705	43277206	501
cCREs383815	chr6	43277310	43277924	614
cCREs383869	chr6	43493253	43493754	501
cCREs384647	chr6	47940885	47941386	501
cCREs388253	chr6	66261872	66262378	506
cCREs389233	chr6	72723896	72724913	1017
cCREs391190	chr6	83521731	83522262	531
cCREs391402	chr6	84584695	84585196	501
cCREs391504	chr6	85052373	85052960	587
cCREs391510	chr6	85080387	85080888	501
cCREs391894	chr6	86785113	86785809	696
cCREs391940	chr6	86918439	86918961	522
cCREs392012	chr6	87160213	87160914	701
cCREs392167	chr6	87796269	87796959	690
cCREs392290	chr6	88340595	88341345	750
cCREs392722	chr6	90336943	90337476	533
cCREs392772	chr6	90503353	90503854	501
cCREs392846	chr6	90731150	90731744	594
cCREs393103	chr6	91549516	91550341	825
cCREs393127	chr6	91634687	91635235	548
cCREs393221	chr6	91903738	91904263	525
cCREs393591	chr6	93270781	93271282	501
cCREs394038	chr6	94944158	94944659	501
cCREs394040	chr6	94951700	94952425	725
cCREs394521	chr6	97288143	97288737	594
cCREs394865	chr6	98509328	98509829	501
cCREs394899	chr6	98664644	98665356	712
cCREs394921	chr6	98785256	98785812	556
cCREs395037	chr6	99162473	99163373	900
cCREs395142	chr6	99456871	99457372	501
cCREs396842	chr6	106705539	106706063	524
cCREs397169	chr6	108216043	108216586	543
cCREs398153	chr6	112744002	112744503	501
cCREs398248	chr6	113018074	113018775	701
cCREs398335	chr6	113458518	113459081	563
cCREs398939	chr6	115560161	115560662	501
cCREs399317	chr6	117126296	117126797	501
cCREs399701	chr6	118777220	118777924	704
cCREs399912	chr6	119431925	119432438	513
cCREs399937	chr6	119528134	119528635	501
cCREs400083	chr6	120194899	120195433	534
cCREs400111	chr6	120376343	120376944	601
cCREs400126	chr6	120475242	120475743	501
cCREs400292	chr6	121111581	121112082	501
cCREs400309	chr6	121169453	121170001	548
cCREs400341	chr6	121302267	121302768	501
cCREs400694	chr6	124442893	124443862	969
cCREs400850	chr6	125172485	125172986	501
cCREs400912	chr6	125379686	125380187	501
cCREs400913	chr6	125380277	125380778	501
cCREs402186	chr6	134504732	134505402	670
cCREs402327	chr6	135032948	135033462	514
cCREs403043	chr6	137453291	137453792	501
cCREs405436	chr6	147268320	147268827	507
cCREs405442	chr6	147292077	147292578	501
cCREs406002	chr7	3667050	3667563	513
cCREs406375	chr7	13289946	13291121	1175
cCREs406436	chr7	16101813	16102314	501
cCREs406660	chr7	17015472	17016039	567
cCREs406866	chr7	19552372	19552873	501
cCREs406914	chr7	19771053	19771607	554
cCREs407022	chr7	24499912	24500583	671
cCREs407072	chr7	24898920	24899421	501
cCREs407188	chr7	25428259	25428815	556
cCREs407265	chr7	26387592	26388103	511
cCREs407992	chr7	34117978	34118562	584
cCREs408217	chr7	35120229	35120752	523
cCREs408328	chr7	35715915	35716482	567
cCREs408369	chr7	35857627	35858160	533
cCREs408450	chr7	36442790	36443448	658
cCREs408596	chr7	37323277	37323778	501
cCREs409340	chr7	44998527	44999029	502
cCREs409391	chr7	45191596	45192385	789
cCREs409429	chr7	45365945	45366446	501
cCREs409437	chr7	45406065	45406566	501
cCREs409438	chr7	45413415	45414420	1005
cCREs409504	chr7	45712278	45712779	501
cCREs410501	chr7	51753072	51753657	585
cCREs410941	chr7	55274959	55275460	501
cCREs411604	chr7	58841018	58841519	501
cCREs411628	chr7	59052246	59052747	501
cCREs412344	chr7	65404215	65404727	512
cCREs412466	chr7	65944332	65944833	501
cCREs412596	chr7	66401714	66402228	514
cCREs412597	chr7	66404168	66404888	720
cCREs412706	chr7	66960189	66961075	886
cCREs412739	chr7	67098127	67098710	583
cCREs412993	chr7	68083261	68083762	501
cCREs413350	chr7	70287758	70288768	1010
cCREs413358	chr7	70325348	70326592	1244
cCREs414018	chr7	73657272	73657822	550
cCREs414513	chr7	75536600	75537447	847
cCREs415052	chr7	78477493	78478023	530
cCREs415093	chr7	78566528	78567029	501
cCREs415421	chr7	79803843	79804882	1039
cCREs415428	chr7	79842190	79842691	501
cCREs415437	chr7	79871741	79872253	512
cCREs415778	chr7	81356849	81357375	526
cCREs416355	chr7	84131622	84132123	501
cCREs416911	chr7	89355440	89355967	527
cCREs417032	chr7	89800651	89801152	501
cCREs417044	chr7	89866387	89867036	649
cCREs417137	chr7	90320090	90320591	501
cCREs418870	chr7	98894681	98895500	819
cCREs419198	chr7	100077613	100078114	501
cCREs419341	chr7	100688455	100688962	507
cCREs419761	chr7	102392236	102392888	652
cCREs419996	chr7	105607758	105608259	501
cCREs420099	chr7	107377024	107377525	501
cCREs420161	chr7	107675231	107675953	722
cCREs420352	chr7	109510848	109511484	636
cCREs420440	chr7	109877108	109877609	501
cCREs420633	chr7	110807135	110808229	1094
cCREs420704	chr7	111136425	111136973	548
cCREs421044	chr7	112276728	112277329	601
cCREs421157	chr7	112695432	112696325	893
cCREs421922	chr7	116263369	116263870	501
cCREs421999	chr7	116660931	116661432	501
cCREs422000	chr7	116676081	116676582	501
cCREs422558	chr7	118849853	118850354	501
cCREs422589	chr7	118944814	118945315	501
cCREs422882	chr7	120688230	120688731	501
cCREs423754	chr7	124399125	124399626	501
cCREs424049	chr7	125848760	125849272	512
cCREs424065	chr7	125920472	125921042	570
cCREs424192	chr7	126435593	126436111	518
cCREs424226	chr7	126652285	126652786	501
cCREs424228	chr7	126657264	126657795	531
cCREs424327	chr7	127121819	127122351	532
cCREs424400	chr7	127648785	127649632	847
cCREs424458	chr7	127932558	127933059	501
cCREs424876	chr7	130182571	130183107	536
cCREs424895	chr7	130228606	130229481	875
cCREs425073	chr7	130940643	130941170	527
cCREs425085	chr7	130972715	130973227	512
cCREs425794	chr7	134021383	134021884	501
cCREs425848	chr7	134222773	134223274	501
cCREs425859	chr7	134272435	134273242	807
cCREs427170	chr7	140376349	140376910	561
cCREs427176	chr7	140462639	140463442	803
cCREs427575	chr7	142645031	142645532	501
cCREs427648	chr7	143106916	143107547	631
cCREs427687	chr7	143332965	143333466	501
cCREs428177	chr8	3277997	3278498	501
cCREs428189	chr8	3353995	3354496	501
cCREs428707	chr8	7919296	7920233	937
cCREs428796	chr8	8323968	8324665	697
cCREs429445	chr8	10653324	10653845	521
cCREs430114	chr8	13019145	13019971	826
cCREs430613	chr8	14881434	14881966	532
cCREs431229	chr8	17564536	17565318	782
cCREs431560	chr8	22004686	22005457	771
cCREs431636	chr8	22500683	22501184	501
cCREs432172	chr8	24624588	24625570	982
cCREs432467	chr8	25962171	25963080	909
cCREs432750	chr8	27093830	27094331	501
cCREs434042	chr8	33809525	33810026	501
cCREs434079	chr8	33992911	33993436	525
cCREs434443	chr8	35306118	35306668	550
cCREs434474	chr8	35417219	35417743	524
cCREs435695	chr8	41276720	41277471	751
cCREs436060	chr8	43495672	43496210	538
cCREs436342	chr8	45285573	45286340	767
cCREs436629	chr8	46324253	46324853	600
cCREs436785	chr8	46882655	46883156	501
cCREs437047	chr8	47950624	47951125	501
cCREs437853	chr8	53020826	53021360	534
cCREs437884	chr8	53222118	53222648	530
cCREs439221	chr8	61268146	61268867	721
cCREs439230	chr8	61286931	61287432	501
cCREs439580	chr8	63377116	63377639	523
cCREs439780	chr8	64600255	64601174	919
cCREs440916	chr8	69939508	69940009	501
cCREs441110	chr8	70680009	70680555	546
cCREs441639	chr8	73309074	73309575	501
cCREs441645	chr8	73320382	73320883	501
cCREs441871	chr8	75018247	75018900	653
cCREs442257	chr8	77227614	77228360	746
cCREs442352	chr8	77478778	77479327	549
cCREs442893	chr8	79982087	79982588	501
cCREs443088	chr8	80959281	80960194	913
cCREs443634	chr8	83585047	83585861	814
cCREs444033	chr8	85337409	85338125	716
cCREs444485	chr8	87367962	87368463	501
cCREs444723	chr8	88423217	88423771	554
cCREs444725	chr8	88428434	88429014	580
cCREs445010	chr8	89745143	89745644	501
cCREs445362	chr8	91375457	91376112	655
cCREs447420	chr8	102099043	102099593	550
cCREs448423	chr8	106467028	106467529	501
cCREs448424	chr8	106469548	106470049	501
cCREs448456	chr8	106630894	106631587	693
cCREs448571	chr8	107100574	107101108	534
cCREs448572	chr8	107101273	107102111	838
cCREs448606	chr8	107202365	107202866	501
cCREs449357	chr8	110757817	110758362	545
cCREs450115	chr8	113878574	113879075	501
cCREs450290	chr8	114599144	114599977	833
cCREs450329	chr8	114767647	114768163	516
cCREs450406	chr8	115138576	115139077	501
cCREs450979	chr8	117718099	117718600	501
cCREs450982	chr8	117727493	117727994	501
cCREs451504	chr8	119530734	119531507	773
cCREs451506	chr8	119532907	119533436	529
cCREs452034	chr8	121425364	121425898	534
cCREs452056	chr8	121491538	121492419	881
cCREs452374	chr8	122658689	122659190	501
cCREs452705	chr8	124088017	124088546	529
cCREs453176	chr8	125681481	125681989	508
cCREs453344	chr8	126283921	126284422	501
cCREs454422	chr9	7254084	7254591	507
cCREs454432	chr9	7338340	7338883	543
cCREs455094	chr9	11622737	11623326	589
cCREs455850	chr9	15850715	15851256	541
cCREs456544	chr9	21840741	21841242	501
cCREs456552	chr9	21860119	21860620	501
cCREs456695	chr9	22601524	22602031	507
cCREs457189	chr9	24937690	24938199	509
cCREs458031	chr9	28340499	28341040	541
cCREs458758	chr9	30851279	30851780	501
cCREs458768	chr9	30916155	30916656	501
cCREs459154	chr9	32544065	32544613	548
cCREs459211	chr9	32770221	32770790	569
cCREs459428	chr9	34178811	34179500	689
cCREs459754	chr9	35139176	35139693	517
cCREs459938	chr9	36892275	36892776	501
cCREs460036	chr9	37115818	37116330	512
cCREs460448	chr9	40422600	40423170	570
cCREs460450	chr9	40426216	40426791	575
cCREs460496	chr9	40569274	40569775	501
cCREs460974	chr9	42272367	42273244	877
cCREs461337	chr9	43486652	43487153	501
cCREs461703	chr9	44970401	44970902	501
cCREs461715	chr9	45039969	45040580	611
cCREs462321	chr9	47412393	47413169	776
cCREs463142	chr9	50431985	50432489	504
cCREs463169	chr9	50535821	50536443	622
cCREs463213	chr9	50726175	50726676	501
cCREs463395	chr9	51412816	51413399	583
cCREs463471	chr9	51802097	51802647	550
cCREs463556	chr9	52153245	52153869	624
cCREs463817	chr9	53325640	53326150	510
cCREs463824	chr9	53356433	53357178	745
cCREs464812	chr9	58118496	58119078	582
cCREs464817	chr9	58130853	58131354	501
cCREs464874	chr9	58305631	58306222	591
cCREs465244	chr9	60098430	60099072	642
cCREs465249	chr9	60110680	60111270	590
cCREs465698	chr9	61894888	61895518	630
cCREs466148	chr9	63691895	63692413	518
cCREs466190	chr9	63785436	63785939	503
cCREs466250	chr9	64018411	64018953	542
cCREs466370	chr9	64625581	64626198	617
cCREs466408	chr9	64777356	64777995	639
cCREs466414	chr9	64791644	64792145	501
cCREs466440	chr9	64933858	64934359	501
cCREs466590	chr9	65629352	65629853	501
cCREs466765	chr9	66595659	66596185	526
cCREs466790	chr9	66697586	66698383	797
cCREs466920	chr9	67208251	67208910	659
cCREs467155	chr9	68236409	68236941	532
cCREs467158	chr9	68251604	68252125	521
cCREs467468	chr9	69544118	69544673	555
cCREs467470	chr9	69549557	69550100	543
cCREs467829	chr9	71315208	71315712	504
cCREs467905	chr9	71638970	71639477	507
cCREs467945	chr9	71801991	71802492	501
cCREs468778	chr9	75561192	75561715	523
cCREs468847	chr9	75870215	75870790	575
cCREs469310	chr9	78062357	78062858	501
cCREs469311	chr9	78063979	78064480	501
cCREs469557	chr9	79517427	79517946	519
cCREs470285	chr9	83437267	83438004	737
cCREs470299	chr9	83498403	83498997	594
cCREs471664	chr9	90537577	90538144	567
cCREs471697	chr9	90824882	90825816	934
cCREs471868	chr9	92011616	92012496	880
cCREs472178	chr9	93633856	93634707	851
cCREs472814	chr9	96330569	96331252	683
cCREs472836	chr9	96423933	96424434	501
cCREs472857	chr9	96472343	96472891	548
cCREs472859	chr9	96480179	96480852	673
cCREs473421	chr9	98549449	98550034	585
cCREs473526	chr9	99097621	99098148	527
cCREs473535	chr9	99131865	99132657	792
cCREs473979	chr9	101528122	101528751	629
cCREs474426	chr9	103345194	103345695	501
cCREs474438	chr9	103404926	103405482	556
cCREs474441	chr9	103413396	103413950	554
cCREs475506	chr9	107606521	107607030	509
cCREs475954	chr9	110108460	110109021	561
cCREs477051	chr9	114891285	114891786	501
cCREs477425	chr9	116169766	116170302	536
cCREs478060	chr9	118862157	118863229	1072
cCREs478249	chr9	119565942	119566752	810
cCREs478528	chr9	120657725	120658272	547
cCREs478685	chr9	121185752	121186253	501
cCREs478844	chr9	121757909	121758457	548
cCREs478942	chr9	122095596	122096152	556
cCREs479218	chr9	123160974	123161475	501
cCREs479344	chr9	123632896	123633397	501
cCREs480158	chrX	12153425	12153926	501
cCREs481260	chrX	36567378	36568061	683
cCREs482254	chrX	48365778	48366287	509
cCREs482552	chrX	51499610	51500154	544
cCREs483284	chrX	60283019	60283543	524
cCREs484292	chrX	73575527	73576159	632
cCREs486491	chrX	102284860	102285629	769
cCREs486503	chrX	102351469	102351970	501
cCREs486630	chrX	103733604	103734179	575
cCREs487263	chrX	114354518	114355061	543
cCREs487271	chrX	114463996	114464577	581
cCREs487504	chrX	121333885	121334741	856
cCREs489530	chrX	150598039	150598573	534
cCREs489916	chrX	156941339	156941840	501
cCREs490712	chrX	162544035	162544594	559
cCREs490718	chrX	162560265	162561006	741
cCREs933	chr1	9806777	9807651	874
cCREs1914	chr1	14609019	14609520	501
cCREs1952	chr1	14791162	14791663	501
cCREs2704	chr1	19216479	19216980	501
cCREs2966	chr1	20989619	20990120	501
cCREs7691	chr1	43146435	43146936	501
cCREs7734	chr1	43260399	43260900	501
cCREs8050	chr1	44750724	44751225	501
cCREs8110	chr1	45316656	45317157	501
cCREs8158	chr1	45675708	45676276	568
cCREs10356	chr1	57439109	57439610	501
cCREs10413	chr1	57698844	57699345	501
cCREs10807	chr1	59457861	59458362	501
cCREs11377	chr1	62171441	62171942	501
cCREs13395	chr1	71473824	71474325	501
cCREs13995	chr1	73752045	73752546	501
cCREs14094	chr1	74052140	74052641	501
cCREs14223	chr1	74474802	74475314	512
cCREs14225	chr1	74479553	74480230	677
cCREs14984	chr1	78102577	78103318	741
cCREs16050	chr1	82834483	82834998	515
cCREs16344	chr1	84077327	84077828	501
cCREs16386	chr1	84199866	84200367	501
cCREs17734	chr1	90234420	90234921	501
cCREs18293	chr1	92147578	92148079	501
cCREs18306	chr1	92183366	92183877	511
cCREs20655	chr1	106694180	106694737	557
cCREs22298	chr1	119808611	119809112	501
cCREs23503	chr1	126051382	126051970	588
cCREs24578	chr1	130522224	130522738	514
cCREs24926	chr1	131946415	131947153	738
cCREs25277	chr1	133076859	133077360	501
cCREs25302	chr1	133174988	133175618	630
cCREs25359	chr1	133347487	133348196	709
cCREs25512	chr1	134020750	134021251	501
cCREs28464	chr1	150505839	150506340	501
cCREs28488	chr1	150639452	150639961	509
cCREs28639	chr1	151264740	151265241	501
cCREs29434	chr1	154042555	154043426	871
cCREs29457	chr1	154123186	154123687	501
cCREs30659	chr1	158724120	158724621	501
cCREs31817	chr1	163670727	163671228	501
cCREs32324	chr1	165643620	165644146	526
cCREs32854	chr1	167873082	167873583	501
cCREs34973	chr1	176818706	176819207	501
cCREs36431	chr1	182905494	182905995	501
cCREs36843	chr1	184808734	184809251	517
cCREs37147	chr1	185957479	185957980	501
cCREs38094	chr1	190001298	190001799	501
cCREs38230	chr1	190723049	190723550	501
cCREs39480	chr10	3295397	3295981	584
cCREs39776	chr10	4479916	4480432	516
cCREs39783	chr10	4533862	4534363	501
cCREs39784	chr10	4537758	4538259	501
cCREs40574	chr10	8430831	8431332	501
cCREs41823	chr10	13306343	13307042	699
cCREs42181	chr10	14509550	14510239	689
cCREs43040	chr10	18973792	18974931	1139
cCREs43128	chr10	19504590	19505091	501
cCREs44216	chr10	24398233	24398734	501
cCREs44290	chr10	24646162	24646859	697
cCREs46163	chr10	34236462	34236963	501
cCREs47255	chr10	40630950	40631451	501
cCREs48316	chr10	44970336	44970837	501
cCREs50873	chr10	60155921	60156422	501
cCREs51102	chr10	61152903	61153855	952
cCREs51272	chr10	61855299	61855800	501
cCREs52464	chr10	67757718	67758219	501
cCREs52469	chr10	67777077	67777578	501
cCREs54460	chr10	75932976	75933477	501
cCREs54514	chr10	76261385	76261942	557
cCREs54606	chr10	76643918	76644438	520
cCREs54726	chr10	77119208	77120047	839
cCREs55190	chr10	79776954	79777455	501
cCREs55234	chr10	79928364	79928865	501
cCREs55378	chr10	80466718	80467219	501
cCREs55557	chr10	81153574	81154075	501
cCREs57287	chr10	89531912	89532413	501
cCREs58217	chr10	93306370	93306871	501
cCREs58487	chr10	94406630	94407131	501
cCREs59117	chr10	96557297	96557798	501
cCREs59312	chr10	97397846	97398388	542
cCREs59316	chr10	97409801	97410345	544
cCREs59535	chr10	98536543	98537044	501
cCREs61424	chr10	107946361	107946862	501
cCREs62446	chr10	111580649	111581150	501
cCREs62559	chr10	111941788	111942289	501
cCREs62767	chr10	113057759	113058260	501
cCREs63847	chr10	117888421	117888922	501
cCREs66221	chr10	128460215	128460716	501
cCREs66515	chr11	3519188	3519689	501
cCREs67144	chr11	6188792	6189293	501
cCREs67533	chr11	8061724	8062363	639
cCREs68816	chr11	15867956	15868485	529
cCREs69604	chr11	20158817	20159341	524
cCREs69776	chr11	20984973	20985474	501
cCREs69973	chr11	22061592	22062093	501
cCREs70326	chr11	23730079	23730605	526
cCREs71128	chr11	27966398	27966899	501
cCREs71727	chr11	31366403	31366904	501
cCREs72198	chr11	32952054	32952555	501
cCREs72299	chr11	33561243	33561744	501
cCREs72307	chr11	33607886	33608387	501
cCREs75021	chr11	45311806	45312317	511
cCREs76400	chr11	51509324	51509825	501
cCREs76556	chr11	52251752	52252264	512
cCREs76802	chr11	53206035	53206536	501
cCREs76812	chr11	53279783	53280287	504
cCREs76820	chr11	53314714	53315215	501
cCREs76930	chr11	53803093	53803594	501
cCREs76937	chr11	53824201	53824702	501
cCREs77467	chr11	56383725	56384226	501
cCREs77511	chr11	56614055	56614605	550
cCREs78609	chr11	61377866	61378647	781
cCREs78654	chr11	61540424	61541123	699
cCREs78806	chr11	62250907	62251530	623
cCREs78959	chr11	63090112	63090654	542
cCREs79095	chr11	63718153	63718654	501
cCREs79979	chr11	67523859	67524360	501
cCREs80622	chr11	70099916	70100417	501
cCREs80663	chr11	70288652	70289153	501
cCREs81716	chr11	75934102	75934603	501
cCREs82034	chr11	77369808	77370373	565
cCREs82436	chr11	79166944	79167445	501
cCREs83420	chr11	83367912	83368413	501
cCREs84333	chr11	88193680	88194181	501
cCREs85706	chr11	94566392	94566893	501
cCREs85811	chr11	95079139	95079640	501
cCREs85814	chr11	95089322	95089823	501
cCREs85817	chr11	95101142	95101643	501
cCREs85820	chr11	95105160	95105661	501
cCREs86669	chr11	99102618	99103119	501
cCREs86954	chr11	100686653	100687547	894
cCREs87198	chr11	101729237	101729738	501
cCREs87397	chr11	102615460	102616206	746
cCREs87401	chr11	102629391	102629946	555
cCREs87405	chr11	102643747	102644248	501
cCREs87515	chr11	103073082	103073583	501
cCREs87580	chr11	103335540	103336041	501
cCREs88350	chr11	107016880	107017381	501
cCREs88882	chr11	108881617	108882313	696
cCREs88922	chr11	109020642	109021143	501
cCREs89170	chr11	109884774	109885275	501
cCREs89227	chr11	110178107	110178833	726
cCREs90799	chr11	116816750	116817269	519
cCREs91131	chr11	117885996	117886497	501
cCREs91304	chr11	118463002	118463503	501
cCREs91484	chr11	119001687	119002188	501
cCREs92129	chr11	121651878	121652379	501
cCREs92298	chr12	3764078	3764805	727
cCREs92715	chr12	5282570	5283071	501
cCREs93389	chr12	8494616	8495117	501
cCREs93714	chr12	10250999	10251500	501
cCREs93751	chr12	10457954	10458455	501
cCREs95101	chr12	16358740	16359442	702
cCREs95919	chr12	25530441	25530942	501
cCREs97271	chr12	31147132	31147633	501
cCREs98936	chr12	38560926	38561427	501
cCREs100617	chr12	46979408	46979909	501
cCREs100649	chr12	47217283	47217784	501
cCREs101953	chr12	54260415	54260963	548
cCREs102122	chr12	55384212	55384713	501
cCREs102648	chr12	58557121	58557754	633
cCREs104825	chr12	71613172	71613930	758
cCREs104830	chr12	71626839	71627354	515
cCREs105673	chr12	75310743	75311244	501
cCREs106664	chr12	79683344	79683895	551
cCREs107054	chr12	81052098	81052641	543
cCREs107734	chr12	83836252	83836753	501
cCREs108040	chr12	85271721	85272222	501
cCREs108041	chr12	85273442	85273943	501
cCREs109233	chr12	90694092	90694593	501
cCREs109252	chr12	90795716	90796217	501
cCREs109874	chr12	94394099	94394600	501
cCREs110816	chr12	99259818	99260676	858
cCREs111432	chr12	101860512	101861013	501
cCREs112371	chr12	105740515	105741016	501
cCREs112831	chr12	107756951	107757452	501
cCREs113717	chr12	111455295	111455796	501
cCREs113748	chr12	111607260	111607761	501
cCREs113802	chr12	111780135	111781090	955
cCREs114081	chr12	112793823	112794572	749
cCREs114990	chr12	119278044	119278795	751
cCREs115201	chr13	4033512	4034013	501
cCREs115203	chr13	4046021	4046522	501
cCREs116957	chr13	13454203	13454704	501
cCREs117649	chr13	17438869	17439373	504
cCREs118322	chr13	20385202	20385741	539
cCREs118853	chr13	23889672	23890173	501
cCREs119176	chr13	24949351	24949852	501
cCREs119576	chr13	26747629	26748130	501
cCREs120419	chr13	31055249	31055860	611
cCREs120505	chr13	31474252	31474753	501
cCREs120683	chr13	32228875	32229415	540
cCREs120901	chr13	33905118	33905903	785
cCREs120904	chr13	33912146	33912664	518
cCREs120920	chr13	33965820	33966321	501
cCREs120956	chr13	34113079	34113634	555
cCREs122324	chr13	40319998	40320499	501
cCREs122358	chr13	40561774	40562275	501
cCREs122536	chr13	41423432	41424209	777
cCREs122601	chr13	41680601	41681896	1295
cCREs122657	chr13	41874325	41874837	512
cCREs123908	chr13	46191362	46192026	664
cCREs124862	chr13	51276943	51277444	501
cCREs124878	chr13	51326825	51327326	501
cCREs127203	chr13	60318335	60319400	1065
cCREs127205	chr13	60327118	60327619	501
cCREs127672	chr13	64000236	64000737	501
cCREs129063	chr13	73833535	73834310	775
cCREs130149	chr13	80928201	80928716	515
cCREs130193	chr13	81110443	81110993	550
cCREs131705	chr13	90745019	90745520	501
cCREs132562	chr13	94089313	94089814	501
cCREs133718	chr13	98423019	98423884	865
cCREs134370	chr13	101160994	101161508	514
cCREs134371	chr13	101163005	101163695	690
cCREs134458	chr13	101504057	101504728	671
cCREs136502	chr13	109776821	109777322	501
cCREs137076	chr13	111957073	111957603	530
cCREs137090	chr13	112010443	112010944	501
cCREs137380	chr13	113227016	113227517	501
cCREs137457	chr13	113527064	113527565	501
cCREs137778	chr13	114760851	114761352	501
cCREs138361	chr13	117807235	117807911	676
cCREs138523	chr13	118592010	118592511	501
cCREs138554	chr13	118775096	118775597	501
cCREs140783	chr14	16861433	16861937	504
cCREs141933	chr14	22809361	22809862	501
cCREs142895	chr14	26605365	26605879	514
cCREs143161	chr14	27799365	27799866	501
cCREs143438	chr14	28831747	28832248	501
cCREs143439	chr14	28832294	28832795	501
cCREs143916	chr14	30557701	30558206	505
cCREs144236	chr14	31984504	31985345	841
cCREs144733	chr14	34085643	34086181	538
cCREs146077	chr14	43990086	43990587	501
cCREs146123	chr14	44824858	44825574	716
cCREs146926	chr14	48396084	48396585	501
cCREs147639	chr14	54190131	54191160	1029
cCREs148390	chr14	57961773	57962705	932
cCREs149051	chr14	60990063	60990564	501
cCREs149469	chr14	62936662	62937163	501
cCREs149961	chr14	64725279	64725780	501
cCREs150075	chr14	65067893	65068394	501
cCREs150079	chr14	65074481	65075155	674
cCREs150151	chr14	65339302	65340231	929
cCREs150249	chr14	65677226	65677727	501
cCREs150671	chr14	67260664	67261165	501
cCREs150672	chr14	67264765	67265266	501
cCREs150686	chr14	67306892	67307393	501
cCREs150705	chr14	67371174	67371675	501
cCREs150981	chr14	68721077	68721578	501
cCREs151916	chr14	73411687	73412188	501
cCREs152744	chr14	76579507	76580083	576
cCREs156541	chr14	99584070	99584956	886
cCREs156573	chr14	99684612	99685465	853
cCREs156603	chr14	99796341	99796912	571
cCREs157989	chr14	106076218	106076719	501
cCREs159013	chr14	114062480	114062981	501
cCREs159563	chr14	117122904	117123405	501
cCREs159932	chr14	118601930	118602431	501
cCREs160482	chr14	120605067	120605568	501
cCREs160750	chr14	121420909	121421410	501
cCREs161066	chr14	122552752	122553497	745
cCREs162120	chr15	6998530	6999212	682
cCREs162260	chr15	7585072	7585573	501
cCREs162267	chr15	7638036	7638548	512
cCREs162798	chr15	10679488	10680150	662
cCREs162807	chr15	10695088	10696102	1014
cCREs163321	chr15	12533633	12534134	501
cCREs164980	chr15	24786294	24786845	551
cCREs170406	chr15	51871094	51872028	934
cCREs172222	chr15	59896047	59896858	811
cCREs172245	chr15	59993081	59993582	501
cCREs173245	chr15	64626196	64626697	501
cCREs176172	chr15	77359379	77359880	501
cCREs176647	chr15	79307891	79308392	501
cCREs177410	chr15	82341094	82341595	501
cCREs177563	chr15	83250542	83251043	501
cCREs179485	chr15	91179344	91179845	501
cCREs179640	chr15	91693034	91693549	515
cCREs179966	chr15	93082663	93083164	501
cCREs181378	chr15	99163391	99164268	877
cCREs182127	chr15	102365442	102365943	501
cCREs182868	chr16	5777748	5778249	501
cCREs183294	chr16	7206081	7206582	501
cCREs184006	chr16	10622287	10622788	501
cCREs185247	chr16	17497509	17498169	660
cCREs185464	chr16	18401702	18402203	501
cCREs185478	chr16	18448034	18448535	501
cCREs186248	chr16	23037858	23038359	501
cCREs186839	chr16	25468637	25469138	501
cCREs187023	chr16	26372585	26373086	501
cCREs188130	chr16	31295553	31296054	501
cCREs188140	chr16	31319225	31319726	501
cCREs189121	chr16	35310650	35311151	501
cCREs190647	chr16	42201876	42202702	826
cCREs190806	chr16	42911822	42912323	501
cCREs192807	chr16	52438464	52438965	501
cCREs193036	chr16	54158315	54158911	596
cCREs193351	chr16	55952684	55953206	522
cCREs194639	chr16	63796670	63797171	501
cCREs194980	chr16	65828119	65828620	501
cCREs196866	chr16	76470981	76471482	501
cCREs197608	chr16	80512447	80513274	827
cCREs198106	chr16	84181122	84181623	501
cCREs198326	chr16	85094955	85095456	501
cCREs198581	chr16	86252550	86253095	545
cCREs198598	chr16	86360958	86361530	572
cCREs198903	chr16	87799986	87800738	752
cCREs199841	chr16	91768531	91769032	501
cCREs200189	chr16	93107224	93107725	501
cCREs200692	chr16	95308937	95309600	663
cCREs202317	chr17	7717920	7718421	501
cCREs203637	chr17	13878978	13879479	501
cCREs203748	chr17	14449976	14450943	967
cCREs203790	chr17	14627297	14627798	501
cCREs204393	chr17	24254506	24255007	501
cCREs204993	chr17	27063542	27064310	768
cCREs205330	chr17	28362566	28363067	501
cCREs205551	chr17	29315030	29315531	501
cCREs205690	chr17	29884591	29885092	501
cCREs206336	chr17	32807553	32808060	507
cCREs206382	chr17	33529602	33530103	501
cCREs206458	chr17	34048109	34048610	501
cCREs206561	chr17	34675230	34676085	855
cCREs207840	chr17	45580835	45581336	501
cCREs207947	chr17	46081596	46082097	501
cCREs208055	chr17	46609600	46610166	566
cCREs209845	chr17	56412992	56413539	547
cCREs209956	chr17	56868173	56868674	501
cCREs210214	chr17	58773328	58774078	750
cCREs211931	chr17	67559978	67560479	501
cCREs211965	chr17	67705003	67705504	501
cCREs212044	chr17	68071459	68071960	501
cCREs212306	chr17	69224911	69225412	501
cCREs212314	chr17	69253366	69253867	501
cCREs212799	chr17	71193403	71193913	510
cCREs212823	chr17	71259680	71260220	540
cCREs212849	chr17	71420191	71420712	521
cCREs212938	chr17	71876912	71877665	753
cCREs212940	chr17	71880999	71881500	501
cCREs212950	chr17	71919169	71919708	539
cCREs213154	chr17	72795310	72796021	711
cCREs213180	chr17	72901149	72902010	861
cCREs214104	chr17	78085978	78086612	634
cCREs215256	chr17	83040885	83041386	501
cCREs215555	chr17	84097847	84098371	524
cCREs215653	chr17	84408478	84409179	701
cCREs216223	chr17	86712007	86712521	514
cCREs216443	chr17	87628728	87629229	501
cCREs216653	chr17	88639811	88640312	501
cCREs217823	chr18	4911603	4912104	501
cCREs218237	chr18	6904967	6905924	957
cCREs218687	chr18	9741780	9742281	501
cCREs219456	chr18	13288320	13289008	688
cCREs219944	chr18	15497936	15498602	666
cCREs223184	chr18	31707733	31708234	501
cCREs225022	chr18	39694120	39694621	501
cCREs227798	chr18	52650084	52650616	532
cCREs227858	chr18	52856081	52857007	926
cCREs228381	chr18	54980919	54981475	556
cCREs228536	chr18	55500938	55501439	501
cCREs229863	chr18	61055246	61055747	501
cCREs229915	chr18	61224126	61224681	555
cCREs230510	chr18	63400495	63401216	721
cCREs232959	chr18	73755345	73755846	501
cCREs233640	chr18	76078868	76079726	858
cCREs234919	chr18	81901892	81902433	541
cCREs236560	chr19	3449173	3449975	802
cCREs237552	chr19	9105072	9105573	501
cCREs239331	chr19	20365967	20366498	531
cCREs239409	chr19	20766209	20766710	501
cCREs240552	chr19	25243489	25244383	894
cCREs241442	chr19	29014585	29015086	501
cCREs241638	chr19	29877847	29878348	501
cCREs241941	chr19	31444073	31444574	501
cCREs241943	chr19	31448343	31449004	661
cCREs242661	chr19	35068112	35068613	501
cCREs242983	chr19	36698022	36698688	666
cCREs243872	chr19	41670762	41671263	501
cCREs244084	chr19	42454352	42454853	501
cCREs244272	chr19	43525880	43526381	501
cCREs244883	chr19	46560706	46561252	546
cCREs246690	chr19	55168267	55168916	649
cCREs246836	chr19	55744077	55744578	501
cCREs246925	chr19	56115480	56116025	545
cCREs247187	chr19	57116877	57117628	751
cCREs247685	chr19	58850670	58851181	511
cCREs247937	chr19	60138787	60139288	501
cCREs248026	chr19	60567904	60568405	501
cCREs248093	chr19	60940823	60941418	595
cCREs248635	chr2	5219056	5219629	573
cCREs248983	chr2	6512828	6513770	942
cCREs249714	chr2	10136756	10137257	501
cCREs249729	chr2	10184282	10184783	501
cCREs250983	chr2	16744373	16745293	920
cCREs251342	chr2	18518319	18518820	501
cCREs251343	chr2	18519680	18520181	501
cCREs251525	chr2	19406413	19406932	519
cCREs252354	chr2	24028581	24029123	542
cCREs252412	chr2	24520343	24520844	501
cCREs252676	chr2	25704149	25704650	501
cCREs253142	chr2	27772780	27773281	501
cCREs253351	chr2	28517113	28517634	521
cCREs253379	chr2	28638809	28639310	501
cCREs253464	chr2	29089272	29089773	501
cCREs253628	chr2	29664630	29665131	501
cCREs253867	chr2	30723180	30723681	501
cCREs254385	chr2	32665899	32666400	501
cCREs254910	chr2	34528504	34529005	501
cCREs255385	chr2	37279004	37279505	501
cCREs255887	chr2	40148527	40149028	501
cCREs257893	chr2	50706543	50707062	519
cCREs258435	chr2	52822580	52823503	923
cCREs258466	chr2	52924051	52924560	509
cCREs260373	chr2	62143916	62144675	759
cCREs261721	chr2	68375273	68375774	501
cCREs262292	chr2	70650659	70651160	501
cCREs262663	chr2	72077143	72077644	501
cCREs264604	chr2	79968223	79968724	501
cCREs266334	chr2	92140384	92141194	810
cCREs266357	chr2	92268068	92268569	501
cCREs266567	chr2	92928963	92929464	501
cCREs266600	chr2	93048905	93049406	501
cCREs266612	chr2	93090943	93091444	501
cCREs266793	chr2	93673214	93673715	501
cCREs266850	chr2	93855310	93855811	501
cCREs267858	chr2	100949633	100950134	501
cCREs268279	chr2	102519889	102520390	501
cCREs270960	chr2	115393971	115394472	501
cCREs271368	chr2	117090701	117091202	501
cCREs271501	chr2	117536557	117537264	707
cCREs272177	chr2	120650557	120651058	501
cCREs273153	chr2	125278518	125279019	501
cCREs273195	chr2	125411760	125412261	501
cCREs273245	chr2	125577628	125578129	501
cCREs274017	chr2	129179955	129180738	783
cCREs275569	chr2	135665423	135665924	501
cCREs275966	chr2	137026640	137027214	574
cCREs276089	chr2	137594440	137594941	501
cCREs277745	chr2	144482068	144482569	501
cCREs277908	chr2	145172308	145172809	501
cCREs278657	chr2	148427494	148427995	501
cCREs279482	chr2	152928067	152928568	501
cCREs279549	chr2	153202811	153203312	501
cCREs279927	chr2	155011418	155012251	833
cCREs280068	chr2	155768606	155769107	501
cCREs280114	chr2	155941902	155942403	501
cCREs280772	chr2	158231008	158231509	501
cCREs280787	chr2	158276390	158276891	501
cCREs281239	chr2	160499506	160500105	599
cCREs281314	chr2	160798113	160798614	501
cCREs281921	chr2	163386676	163387294	618
cCREs281946	chr2	163489753	163490254	501
cCREs282447	chr2	165547417	165547940	523
cCREs282494	chr2	165696317	165696818	501
cCREs282838	chr2	166806849	166807350	501
cCREs282960	chr2	167249530	167250031	501
cCREs283042	chr2	167574846	167575347	501
cCREs283060	chr2	167625447	167625948	501
cCREs283172	chr2	168016711	168017460	749
cCREs284139	chr2	172350777	172351278	501
cCREs284210	chr2	172786304	172786836	532
cCREs284217	chr2	172811071	172811653	582
cCREs284245	chr2	172906128	172906831	703
cCREs284667	chr2	174731885	174732945	1060
cCREs284712	chr2	174884749	174885516	767
cCREs284742	chr2	177320573	177321074	501
cCREs287963	chr3	19906684	19907379	695
cCREs288640	chr3	23908444	23908945	501
cCREs288762	chr3	24705202	24705835	633
cCREs289505	chr3	28093295	28093834	539
cCREs290170	chr3	30999548	31000049	501
cCREs290593	chr3	32689180	32689890	710
cCREs291665	chr3	37701356	37701857	501
cCREs291723	chr3	37933070	37933571	501
cCREs291738	chr3	37971310	37971811	501
cCREs294412	chr3	52881081	52881582	501
cCREs295892	chr3	58695743	58696305	562
cCREs296383	chr3	61215393	61215911	518
cCREs299332	chr3	78794945	78795801	856
cCREs299714	chr3	80020218	80020719	501
cCREs301063	chr3	85467802	85468303	501
cCREs301984	chr3	89419495	89420006	511
cCREs302765	chr3	95374854	95375355	501
cCREs303041	chr3	96756606	96757109	503
cCREs304359	chr3	102534704	102535210	506
cCREs304393	chr3	102678553	102679068	515
cCREs304905	chr3	105061483	105061984	501
cCREs305474	chr3	107566073	107566574	501
cCREs306718	chr3	115260887	115261795	908
cCREs306843	chr3	115788428	115788948	520
cCREs306869	chr3	115931637	115932165	528
cCREs308137	chr3	121566051	121566552	501
cCREs308244	chr3	121902324	121902825	501
cCREs308362	chr3	122344273	122344809	536
cCREs308365	chr3	122352791	122353355	564
cCREs308586	chr3	123123804	123124305	501
cCREs309785	chr3	129112740	129113595	855
cCREs310133	chr3	130428378	130429231	853
cCREs310555	chr3	132313828	132314329	501
cCREs311353	chr3	136440093	136440594	501
cCREs313034	chr3	143509921	143510540	619
cCREs313082	chr3	143638805	143639306	501
cCREs313134	chr3	143812734	143813675	941
cCREs313361	chr3	144541088	144541589	501
cCREs313747	chr3	146150588	146151434	846
cCREs313750	chr3	146157940	146158441	501
cCREs314608	chr3	149810828	149811674	846
cCREs315337	chr3	153198233	153199000	767
cCREs318316	chr4	10613130	10613631	501
cCREs318970	chr4	13800950	13801451	501
cCREs319282	chr4	15275028	15275529	501
cCREs319775	chr4	18692701	18693524	823
cCREs321297	chr4	28564346	28564847	501
cCREs321759	chr4	31768068	31768569	501
cCREs322541	chr4	35037468	35038408	940
cCREs323017	chr4	38211741	38212569	828
cCREs323214	chr4	39979706	39980207	501
cCREs323551	chr4	41345901	41346402	501
cCREs325939	chr4	53318081	53318582	501
cCREs326714	chr4	56664625	56665353	728
cCREs326761	chr4	56842992	56843493	501
cCREs327060	chr4	57764943	57765444	501
cCREs327228	chr4	58490288	58490823	535
cCREs327253	chr4	58585215	58585716	501
cCREs327270	chr4	58677586	58678102	516
cCREs327492	chr4	59696743	59697291	548
cCREs330064	chr4	75851471	75852048	577
cCREs330102	chr4	76005090	76005591	501
cCREs331197	chr4	82527401	82528194	793
cCREs331600	chr4	84234389	84234919	530
cCREs332488	chr4	88083901	88085266	1365
cCREs333590	chr4	95234094	95234624	530
cCREs334094	chr4	97911696	97912197	501
cCREs334143	chr4	98079135	98079636	501
cCREs334664	chr4	100366037	100366543	506
cCREs335961	chr4	105223959	105224477	518
cCREs336047	chr4	105643028	105643529	501
cCREs336095	chr4	105918794	105919295	501
cCREs336207	chr4	106379266	106379981	715
cCREs337269	chr4	111459541	111460337	796
cCREs337407	chr4	114389704	114390205	501
cCREs337526	chr4	114844418	114844919	501
cCREs338167	chr4	118554027	118554528	501
cCREs338171	chr4	118565510	118566011	501
cCREs338876	chr4	123250177	123250678	501
cCREs340198	chr4	128803449	128803950	501
cCREs340432	chr4	129835679	129836191	512
cCREs341062	chr4	132500245	132500746	501
cCREs341531	chr4	134612145	134612727	582
cCREs342098	chr4	137168864	137169365	501
cCREs342260	chr4	137769544	137770237	693
cCREs342596	chr4	138939484	138940015	531
cCREs342688	chr4	139261620	139262121	501
cCREs343840	chr4	145272624	145273327	703
cCREs344428	chr4	150003276	150003777	501
cCREs344457	chr4	150132807	150133308	501
cCREs345041	chr4	152263156	152263657	501
cCREs346159	chr5	4223192	4223693	501
cCREs346236	chr5	4633774	4634275	501
cCREs347387	chr5	12378901	12380112	1211
cCREs348890	chr5	20769405	20769906	501
cCREs349708	chr5	24363542	24364043	501
cCREs351256	chr5	32155072	32155573	501
cCREs351662	chr5	34385812	34386313	501
cCREs351878	chr5	35235956	35236457	501
cCREs351879	chr5	35237736	35238237	501
cCREs351965	chr5	35624613	35625165	552
cCREs351987	chr5	35691172	35691920	748
cCREs352110	chr5	35981108	35981832	724
cCREs352321	chr5	36604622	36605123	501
cCREs352682	chr5	37993272	37993808	536
cCREs352901	chr5	38696881	38697382	501
cCREs353835	chr5	43334317	43334956	639
cCREs354288	chr5	44945020	44945521	501
cCREs355518	chr5	51396360	51397288	928
cCREs356901	chr5	58170951	58171495	544
cCREs358418	chr5	66712473	66713284	811
cCREs360200	chr5	74896946	74897531	585
cCREs360209	chr5	74929692	74930193	501
cCREs360452	chr5	75826252	75826753	501
cCREs361530	chr5	81909102	81909852	750
cCREs362286	chr5	87572735	87573236	501
cCREs363133	chr5	91792655	91793156	501
cCREs363146	chr5	91830691	91831192	501
cCREs363148	chr5	91838363	91838864	501
cCREs363356	chr5	92708602	92709103	501
cCREs363466	chr5	93097177	93097678	501
cCREs363936	chr5	97834691	97835192	501
cCREs365080	chr5	103002056	103002615	559
cCREs365186	chr5	103423504	103424005	501
cCREs365214	chr5	103523309	103523810	501
cCREs365216	chr5	103527892	103528393	501
cCREs365435	chr5	104434131	104434632	501
cCREs365593	chr5	105684067	105684568	501
cCREs365600	chr5	105698583	105699116	533
cCREs365894	chr5	107122590	107123091	501
cCREs365901	chr5	107139799	107140300	501
cCREs365943	chr5	107283967	107284468	501
cCREs366378	chr5	110854950	110855451	501
cCREs366995	chr5	113032147	113032648	501
cCREs368219	chr5	117967363	117967864	501
cCREs368497	chr5	119031537	119032038	501
cCREs369725	chr5	124377113	124377614	501
cCREs369893	chr5	125110089	125110590	501
cCREs369930	chr5	125205507	125206008	501
cCREs370965	chr5	129426379	129427196	817
cCREs372130	chr5	134576771	134577292	521
cCREs372157	chr5	134701597	134702098	501
cCREs372171	chr5	134772392	134773025	633
cCREs372182	chr5	134872596	134873097	501
cCREs372188	chr5	134895239	134895740	501
cCREs372190	chr5	134897422	134898109	687
cCREs372592	chr5	136867672	136868173	501
cCREs372725	chr5	137613513	137614039	526
cCREs372864	chr5	138779596	138780097	501
cCREs373754	chr5	142430112	142430644	532
cCREs373904	chr5	142969635	142970136	501
cCREs374385	chr5	146223948	146224449	501
cCREs374566	chr5	146908602	146909375	773
cCREs375025	chr5	148953034	148953535	501
cCREs375498	chr5	150713367	150713935	568
cCREs375797	chr6	4029673	4030307	634
cCREs378116	chr6	17209464	17210230	766
cCREs378138	chr6	17293167	17293823	656
cCREs380341	chr6	28879214	28880117	903
cCREs380978	chr6	31320972	31321473	501
cCREs381878	chr6	34666475	34667133	658
cCREs381895	chr6	34721623	34722124	501
cCREs382015	chr6	35273567	35274068	501
cCREs383062	chr6	39466993	39467494	501
cCREs383084	chr6	39536620	39537121	501
cCREs383685	chr6	42484654	42485155	501
cCREs384566	chr6	47366182	47366683	501
cCREs385441	chr6	51449779	51450280	501
cCREs385778	chr6	52968372	52968873	501
cCREs385830	chr6	53154445	53155162	717
cCREs386002	chr6	53905400	53905901	501
cCREs386396	chr6	55174832	55175333	501
cCREs388464	chr6	67430741	67431285	544
cCREs389030	chr6	71964634	71965135	501
cCREs389130	chr6	72348320	72348821	501
cCREs389166	chr6	72490886	72491387	501
cCREs389305	chr6	73013665	73014166	501
cCREs391356	chr6	84353351	84353852	501
cCREs392158	chr6	87746012	87746513	501
cCREs392686	chr6	89859711	89860382	671
cCREs392704	chr6	90156580	90157463	883
cCREs392758	chr6	90465959	90466460	501
cCREs393171	chr6	91743765	91744266	501
cCREs394492	chr6	97145119	97145620	501
cCREs394555	chr6	97402384	97402961	577
cCREs394558	chr6	97409898	97410399	501
cCREs394654	chr6	97757506	97758007	501
cCREs394929	chr6	98838133	98838953	820
cCREs397897	chr6	111759340	111759841	501
cCREs398004	chr6	112212818	112213319	501
cCREs398603	chr6	114298105	114298606	501
cCREs399132	chr6	116319201	116319702	501
cCREs399374	chr6	117333691	117334192	501
cCREs399558	chr6	118162387	118163255	868
cCREs400162	chr6	120648175	120648676	501
cCREs400513	chr6	122513104	122513865	761
cCREs401016	chr6	125832471	125833188	717
cCREs401806	chr6	129107856	129108357	501
cCREs401872	chr6	129447883	129448514	631
cCREs402516	chr6	135716353	135716854	501
cCREs402844	chr6	136881600	136882372	772
cCREs403868	chr6	140764023	140764563	540
cCREs404112	chr6	142036985	142037486	501
cCREs404136	chr6	142267604	142268583	979
cCREs405037	chr6	145757302	145757803	501
cCREs405470	chr6	147403728	147404229	501
cCREs406581	chr7	16763382	16763919	537
cCREs406700	chr7	18860820	18861355	535
cCREs407145	chr7	25197561	25198167	606
cCREs407278	chr7	27105021	27105757	736
cCREs408076	chr7	34546509	34547052	543
cCREs408811	chr7	38208541	38209206	665
cCREs409375	chr7	45147795	45148296	501
cCREs409473	chr7	45593070	45593571	501
cCREs409537	chr7	45858948	45859449	501
cCREs409756	chr7	46928227	46929033	806
cCREs409933	chr7	49108818	49109395	577
cCREs410139	chr7	49686806	49687307	501
cCREs410142	chr7	49700682	49701183	501
cCREs412564	chr7	66294312	66294813	501
cCREs412622	chr7	66501333	66501834	501
cCREs413353	chr7	70304350	70305279	929
cCREs413406	chr7	70584365	70585035	670
cCREs413437	chr7	70810231	70810732	501
cCREs413515	chr7	71287393	71287894	501
cCREs413616	chr7	71842106	71842607	501
cCREs414712	chr7	76486798	76487299	501
cCREs415729	chr7	81105513	81106014	501
cCREs416122	chr7	82947752	82948384	632
cCREs416852	chr7	89099726	89100227	501
cCREs419076	chr7	99551000	99551501	501
cCREs419740	chr7	102297912	102298688	776
cCREs420171	chr7	107704106	107704607	501
cCREs420218	chr7	108797443	108797944	501
cCREs420507	chr7	110269755	110270256	501
cCREs420543	chr7	110402066	110402983	917
cCREs420554	chr7	110484013	110484845	832
cCREs421291	chr7	113173303	113173804	501
cCREs422201	chr7	117494102	117494603	501
cCREs423195	chr7	122038706	122039207	501
cCREs423201	chr7	122076710	122077224	514
cCREs423502	chr7	123220444	123220945	501
cCREs423572	chr7	123523314	123523815	501
cCREs423575	chr7	123529096	123529597	501
cCREs425911	chr7	134500007	134500508	501
cCREs426167	chr7	135608142	135608651	509
cCREs427452	chr7	142002916	142003740	824
cCREs427539	chr7	142454058	142454580	522
cCREs427571	chr7	142626418	142626919	501
cCREs428791	chr8	8300153	8300654	501
cCREs429013	chr8	9139731	9140232	501
cCREs429648	chr8	11369460	11369961	501
cCREs430280	chr8	13696041	13696542	501
cCREs431851	chr8	23421469	23422329	860
cCREs432226	chr8	25025994	25026522	528
cCREs432306	chr8	25258016	25258517	501
cCREs433276	chr8	29913495	29914051	556
cCREs433469	chr8	31054941	31055803	862
cCREs434257	chr8	34664375	34664899	524
cCREs435593	chr8	40891957	40892486	529
cCREs435911	chr8	42362638	42363440	802
cCREs436690	chr8	46558490	46559152	662
cCREs436691	chr8	46559705	46560206	501
cCREs437045	chr8	47944335	47944878	543
cCREs437955	chr8	53665388	53665889	501
cCREs438074	chr8	54399047	54399554	507
cCREs438336	chr8	56233641	56234643	1002
cCREs438519	chr8	57480507	57481008	501
cCREs440333	chr8	67141343	67141844	501
cCREs440918	chr8	69953760	69954261	501
cCREs442408	chr8	77716925	77717463	538
cCREs442948	chr8	80244714	80245395	681
cCREs442984	chr8	80478823	80479324	501
cCREs443472	chr8	82906953	82907679	726
cCREs444138	chr8	85957564	85958103	539
cCREs444530	chr8	87611992	87612493	501
cCREs444732	chr8	88455341	88455842	501
cCREs444883	chr8	89046294	89046795	501
cCREs444965	chr8	89485682	89486183	501
cCREs447710	chr8	103381430	103381931	501
cCREs448447	chr8	106588374	106589585	1211
cCREs448528	chr8	106907369	106907870	501
cCREs448589	chr8	107146084	107146585	501
cCREs448652	chr8	107449074	107449807	733
cCREs449525	chr8	111488468	111488970	502
cCREs449609	chr8	111729720	111730259	539
cCREs451660	chr8	120058974	120059686	712
cCREs451661	chr8	120064157	120064658	501
cCREs452249	chr8	122167349	122167850	501
cCREs452611	chr8	123750117	123750618	501
cCREs452996	chr8	125108715	125109256	541
cCREs453158	chr8	125604702	125605612	910
cCREs454411	chr9	7179040	7179541	501
cCREs454441	chr9	7483891	7484801	910
cCREs454451	chr9	7575439	7576001	562
cCREs454728	chr9	9174131	9174711	580
cCREs456352	chr9	21010289	21010790	501
cCREs456528	chr9	21784406	21785387	981
cCREs456792	chr9	23022245	23022843	598
cCREs458685	chr9	30486539	30487089	550
cCREs458704	chr9	30580329	30580982	653
cCREs459812	chr9	35365937	35366438	501
cCREs459962	chr9	36947028	36947529	501
cCREs460755	chr9	41515065	41515566	501
cCREs460797	chr9	41659990	41660501	511
cCREs460840	chr9	41823063	41823588	525
cCREs460973	chr9	42271343	42272081	738
cCREs461718	chr9	45044351	45044852	501
cCREs461727	chr9	45089780	45090281	501
cCREs461934	chr9	45795717	45796387	670
cCREs461979	chr9	45975565	45976092	527
cCREs462608	chr9	48457301	48457802	501
cCREs462814	chr9	49241063	49242064	1001
cCREs463356	chr9	51244684	51245185	501
cCREs464606	chr9	57230221	57230722	501
cCREs465912	chr9	62613567	62614097	530
cCREs465925	chr9	62658829	62659592	763
cCREs465934	chr9	62694014	62694515	501
cCREs466513	chr9	65247533	65248034	501
cCREs466599	chr9	65672849	65673350	501
cCREs467124	chr9	68019721	68020222	501
cCREs467326	chr9	69004465	69004966	501
cCREs467333	chr9	69044604	69045105	501
cCREs468871	chr9	76016446	76016947	501
cCREs469206	chr9	77690154	77690655	501
cCREs469478	chr9	79022241	79022742	501
cCREs469529	chr9	79310556	79311057	501
cCREs470415	chr9	83862805	83863306	501
cCREs471168	chr9	87464047	87464549	502
cCREs471204	chr9	87761447	87761948	501
cCREs471217	chr9	87856739	87857240	501
cCREs471238	chr9	87971743	87972293	550
cCREs471635	chr9	90303439	90303940	501
cCREs471699	chr9	90830649	90831150	501
cCREs471916	chr9	92272485	92272986	501
cCREs472888	chr9	96581026	96581753	727
cCREs473004	chr9	97004668	97005169	501
cCREs474651	chr9	104131300	104131801	501
cCREs475587	chr9	107955856	107956357	501
cCREs477463	chr9	116314109	116314618	509
cCREs477670	chr9	117188467	117188968	501
cCREs477757	chr9	117591471	117591972	501
cCREs478526	chr9	120654693	120655194	501
cCREs478603	chr9	120926884	120927648	764
cCREs478717	chr9	121336673	121337174	501
cCREs479030	chr9	122376141	122376642	501
cCREs479354	chr9	123680877	123681378	501
cCREs479682	chrX	8181840	8182773	933
cCREs479763	chrX	9481272	9481835	563
cCREs479799	chrX	9850865	9851585	720
cCREs480447	chrX	14547231	14547942	711
cCREs482992	chrX	57277155	57278063	908
cCREs483757	chrX	68507634	68508181	547
cCREs484267	chrX	73460787	73461365	578
cCREs484366	chrX	74183248	74183749	501
cCREs484504	chrX	76182379	76182881	502
cCREs484920	chrX	83782081	83782652	571
cCREs485181	chrX	86763639	86764241	602
cCREs486333	chrX	101241485	101241986	501
cCREs486406	chrX	101845651	101846152	501
cCREs486784	chrX	105346398	105347167	769
cCREs487212	chrX	113175773	113176322	549
cCREs488003	chrX	133959616	133960951	1335
cCREs489693	chrX	152764884	152765385	501
cCREs38	chr1	3269256	3269798	542
cCREs42	chr1	3296385	3296927	542
cCREs204	chr1	4401063	4401953	890
cCREs1417	chr1	12295754	12296266	512
cCREs3137	chr1	21672505	21673006	501
cCREs5099	chr1	33084125	33084666	541
cCREs5228	chr1	33648491	33649010	519
cCREs5263	chr1	33766640	33767141	501
cCREs5595	chr1	34864243	34864777	534
cCREs6355	chr1	37950527	37951447	920
cCREs6807	chr1	39467114	39467786	672
cCREs7127	chr1	40632600	40633101	501
cCREs7138	chr1	40665255	40665756	501
cCREs8010	chr1	44569918	44570443	525
cCREs8160	chr1	45709259	45709763	504
cCREs8736	chr1	50204437	50205109	672
cCREs8797	chr1	50801159	50801682	523
cCREs9804	chr1	54806066	54806943	877
cCREs9893	chr1	55213425	55213926	501
cCREs10350	chr1	57417665	57418522	857
cCREs10505	chr1	58017209	58017772	563
cCREs10813	chr1	59478978	59479486	508
cCREs10835	chr1	59568790	59569329	539
cCREs11559	chr1	62817563	62818076	513
cCREs11825	chr1	63958283	63958799	516
cCREs11977	chr1	64504798	64505685	887
cCREs12527	chr1	66939957	66940458	501
cCREs12640	chr1	67394626	67395179	553
cCREs13527	chr1	72004768	72005332	564
cCREs13544	chr1	72043971	72044779	808
cCREs13851	chr1	73140517	73141089	572
cCREs14073	chr1	73993950	73994479	529
cCREs14077	chr1	74001425	74001927	502
cCREs14098	chr1	74063808	74064309	501
cCREs14240	chr1	74626000	74626525	525
cCREs14257	chr1	74747136	74747637	501
cCREs14476	chr1	75698083	75698629	546
cCREs14564	chr1	76068244	76068745	501
cCREs14604	chr1	76254321	76254917	596
cCREs14844	chr1	77422040	77422541	501
cCREs14879	chr1	77510507	77511008	501
cCREs15816	chr1	81734135	81734785	650
cCREs16033	chr1	82785509	82786010	501
cCREs16845	chr1	86647436	86647937	501
cCREs16923	chr1	87036297	87036820	523
cCREs17257	chr1	88532336	88532837	501
cCREs17362	chr1	88912014	88912519	505
cCREs17376	chr1	88954766	88955267	501
cCREs17397	chr1	89033411	89033922	511
cCREs17806	chr1	90442106	90442623	517
cCREs17821	chr1	90497534	90498035	501
cCREs17824	chr1	90506484	90506985	501
cCREs17901	chr1	90794444	90794961	517
cCREs17908	chr1	90824878	90825379	501
cCREs17914	chr1	90842739	90843240	501
cCREs18017	chr1	91197301	91198238	937
cCREs18066	chr1	91378293	91378813	520
cCREs18468	chr1	92773884	92774529	645
cCREs18581	chr1	93237364	93238067	703
cCREs21349	chr1	113190990	113191551	561
cCREs21377	chr1	113398301	113398802	501
cCREs22052	chr1	118647883	118648543	660
cCREs22064	chr1	118718085	118718602	517
cCREs22068	chr1	118740847	118741776	929
cCREs22074	chr1	118762322	118762823	501
cCREs22232	chr1	119479206	119479730	524
cCREs23342	chr1	125429979	125430480	501
cCREs23862	chr1	127397079	127397855	776
cCREs24147	chr1	128475086	128475897	811
cCREs24302	chr1	129213499	129214064	565
cCREs24325	chr1	129320964	129321692	728
cCREs24568	chr1	130474158	130474704	546
cCREs24729	chr1	131229265	131230099	834
cCREs24749	chr1	131280128	131280629	501
cCREs24927	chr1	131951801	131952334	533
cCREs25280	chr1	133084163	133084685	522
cCREs25492	chr1	133941382	133941883	501
cCREs25494	chr1	133950381	133950882	501
cCREs25532	chr1	134070360	134070872	512
cCREs25825	chr1	135208688	135209189	501
cCREs26051	chr1	135933711	135934338	627
cCREs26068	chr1	136013429	136013930	501
cCREs26110	chr1	136136391	136136892	501
cCREs26642	chr1	138370058	138370602	544
cCREs26644	chr1	138373096	138373601	505
cCREs26648	chr1	138408202	138408714	512
cCREs27619	chr1	144264261	144264786	525
cCREs28442	chr1	150440211	150440716	505
cCREs28445	chr1	150458948	150460014	1066
cCREs28446	chr1	150462912	150463422	510
cCREs28458	chr1	150492165	150492718	553
cCREs28465	chr1	150508701	150509649	948
cCREs28542	chr1	150887548	150888104	556
cCREs28548	chr1	150909478	150909984	506
cCREs28752	chr1	151737143	151737661	518
cCREs29147	chr1	153033417	153033992	575
cCREs29172	chr1	153094121	153094901	780
cCREs29226	chr1	153268336	153268837	501
cCREs29227	chr1	153269666	153270167	501
cCREs29248	chr1	153312151	153312671	520
cCREs29355	chr1	153728524	153729025	501
cCREs29441	chr1	154064489	154065091	602
cCREs30039	chr1	156448399	156448955	556
cCREs31350	chr1	161707032	161707533	501
cCREs31364	chr1	161751070	161751571	501
cCREs31790	chr1	163559264	163560162	898
cCREs31794	chr1	163570549	163571065	516
cCREs32149	chr1	164993163	164993684	521
cCREs32487	chr1	166295371	166296216	845
cCREs32495	chr1	166306427	166306928	501
cCREs32689	chr1	167222550	167223051	501
cCREs33048	chr1	168472547	168473048	501
cCREs33680	chr1	170871330	170871831	501
cCREs35938	chr1	180968546	180969047	501
cCREs35975	chr1	181163395	181163909	514
cCREs36517	chr1	183229140	183229657	517
cCREs36611	chr1	183707369	183707961	592
cCREs36647	chr1	183853040	183853541	501
cCREs36690	chr1	184059624	184060164	540
cCREs37201	chr1	186234565	186235590	1025
cCREs37695	chr1	188502084	188502585	501
cCREs38399	chr1	191407192	191407697	505
cCREs38565	chr1	192086649	192087150	501
cCREs38935	chr1	193301491	193302235	744
cCREs38999	chr1	193452168	193452669	501
cCREs39030	chr1	193543708	193544406	698
cCREs39562	chr10	3631353	3631867	514
cCREs39594	chr10	3762093	3762764	671
cCREs39679	chr10	4085681	4086199	518
cCREs40653	chr10	8786533	8787034	501
cCREs40972	chr10	9816141	9816643	502
cCREs41615	chr10	12565637	12566161	524
cCREs41659	chr10	12704287	12704850	563
cCREs42054	chr10	14074344	14074845	501
cCREs42189	chr10	14543613	14544117	504
cCREs42286	chr10	14979244	14979758	514
cCREs42610	chr10	17305796	17306529	733
cCREs42882	chr10	18447013	18447516	503
cCREs43010	chr10	18870935	18871479	544
cCREs43543	chr10	21090814	21091315	501
cCREs43715	chr10	21744290	21744810	520
cCREs43912	chr10	22875060	22875561	501
cCREs44106	chr10	23886064	23886569	505
cCREs44228	chr10	24446125	24446636	511
cCREs44235	chr10	24465893	24466396	503
cCREs44880	chr10	26985456	26985967	511
cCREs45173	chr10	28409065	28409575	510
cCREs45410	chr10	29585612	29586504	892
cCREs45482	chr10	30121122	30121628	506
cCREs46117	chr10	34094141	34094642	501
cCREs46823	chr10	38968249	38968750	501
cCREs46845	chr10	39030856	39031588	732
cCREs46884	chr10	39224348	39224986	638
cCREs47662	chr10	42215127	42215628	501
cCREs47679	chr10	42247016	42247860	844
cCREs47683	chr10	42253605	42254106	501
cCREs48067	chr10	43684135	43684695	560
cCREs48094	chr10	43785709	43786677	968
cCREs50068	chr10	56387359	56387860	501
cCREs50075	chr10	56432262	56432763	501
cCREs50179	chr10	56967566	56968067	501
cCREs50235	chr10	57343646	57344147	501
cCREs50242	chr10	57414716	57415249	533
cCREs50381	chr10	58450656	58451157	501
cCREs50629	chr10	59402426	59402973	547
cCREs51029	chr10	60832749	60833250	501
cCREs51115	chr10	61235638	61236139	501
cCREs51116	chr10	61240005	61240506	501
cCREs51135	chr10	61315285	61316110	825
cCREs51174	chr10	61464948	61465477	529
cCREs51400	chr10	62337969	62339097	1128
cCREs51417	chr10	62491640	62492141	501
cCREs51419	chr10	62502262	62502763	501
cCREs51420	chr10	62502768	62503269	501
cCREs52598	chr10	68231309	68231810	501
cCREs53155	chr10	70213040	70213940	900
cCREs53353	chr10	70872989	70873701	712
cCREs53398	chr10	71030849	71031452	603
cCREs54259	chr10	75158275	75158818	543
cCREs54384	chr10	75648928	75649464	536
cCREs54484	chr10	76121432	76121939	507
cCREs54621	chr10	76718768	76719269	501
cCREs54842	chr10	77523360	77523884	524
cCREs55113	chr10	78832190	78832720	530
cCREs55376	chr10	80435664	80436165	501
cCREs55473	chr10	80824219	80824720	501
cCREs55496	chr10	80932367	80932868	501
cCREs55640	chr10	81465206	81465873	667
cCREs55690	chr10	81640791	81641292	501
cCREs55921	chr10	83623900	83624401	501
cCREs55933	chr10	83646404	83646905	501
cCREs56075	chr10	84302738	84303239	501
cCREs56603	chr10	86337198	86337699	501
cCREs56609	chr10	86355326	86355952	626
cCREs56635	chr10	86433936	86434702	766
cCREs56760	chr10	86994863	86995680	817
cCREs58808	chr10	95380663	95381406	743
cCREs58885	chr10	95625321	95625822	501
cCREs58905	chr10	95699200	95699706	506
cCREs58955	chr10	95892120	95892621	501
cCREs59328	chr10	97474384	97474897	513
cCREs61396	chr10	107816169	107816703	534
cCREs61522	chr10	108336576	108337119	543
cCREs62520	chr10	111837082	111837583	501
cCREs63338	chr10	115843921	115844441	520
cCREs64500	chr10	120599382	120599892	510
cCREs64521	chr10	120695020	120695521	501
cCREs65601	chr10	125721687	125722196	509
cCREs66046	chr10	127611994	127612495	501
cCREs66116	chr10	127954982	127955507	525
cCREs66195	chr10	128373256	128373773	517
cCREs66226	chr10	128491438	128491939	501
cCREs66340	chr10	129535682	129536209	527
cCREs66470	chr11	3370156	3370657	501
cCREs67022	chr11	5715993	5716516	523
cCREs67051	chr11	5852279	5852799	520
cCREs67449	chr11	7531890	7532422	532
cCREs67610	chr11	8463736	8464237	501
cCREs67788	chr11	9165148	9165679	531
cCREs68074	chr11	11118107	11118608	501
cCREs68915	chr11	16560582	16561143	561
cCREs68959	chr11	16792254	16792764	510
cCREs68974	chr11	16829375	16830080	705
cCREs69190	chr11	17882559	17883312	753
cCREs69511	chr11	19838867	19839408	541
cCREs69554	chr11	19966245	19966806	561
cCREs69613	chr11	20215655	20216156	501
cCREs70506	chr11	24408243	24408955	712
cCREs71289	chr11	28946385	28946886	501
cCREs71590	chr11	30413943	30414444	501
cCREs71673	chr11	30918636	30919225	589
cCREs72241	chr11	33126905	33127524	619
cCREs72488	chr11	34134501	34135006	505
cCREs72498	chr11	34155153	34155654	501
cCREs72505	chr11	34192988	34193550	562
cCREs72510	chr11	34209625	34210263	638
cCREs72735	chr11	35245143	35245661	518
cCREs72766	chr11	35307864	35308395	531
cCREs72802	chr11	35393401	35394238	837
cCREs74974	chr11	45077523	45078024	501
cCREs74979	chr11	45105199	45105974	775
cCREs75000	chr11	45229722	45230233	511
cCREs75193	chr11	46114967	46115548	581
cCREs75215	chr11	46183559	46184060	501
cCREs75226	chr11	46211083	46211584	501
cCREs75502	chr11	47302920	47303425	505
cCREs76434	chr11	51640718	51641219	501
cCREs76535	chr11	52088836	52089733	897
cCREs76549	chr11	52187133	52187637	504
cCREs76960	chr11	53907331	53907877	546
cCREs76974	chr11	54004018	54004732	714
cCREs77061	chr11	54426005	54426755	750
cCREs77237	chr11	55276966	55277467	501
cCREs77241	chr11	55327981	55328818	837
cCREs77248	chr11	55351057	55351589	532
cCREs77256	chr11	55381542	55382043	501
cCREs78206	chr11	59655315	59655823	508
cCREs78490	chr11	60924458	60924975	517
cCREs78570	chr11	61208267	61208912	645
cCREs78608	chr11	61367133	61367642	509
cCREs78685	chr11	61679028	61679529	501
cCREs78745	chr11	61954716	61955402	686
cCREs78927	chr11	62954665	62955564	899
cCREs78928	chr11	62962835	62963591	756
cCREs79840	chr11	67011534	67012035	501
cCREs79976	chr11	67512895	67513414	519
cCREs80293	chr11	68639573	68640074	501
cCREs81091	chr11	72285988	72286500	512
cCREs81238	chr11	72994433	72994934	501
cCREs81445	chr11	74864414	74864915	501
cCREs81477	chr11	75044165	75044666	501
cCREs81563	chr11	75305877	75306398	521
cCREs82573	chr11	79722840	79723357	517
cCREs83242	chr11	82470931	82471579	648
cCREs84236	chr11	87720266	87721383	1117
cCREs84427	chr11	88486038	88486539	501
cCREs84473	chr11	88590746	88591247	501
cCREs84567	chr11	88941482	88942009	527
cCREs84727	chr11	89673148	89673649	501
cCREs85626	chr11	94261629	94262130	501
cCREs85806	chr11	95070085	95070586	501
cCREs85832	chr11	95157884	95158419	535
cCREs86017	chr11	96125598	96126272	674
cCREs86020	chr11	96138477	96138978	501
cCREs86142	chr11	96936234	96936735	501
cCREs86149	chr11	96962005	96962515	510
cCREs86505	chr11	98392546	98393047	501
cCREs86668	chr11	99101666	99102167	501
cCREs86715	chr11	99276765	99277282	517
cCREs86837	chr11	100168025	100168588	563
cCREs86858	chr11	100274647	100275202	555
cCREs86865	chr11	100288810	100289494	684
cCREs86889	chr11	100386530	100387097	567
cCREs87015	chr11	100963574	100964075	501
cCREs87108	chr11	101288763	101289454	691
cCREs87320	chr11	102222454	102223060	606
cCREs87519	chr11	103095113	103095614	501
cCREs87727	chr11	104018047	104018552	505
cCREs87728	chr11	104018577	104019106	529
cCREs88176	chr11	106225220	106225750	530
cCREs88454	chr11	107384220	107384721	501
cCREs88818	chr11	108584656	108585173	517
cCREs89059	chr11	109497990	109498543	553
cCREs89403	chr11	111123783	111124284	501
cCREs89404	chr11	111128714	111129228	514
cCREs89414	chr11	111155059	111155560	501
cCREs89417	chr11	111161767	111162304	537
cCREs89703	chr11	112767370	112768238	868
cCREs89709	chr11	112788120	112788814	694
cCREs89724	chr11	112847351	112847854	503
cCREs89740	chr11	112924415	112924916	501
cCREs90578	chr11	115838686	115839274	588
cCREs90610	chr11	115964759	115965414	655
cCREs90622	chr11	116060575	116061101	526
cCREs90638	chr11	116117146	116117783	637
cCREs90955	chr11	117289694	117290196	502
cCREs91120	chr11	117838514	117839037	523
cCREs91195	chr11	118085652	118086447	795
cCREs91268	chr11	118341653	118342210	557
cCREs91539	chr11	119188037	119188741	704
cCREs91541	chr11	119192080	119192746	666
cCREs91638	chr11	119657476	119657989	513
cCREs91820	chr11	120183093	120183598	505
cCREs91902	chr11	120507688	120508189	501
cCREs92429	chr12	4171096	4171636	540
cCREs92809	chr12	5585761	5586284	523
cCREs93322	chr12	8318525	8319490	965
cCREs94094	chr12	11917337	11918095	758
cCREs94936	chr12	15751868	15752454	586
cCREs95123	chr12	16487119	16487620	501
cCREs95144	chr12	16555924	16556442	518
cCREs95441	chr12	17665796	17666495	699
cCREs95554	chr12	21223855	21224356	501
cCREs95764	chr12	24932057	24932613	556
cCREs96174	chr12	26580862	26581613	751
cCREs96189	chr12	26638859	26639360	501
cCREs98057	chr12	34461019	34461534	515
cCREs98748	chr12	37634844	37635345	501
cCREs99148	chr12	39693385	39693886	501
cCREs99252	chr12	40106811	40107334	523
cCREs99654	chr12	41521465	41521992	527
cCREs99692	chr12	41688099	41689175	1076
cCREs100249	chr12	44940062	44940834	772
cCREs101481	chr12	52415078	52415631	553
cCREs101505	chr12	52497157	52497738	581
cCREs101890	chr12	53991195	53991703	508
cCREs102128	chr12	55396477	55396978	501
cCREs104126	chr12	69041618	69042119	501
cCREs104243	chr12	69649335	69649836	501
cCREs104714	chr12	71297919	71298420	501
cCREs104791	chr12	71530744	71531267	523
cCREs104902	chr12	71882575	71883076	501
cCREs105105	chr12	72715742	72716276	534
cCREs105205	chr12	73357246	73357767	521
cCREs105243	chr12	73503400	73503943	543
cCREs105247	chr12	73519270	73519944	674
cCREs105861	chr12	76068626	76069127	501
cCREs105862	chr12	76070324	76070830	506
cCREs106096	chr12	76912142	76912647	505
cCREs106152	chr12	77124072	77124573	501
cCREs106604	chr12	79463356	79463887	531
cCREs106859	chr12	80281235	80281736	501
cCREs107409	chr12	82550257	82550758	501
cCREs107421	chr12	82597226	82597727	501
cCREs107668	chr12	83548775	83549581	806
cCREs108042	chr12	85275632	85276180	548
cCREs109276	chr12	90944597	90945104	507
cCREs109737	chr12	93443895	93444438	543
cCREs110018	chr12	95381403	95381904	501
cCREs110047	chr12	95519949	95520450	501
cCREs110132	chr12	95789372	95789905	533
cCREs110540	chr12	98252318	98252844	526
cCREs110799	chr12	99217218	99218018	800
cCREs110858	chr12	99362991	99363856	865
cCREs110879	chr12	99419241	99419742	501
cCREs111966	chr12	104008544	104009330	786
cCREs112058	chr12	104552517	104553195	678
cCREs112816	chr12	107710514	107711015	501
cCREs112991	chr12	108248078	108248596	518
cCREs113168	chr12	108878553	108879594	1041
cCREs113196	chr12	108965335	108965836	501
cCREs113208	chr12	109002911	109003412	501
cCREs113925	chr12	112214426	112214927	501
cCREs114197	chr12	113149911	113150412	501
cCREs114225	chr12	113420414	113420919	505
cCREs115041	chr12	119628173	119628674	501
cCREs115096	chr13	3500848	3501463	615
cCREs115162	chr13	3778330	3778831	501
cCREs115176	chr13	3867073	3867594	521
cCREs116143	chr13	9296010	9296511	501
cCREs116936	chr13	12711582	12712115	533
cCREs116956	chr13	13446973	13447476	503
cCREs117229	chr13	15017500	15018036	536
cCREs117361	chr13	15728587	15729096	509
cCREs117525	chr13	16698770	16699275	505
cCREs117532	chr13	16724906	16725958	1052
cCREs117549	chr13	16794868	16795388	520
cCREs118337	chr13	20414963	20415491	528
cCREs119448	chr13	26085470	26085971	501
cCREs119747	chr13	28589320	28589821	501
cCREs119918	chr13	29194621	29195549	928
cCREs120119	chr13	29864321	29864822	501
cCREs120150	chr13	29988535	29989036	501
cCREs120392	chr13	30960623	30961125	502
cCREs120633	chr13	32027869	32028370	501
cCREs120689	chr13	32252083	32252620	537
cCREs120714	chr13	32425064	32425699	635
cCREs120739	chr13	32514174	32514675	501
cCREs120744	chr13	32541513	32542039	526
cCREs120855	chr13	33046417	33047070	653
cCREs120908	chr13	33934593	33935094	501
cCREs121788	chr13	37436275	37436801	526
cCREs121795	chr13	37453757	37454270	513
cCREs121968	chr13	38278891	38279615	724
cCREs122041	chr13	38550332	38550864	532
cCREs122282	chr13	39976463	39976977	514
cCREs122389	chr13	40851982	40852483	501
cCREs122396	chr13	40875339	40875846	507
cCREs124090	chr13	46904042	46904543	501
cCREs125139	chr13	52216315	52216842	527
cCREs125322	chr13	52867207	52867708	501
cCREs125428	chr13	53321081	53321582	501
cCREs125434	chr13	53336633	53337174	541
cCREs126718	chr13	58466984	58467505	521
cCREs126944	chr13	59343417	59343922	505
cCREs127201	chr13	60309350	60309910	560
cCREs127312	chr13	60697984	60698485	501
cCREs127505	chr13	63252251	63252752	501
cCREs128217	chr13	69532229	69532730	501
cCREs129042	chr13	73751856	73752796	940
cCREs129751	chr13	77707451	77707960	509
cCREs129996	chr13	79497288	79497883	595
cCREs130235	chr13	81279304	81279829	525
cCREs130244	chr13	81325455	81325971	516
cCREs132372	chr13	93378586	93379091	505
cCREs132477	chr13	93807658	93808513	855
cCREs132501	chr13	93888464	93889321	857
cCREs132570	chr13	94114275	94115251	976
cCREs132595	chr13	94181911	94182421	510
cCREs133730	chr13	98461345	98461934	589
cCREs133924	chr13	99189784	99190285	501
cCREs134330	chr13	100948786	100949287	501
cCREs134345	chr13	101016208	101016711	503
cCREs134363	chr13	101112119	101112802	683
cCREs134372	chr13	101164035	101164536	501
cCREs134503	chr13	101653591	101654248	657
cCREs135151	chr13	104374441	104374942	501
cCREs135937	chr13	107747455	107747958	503
cCREs136503	chr13	109780447	109781011	564
cCREs136580	chr13	110009085	110009611	526
cCREs136804	chr13	110740102	110740647	545
cCREs137074	chr13	111949283	111949784	501
cCREs137170	chr13	112297712	112298234	522
cCREs137362	chr13	113178083	113178584	501
cCREs137409	chr13	113351000	113351501	501
cCREs137423	chr13	113391512	113392242	730
cCREs137884	chr13	115195911	115196452	541
cCREs138949	chr14	8333324	8333825	501
cCREs139165	chr14	9488251	9488794	543
cCREs139521	chr14	11151001	11151502	501
cCREs139789	chr14	12104822	12105543	721
cCREs141359	chr14	20180642	20181164	522
cCREs141447	chr14	20635527	20636030	503
cCREs141577	chr14	21111537	21112038	501
cCREs141600	chr14	21258275	21259004	729
cCREs141654	chr14	21509051	21510060	1009
cCREs141889	chr14	22542862	22543363	501
cCREs141959	chr14	22943396	22943943	547
cCREs142104	chr14	23550354	23550862	508
cCREs142661	chr14	25381156	25381657	501
cCREs142738	chr14	25604531	25605036	505
cCREs142883	chr14	26540794	26541317	523
cCREs142887	chr14	26562901	26563423	522
cCREs142888	chr14	26564534	26565035	501
cCREs143363	chr14	28405983	28406555	572
cCREs143409	chr14	28626869	28627399	530
cCREs143419	chr14	28680733	28681234	501
cCREs143563	chr14	29334936	29335437	501
cCREs143949	chr14	30632383	30632884	501
cCREs143953	chr14	30644972	30645481	509
cCREs144123	chr14	31434249	31434799	550
cCREs144185	chr14	31740951	31741467	516
cCREs144264	chr14	32074931	32075469	538
cCREs144293	chr14	32238530	32239031	501
cCREs144857	chr14	34615450	34616041	591
cCREs145424	chr14	37528038	37528575	537
cCREs145995	chr14	41010159	41010660	501
cCREs146130	chr14	44838637	44839139	502
cCREs146175	chr14	45070530	45071064	534
cCREs146375	chr14	46026415	46027061	646
cCREs146407	chr14	46198267	46199128	861
cCREs146451	chr14	46465895	46466586	691
cCREs146479	chr14	46610120	46610660	540
cCREs146492	chr14	46679573	46680447	874
cCREs146494	chr14	46692006	46692513	507
cCREs146522	chr14	46800688	46801430	742
cCREs146661	chr14	47373589	47374109	520
cCREs146718	chr14	47615464	47615977	513
cCREs146751	chr14	47753509	47754015	506
cCREs146763	chr14	47805129	47805630	501
cCREs147301	chr14	51101202	51101703	501
cCREs148525	chr14	58570518	58571054	536
cCREs148577	chr14	58866777	58867278	501
cCREs148657	chr14	59485197	59485941	744
cCREs148934	chr14	60594602	60595103	501
cCREs149128	chr14	61258208	61258709	501
cCREs149450	chr14	62884149	62884686	537
cCREs149451	chr14	62886890	62887391	501
cCREs150297	chr14	65876111	65876665	554
cCREs150380	chr14	66215182	66215687	505
cCREs150799	chr14	67886811	67887314	503
cCREs151221	chr14	70195838	70196511	673
cCREs151938	chr14	73483755	73484283	528
cCREs151968	chr14	73638409	73638910	501
cCREs151997	chr14	73772898	73773399	501
cCREs152016	chr14	73844340	73844900	560
cCREs152017	chr14	73846225	73846762	537
cCREs152736	chr14	76551176	76551765	589
cCREs152745	chr14	76583958	76584462	504
cCREs152765	chr14	76642278	76642869	591
cCREs152791	chr14	76705858	76706359	501
cCREs153431	chr14	78884093	78884634	541
cCREs153618	chr14	79568963	79569468	505
cCREs155439	chr14	92521719	92522220	501
cCREs155503	chr14	93010393	93010894	501
cCREs156486	chr14	99411679	99412524	845
cCREs156521	chr14	99510887	99511584	697
cCREs156524	chr14	99517542	99518065	523
cCREs156528	chr14	99528398	99529373	975
cCREs156750	chr14	100280534	100281059	525
cCREs157097	chr14	101833670	101834191	521
cCREs157412	chr14	103153778	103154330	552
cCREs157498	chr14	103502443	103503131	688
cCREs157952	chr14	105860886	105861387	501
cCREs159026	chr14	114172256	114172977	721
cCREs159063	chr14	114385583	114386346	763
cCREs159373	chr14	115930392	115930893	501
cCREs159627	chr14	117365562	117366063	501
cCREs161031	chr14	122385851	122386358	507
cCREs161480	chr15	3174032	3174533	501
cCREs161635	chr15	4121626	4122130	504
cCREs162507	chr15	8940790	8941291	501
cCREs162782	chr15	10623168	10623669	501
cCREs162793	chr15	10668510	10669011	501
cCREs162817	chr15	10720005	10720506	501
cCREs163228	chr15	12271282	12271805	523
cCREs163307	chr15	12493219	12493767	548
cCREs164158	chr15	18439235	18439802	567
cCREs165528	chr15	26806449	26806960	511
cCREs165585	chr15	27071353	27071858	505
cCREs166627	chr15	31373433	31373934	501
cCREs166789	chr15	31990546	31991074	528
cCREs166818	chr15	32113995	32114692	697
cCREs167149	chr15	33726637	33727159	522
cCREs167475	chr15	35611209	35611722	513
cCREs167478	chr15	35615844	35616730	886
cCREs167795	chr15	36956111	36956695	584
cCREs167801	chr15	36974816	36975317	501
cCREs167856	chr15	37217250	37218189	939
cCREs168083	chr15	38064023	38064646	623
cCREs169095	chr15	42683345	42683849	504
cCREs169684	chr15	46480060	46480874	814
cCREs169803	chr15	47857064	47857630	566
cCREs170282	chr15	51402587	51403088	501
cCREs170404	chr15	51856589	51857090	501
cCREs170598	chr15	52961394	52961895	501
cCREs170805	chr15	53682963	53683464	501
cCREs170886	chr15	54198150	54198674	524
cCREs170936	chr15	54440762	54441315	553
cCREs171030	chr15	54858072	54858573	501
cCREs171166	chr15	55315611	55316192	581
cCREs171189	chr15	55424974	55425475	501
cCREs171286	chr15	55843280	55844058	778
cCREs171956	chr15	58994259	58994760	501
cCREs172041	chr15	59269871	59270652	781
cCREs172465	chr15	61220623	61221510	887
cCREs172543	chr15	61588318	61588833	515
cCREs172551	chr15	61609403	61610206	803
cCREs172899	chr15	63236064	63236621	557
cCREs173824	chr15	67006323	67006824	501
cCREs173828	chr15	67030471	67031002	531
cCREs174708	chr15	71203168	71203669	501
cCREs175319	chr15	73703817	73704329	512
cCREs175328	chr15	73729142	73729668	526
cCREs175826	chr15	75998398	75999181	783
cCREs175834	chr15	76014145	76014647	502
cCREs175844	chr15	76083603	76084104	501
cCREs175851	chr15	76119082	76119583	501
cCREs175882	chr15	76253889	76254401	512
cCREs175909	chr15	76372889	76373390	501
cCREs176042	chr15	76900566	76901076	510
cCREs176152	chr15	77293336	77293876	540
cCREs176678	chr15	79416402	79416903	501
cCREs177558	chr15	83227990	83228491	501
cCREs177596	chr15	83373752	83374472	720
cCREs178092	chr15	85214187	85214695	508
cCREs178221	chr15	85684786	85685309	523
cCREs178294	chr15	86035890	86036391	501
cCREs178316	chr15	86092198	86092705	507
cCREs178707	chr15	87632625	87633152	527
cCREs178827	chr15	88085600	88086101	501
cCREs178969	chr15	88730100	88730612	512
cCREs180029	chr15	93404795	93405317	522
cCREs180904	chr15	96930547	96931062	515
cCREs181005	chr15	97364872	97365510	638
cCREs181144	chr15	97973048	97973874	826
cCREs181351	chr15	98990540	98991386	846
cCREs181807	chr15	100969812	100970505	693
cCREs181952	chr15	101412056	101412600	544
cCREs181970	chr15	101495322	101495823	501
cCREs182090	chr15	102200607	102201178	571
cCREs183921	chr16	10316805	10317317	512
cCREs185375	chr16	18070986	18071487	501
cCREs185392	chr16	18129648	18130149	501
cCREs185710	chr16	20402940	20403442	502
cCREs185770	chr16	20726339	20726867	528
cCREs185792	chr16	20894236	20894788	552
cCREs186293	chr16	23266159	23266726	567
cCREs186315	chr16	23326525	23327144	619
cCREs186323	chr16	23361899	23362400	501
cCREs186818	chr16	25374074	25374575	501
cCREs186926	chr16	25912152	25912888	736
cCREs186972	chr16	26118332	26118848	516
cCREs187649	chr16	29402691	29403192	501
cCREs187948	chr16	30641371	30641935	564
cCREs187981	chr16	30759674	30760206	532
cCREs187992	chr16	30785864	30786438	574
cCREs188069	chr16	31068188	31068698	510
cCREs188430	chr16	32817979	32818493	514
cCREs188491	chr16	33130024	33130525	501
cCREs188533	chr16	33332854	33333383	529
cCREs188544	chr16	33403131	33404160	1029
cCREs188636	chr16	33753195	33753711	516
cCREs188643	chr16	33785156	33785759	603
cCREs188797	chr16	34274472	34275135	663
cCREs189657	chr16	37872447	37872966	519
cCREs189717	chr16	38119206	38119743	537
cCREs189738	chr16	38184848	38185360	512
cCREs189838	chr16	38648012	38648538	526
cCREs191375	chr16	45154661	45155183	522
cCREs191528	chr16	45801401	45802129	728
cCREs191576	chr16	45963063	45963571	508
cCREs191606	chr16	46071372	46071873	501
cCREs191620	chr16	46114666	46115191	525
cCREs191664	chr16	46349197	46349700	503
cCREs193014	chr16	53964732	53965325	593
cCREs193488	chr16	56670859	56671517	658
cCREs193661	chr16	57472186	57472749	563
cCREs193722	chr16	57718976	57719715	739
cCREs193781	chr16	58066942	58067506	564
cCREs195550	chr16	69923011	69923512	501
cCREs195562	chr16	69975929	69976435	506
cCREs195952	chr16	72253723	72254224	501
cCREs196073	chr16	72734084	72734597	513
cCREs196771	chr16	76111566	76112098	532
cCREs196954	chr16	76927166	76927669	503
cCREs196974	chr16	76996729	76997230	501
cCREs197156	chr16	77716183	77716717	534
cCREs197237	chr16	78154508	78155070	562
cCREs197261	chr16	78242541	78243054	513
cCREs197263	chr16	78248686	78249351	665
cCREs198222	chr16	84850995	84851496	501
cCREs198559	chr16	86122921	86124041	1120
cCREs198585	chr16	86268776	86269283	507
cCREs199596	chr16	90788527	90789042	515
cCREs199623	chr16	90878023	90878598	575
cCREs200052	chr16	92468437	92468938	501
cCREs200138	chr16	92886883	92887401	518
cCREs200678	chr16	95248313	95249639	1326
cCREs201272	chr16	97610930	97611431	501
cCREs201276	chr16	97665472	97666007	535
cCREs201734	chr17	4948450	4949017	567
cCREs202172	chr17	6772376	6772877	501
cCREs202439	chr17	8421514	8422015	501
cCREs202799	chr17	9958690	9959480	790
cCREs203452	chr17	12616720	12617221	501
cCREs203546	chr17	13180338	13180845	507
cCREs203552	chr17	13202420	13203193	773
cCREs203554	chr17	13212141	13212933	792
cCREs203567	chr17	13483225	13483750	525
cCREs203684	chr17	14199517	14200037	520
cCREs204002	chr17	15879266	15880505	1239
cCREs204053	chr17	16430328	16430831	503
cCREs204075	chr17	16637235	16637815	580
cCREs204173	chr17	17856609	17857110	501
cCREs204483	chr17	24697704	24698358	654
cCREs204698	chr17	25755822	25756323	501
cCREs204699	chr17	25756537	25758126	1589
cCREs204720	chr17	25819053	25819858	805
cCREs204879	chr17	26554217	26554731	514
cCREs204994	chr17	27066800	27067301	501
cCREs205241	chr17	28019980	28020498	518
cCREs205256	chr17	28052230	28052754	524
cCREs205579	chr17	29428201	29428702	501
cCREs206171	chr17	31830894	31831395	501
cCREs206313	chr17	32577232	32577733	501
cCREs206375	chr17	33501851	33502352	501
cCREs206378	chr17	33510370	33511097	727
cCREs206558	chr17	34662571	34663072	501
cCREs206613	chr17	35061500	35062001	501
cCREs206778	chr17	35992375	35992929	554
cCREs206848	chr17	36840940	36841447	507
cCREs206902	chr17	37168171	37168799	628
cCREs207017	chr17	41244462	41245248	786
cCREs207169	chr17	42551572	42552097	525
cCREs207241	chr17	42956616	42957189	573
cCREs207576	chr17	44429766	44430267	501
cCREs207749	chr17	45232042	45232574	532
cCREs208259	chr17	47535919	47536420	501
cCREs209193	chr17	51662167	51662676	509
cCREs209196	chr17	51678537	51679041	504
cCREs209204	chr17	51733990	51734900	910
cCREs209910	chr17	56631825	56632326	501
cCREs209961	chr17	56893409	56893996	587
cCREs210339	chr17	59489608	59490127	519
cCREs210598	chr17	62468541	62469322	781
cCREs210695	chr17	62802681	62803184	503
cCREs211711	chr17	66743229	66743767	538
cCREs213178	chr17	72893301	72893802	501
cCREs213179	chr17	72898721	72899264	543
cCREs213505	chr17	74209064	74209591	527
cCREs213851	chr17	75945178	75945679	501
cCREs213927	chr17	76530763	76531264	501
cCREs214182	chr17	78321320	78321837	517
cCREs214262	chr17	78609093	78609611	518
cCREs214277	chr17	78666462	78666971	509
cCREs214746	chr17	80708696	80709421	725
cCREs215317	chr17	83249261	83249778	517
cCREs215417	chr17	83704500	83705001	501
cCREs215473	chr17	83880116	83880631	515
cCREs215533	chr17	84032674	84033175	501
cCREs215545	chr17	84070554	84071386	832
cCREs215600	chr17	84244410	84245098	688
cCREs215952	chr17	85806013	85806514	501
cCREs216221	chr17	86706818	86707319	501
cCREs216488	chr17	87840099	87840643	544
cCREs216555	chr17	88212573	88213099	526
cCREs216641	chr17	88603668	88604183	515
cCREs217210	chr17	91341617	91342177	560
cCREs217211	chr17	91344433	91344937	504
cCREs217230	chr17	91471220	91471750	530
cCREs217413	chr17	93917538	93918130	592
cCREs217621	chr18	3978232	3978748	516
cCREs217798	chr18	4797487	4798141	654
cCREs217889	chr18	5100807	5101308	501
cCREs218314	chr18	7292590	7293091	501
cCREs218591	chr18	9209458	9210220	762
cCREs219432	chr18	13140744	13141653	909
cCREs219617	chr18	13915470	13915971	501
cCREs220527	chr18	19499306	19499828	522
cCREs220528	chr18	19500053	19500554	501
cCREs220706	chr18	20459759	20460260	501
cCREs220710	chr18	20489492	20490013	521
cCREs220715	chr18	20530543	20531264	721
cCREs221548	chr18	24140050	24140924	874
cCREs221564	chr18	24193262	24193763	501
cCREs221565	chr18	24202665	24203426	761
cCREs222519	chr18	28426702	28427219	517
cCREs223387	chr18	32584324	32584832	508
cCREs223514	chr18	33185326	33185827	501
cCREs223645	chr18	33757602	33758251	649
cCREs223886	chr18	34783305	34783926	621
cCREs224230	chr18	36116488	36116989	501
cCREs224617	chr18	38360429	38361139	710
cCREs224994	chr18	39564826	39565343	517
cCREs225763	chr18	43072535	43073036	501
cCREs226020	chr18	44337516	44338340	824
cCREs226021	chr18	44338807	44339308	501
cCREs226074	chr18	44522657	44523158	501
cCREs226090	chr18	44559413	44560166	753
cCREs226458	chr18	46226778	46227404	626
cCREs226570	chr18	46672414	46672938	524
cCREs226571	chr18	46673294	46673801	507
cCREs226573	chr18	46675917	46676418	501
cCREs227998	chr18	53510645	53511165	520
cCREs228030	chr18	53668379	53668880	501
cCREs228080	chr18	53867734	53868555	821
cCREs228441	chr18	55178691	55179242	551
cCREs229082	chr18	57620510	57621011	501
cCREs229092	chr18	57649201	57649775	574
cCREs229179	chr18	57959818	57960361	543
cCREs229432	chr18	59274249	59274840	591
cCREs229912	chr18	61214191	61214791	600
cCREs229927	chr18	61278964	61280013	1049
cCREs230031	chr18	61633433	61633997	564
cCREs230154	chr18	61929868	61930370	502
cCREs230159	chr18	61946756	61947267	511
cCREs230199	chr18	62093147	62093675	528
cCREs230484	chr18	63282720	63283224	504
cCREs230526	chr18	63499887	63500396	509
cCREs230533	chr18	63531867	63532449	582
cCREs230689	chr18	64239238	64239755	517
cCREs231297	chr18	66486751	66487252	501
cCREs232955	chr18	73744164	73744837	673
cCREs233515	chr18	75641514	75642021	507
cCREs233652	chr18	76125272	76125832	560
cCREs234513	chr18	80095231	80095736	505
cCREs235675	chr18	84955151	84955652	501
cCREs235738	chr18	85299062	85299598	536
cCREs236292	chr18	88927261	88927762	501
cCREs236585	chr19	3569564	3570092	528
cCREs236616	chr19	3720593	3721094	501
cCREs236660	chr19	3972221	3972722	501
cCREs236715	chr19	4229651	4230157	506
cCREs236995	chr19	5758619	5759125	506
cCREs237070	chr19	6226109	6226617	508
cCREs237239	chr19	6965197	6965721	524
cCREs237281	chr19	7117846	7118393	547
cCREs237350	chr19	7353539	7354040	501
cCREs237452	chr19	8679894	8680408	514
cCREs237548	chr19	9087042	9087543	501
cCREs238285	chr19	14665414	14666246	832
cCREs238553	chr19	16165603	16166106	503
cCREs238667	chr19	16571462	16572572	1110
cCREs238863	chr19	17525191	17525714	523
cCREs239125	chr19	18677321	18677866	545
cCREs239863	chr19	22763578	22764103	525
cCREs239948	chr19	23012774	23013544	770
cCREs239951	chr19	23018112	23018798	686
cCREs240134	chr19	23756936	23757437	501
cCREs240218	chr19	23968100	23968601	501
cCREs240572	chr19	25330348	25331207	859
cCREs240577	chr19	25347262	25347763	501
cCREs242071	chr19	32118443	32118964	521
cCREs242396	chr19	33356809	33357310	501
cCREs242762	chr19	35639856	35640357	501
cCREs242880	chr19	36259707	36260276	569
cCREs242987	chr19	36707078	36707581	503
cCREs243276	chr19	38035687	38036198	511
cCREs243292	chr19	38120460	38121018	558
cCREs243527	chr19	40316987	40317489	502
cCREs243593	chr19	40465925	40466583	658
cCREs243783	chr19	41254502	41255059	557
cCREs243836	chr19	41559633	41560143	510
cCREs244127	chr19	42613808	42614309	501
cCREs244346	chr19	43886655	43887191	536
cCREs244829	chr19	46431198	46432011	813
cCREs244886	chr19	46578796	46579297	501
cCREs244890	chr19	46599849	46600350	501
cCREs245232	chr19	47892433	47892934	501
cCREs246223	chr19	53185413	53185914	501
cCREs246422	chr19	53859083	53859584	501
cCREs246868	chr19	55855402	55856112	710
cCREs247754	chr19	59091624	59092125	501
cCREs248111	chr19	61011695	61012654	959
cCREs248252	chr2	3598483	3599005	522
cCREs248454	chr2	4460956	4462064	1108
cCREs248637	chr2	5222733	5223252	519
cCREs248865	chr2	6128807	6129308	501
cCREs248892	chr2	6230792	6231319	527
cCREs248900	chr2	6265040	6265656	616
cCREs248949	chr2	6415697	6416198	501
cCREs249145	chr2	6967238	6967847	609
cCREs249530	chr2	8706564	8707071	507
cCREs250109	chr2	12184853	12185473	620
cCREs250650	chr2	14787023	14787835	812
cCREs250656	chr2	14816354	14816855	501
cCREs251185	chr2	17711535	17712070	535
cCREs251752	chr2	20509915	20510744	829
cCREs251805	chr2	20693794	20694299	505
cCREs252605	chr2	25363437	25363938	501
cCREs252772	chr2	26175373	26175874	501
cCREs252773	chr2	26177371	26177872	501
cCREs253146	chr2	27793586	27794087	501
cCREs253347	chr2	28506307	28506808	501
cCREs253359	chr2	28531107	28531650	543
cCREs253695	chr2	29959734	29960356	622
cCREs253766	chr2	30354477	30355285	808
cCREs253859	chr2	30713452	30713972	520
cCREs254060	chr2	31458940	31459441	501
cCREs254297	chr2	32344795	32345296	501
cCREs254332	chr2	32501603	32502153	550
cCREs254340	chr2	32528704	32529205	501
cCREs254351	chr2	32564612	32565113	501
cCREs254379	chr2	32644438	32644965	527
cCREs254438	chr2	32869637	32870138	501
cCREs254463	chr2	32922901	32923403	502
cCREs254471	chr2	32948711	32949226	515
cCREs254570	chr2	33237537	33238056	519
cCREs255351	chr2	36200727	36201269	542
cCREs255835	chr2	39480423	39481203	780
cCREs255838	chr2	39498196	39498759	563
cCREs256920	chr2	45413432	45414111	679
cCREs256954	chr2	45593722	45594250	528
cCREs257056	chr2	46230800	46231321	521
cCREs259491	chr2	58703278	58703790	512
cCREs259495	chr2	58710172	58710677	505
cCREs259683	chr2	59377911	59378412	501
cCREs259886	chr2	59997504	59998031	527
cCREs260899	chr2	64822997	64823498	501
cCREs260970	chr2	65101234	65101735	501
cCREs261759	chr2	68454293	68454810	517
cCREs262247	chr2	70472846	70473358	512
cCREs262249	chr2	70475715	70476216	501
cCREs262529	chr2	71640201	71640702	501
cCREs262689	chr2	72127347	72127854	507
cCREs262935	chr2	73021113	73021614	501
cCREs263056	chr2	73454650	73455164	514
cCREs263734	chr2	76574826	76575363	537
cCREs263869	chr2	77177491	77177992	501
cCREs263892	chr2	77255041	77255542	501
cCREs264307	chr2	78883002	78883503	501
cCREs265109	chr2	82661861	82662362	501
cCREs265186	chr2	83259312	83259902	590
cCREs265438	chr2	84621289	84621815	526
cCREs266550	chr2	92885141	92885645	504
cCREs266598	chr2	93035536	93036067	531
cCREs266776	chr2	93592391	93592892	501
cCREs266884	chr2	93952342	93952867	525
cCREs268152	chr2	102113294	102113795	501
cCREs268474	chr2	103111612	103112127	515
cCREs268522	chr2	103285103	103286047	944
cCREs268781	chr2	104222670	104223198	528
cCREs269952	chr2	110048653	110049172	519
cCREs270043	chr2	110602007	110602860	853
cCREs270284	chr2	112510081	112510582	501
cCREs270364	chr2	112794295	112794838	543
cCREs270717	chr2	114160085	114160598	513
cCREs270746	chr2	114294832	114295573	741
cCREs271050	chr2	115757597	115758108	511
cCREs271266	chr2	116701236	116701873	637
cCREs271846	chr2	118872751	118873339	588
cCREs271883	chr2	119148585	119149152	567
cCREs272257	chr2	121208502	121209333	831
cCREs273668	chr2	127560482	127560983	501
cCREs273899	chr2	128649272	128649796	524
cCREs274328	chr2	130475059	130475608	549
cCREs274464	chr2	131045258	131045760	502
cCREs274471	chr2	131062785	131063286	501
cCREs274534	chr2	131349836	131350477	641
cCREs274910	chr2	132684439	132684940	501
cCREs276097	chr2	137623467	137623968	501
cCREs276123	chr2	137756188	137756783	595
cCREs276318	chr2	138590240	138590746	506
cCREs276342	chr2	138699336	138700166	830
cCREs276644	chr2	140120429	140120963	534
cCREs277177	chr2	142462473	142463360	887
cCREs278546	chr2	148007606	148008107	501
cCREs278568	chr2	148144714	148145240	526
cCREs278667	chr2	148452962	148453501	539
cCREs279437	chr2	152758261	152758762	501
cCREs279462	chr2	152827594	152828095	501
cCREs279911	chr2	154914058	154914559	501
cCREs279943	chr2	155101548	155102166	618
cCREs280040	chr2	155633020	155633533	513
cCREs280089	chr2	155852500	155853052	552
cCREs280326	chr2	156730552	156731075	523
cCREs280499	chr2	157386406	157386935	529
cCREs280508	chr2	157411100	157411660	560
cCREs280792	chr2	158302928	158303429	501
cCREs281139	chr2	159997343	159997847	504
cCREs281218	chr2	160414627	160415128	501
cCREs282187	chr2	164507752	164508264	512
cCREs282234	chr2	164773910	164774416	506
cCREs282242	chr2	164803243	164803781	538
cCREs282470	chr2	165621380	165621990	610
cCREs282642	chr2	166148709	166149210	501
cCREs282994	chr2	167380348	167380905	557
cCREs283682	chr2	170153278	170153779	501
cCREs283722	chr2	170308961	170309462	501
cCREs283808	chr2	170666507	170667014	507
cCREs284220	chr2	172821724	172822225	501
cCREs284240	chr2	172886385	172886886	501
cCREs284554	chr2	174211609	174212131	522
cCREs284648	chr2	174656302	174656822	520
cCREs284708	chr2	174867356	174867896	540
cCREs285332	chr2	180322524	180323449	925
cCREs285357	chr2	180460642	180461143	501
cCREs285423	chr2	180731963	180732464	501
cCREs285474	chr2	180919361	180919891	530
cCREs285615	chr2	181579065	181579595	530
cCREs285884	chr3	6002636	6003137	501
cCREs287195	chr3	14647103	14647610	507
cCREs287200	chr3	14663979	14664493	514
cCREs288133	chr3	20989394	20989930	536
cCREs288280	chr3	21655026	21655579	553
cCREs288357	chr3	21960911	21961427	516
cCREs289176	chr3	26783729	26784278	549
cCREs289245	chr3	27154901	27155402	501
cCREs289361	chr3	27553514	27554015	501
cCREs289540	chr3	28229474	28229989	515
cCREs290004	chr3	30146614	30147115	501
cCREs290217	chr3	31162706	31163207	501
cCREs290242	chr3	31236890	31237391	501
cCREs291003	chr3	34399815	34400317	502
cCREs291136	chr3	34885065	34885818	753
cCREs291403	chr3	36469559	36470060	501
cCREs291405	chr3	36477561	36478071	510
cCREs292394	chr3	41116682	41117428	746
cCREs292460	chr3	41329503	41330004	501
cCREs293759	chr3	50621095	50621596	501
cCREs293998	chr3	51450830	51451331	501
cCREs294103	chr3	51803869	51804893	1024
cCREs294341	chr3	52647025	52647663	638
cCREs295636	chr3	57503745	57504578	833
cCREs296162	chr3	60135768	60136288	520
cCREs296177	chr3	60225579	60226096	517
cCREs296182	chr3	60267283	60268233	950
cCREs297170	chr3	65579096	65579597	501
cCREs297187	chr3	65625068	65625569	501
cCREs297669	chr3	68132144	68132874	730
cCREs297698	chr3	68223818	68224373	555
cCREs297919	chr3	68975758	68976609	851
cCREs298134	chr3	69814348	69814849	501
cCREs298150	chr3	69885251	69886218	967
cCREs298159	chr3	69925000	69925509	509
cCREs298681	chr3	74225269	74225901	632
cCREs299535	chr3	79403032	79403602	570
cCREs299947	chr3	80971089	80971686	597
cCREs300398	chr3	82845712	82846231	519
cCREs300839	chr3	84638830	84639333	503
cCREs300843	chr3	84645154	84645703	549
cCREs301190	chr3	85880634	85881135	501
cCREs301480	chr3	87144445	87144959	514
cCREs301600	chr3	87761399	87761937	538
cCREs301635	chr3	87949168	87949879	711
cCREs301913	chr3	89185109	89185657	548
cCREs301959	chr3	89328456	89329110	654
cCREs301990	chr3	89447785	89448286	501
cCREs302117	chr3	89901407	89902127	720
cCREs302218	chr3	90526481	90526998	517
cCREs302551	chr3	94377421	94377922	501
cCREs302625	chr3	94781025	94781830	805
cCREs302819	chr3	95710126	95710683	557
cCREs302973	chr3	96495393	96495894	501
cCREs303058	chr3	96819179	96819723	544
cCREs303188	chr3	97449413	97449935	522
cCREs303283	chr3	97802221	97802722	501
cCREs303352	chr3	98021304	98021825	521
cCREs303584	chr3	99387086	99387600	514
cCREs303648	chr3	99931178	99931693	515
cCREs303990	chr3	101318228	101318997	769
cCREs304118	chr3	101714643	101715144	501
cCREs304275	chr3	102213589	102214090	501
cCREs304357	chr3	102529528	102530029	501
cCREs304807	chr3	104654158	104654985	827
cCREs304811	chr3	104662530	104663400	870
cCREs304855	chr3	104811393	104812234	841
cCREs305505	chr3	107674515	107675016	501
cCREs306128	chr3	109910943	109911444	501
cCREs306131	chr3	109913209	109913711	502
cCREs306559	chr3	114081919	114082574	655
cCREs306720	chr3	115274430	115275076	646
cCREs307546	chr3	118595715	118596216	501
cCREs308134	chr3	121560077	121561190	1113
cCREs308544	chr3	123002205	123002910	705
cCREs308560	chr3	123057878	123058675	797
cCREs309400	chr3	127084777	127085303	526
cCREs309594	chr3	127818573	127819081	508
cCREs309626	chr3	127929850	127930370	520
cCREs309750	chr3	128870148	128870707	559
cCREs309972	chr3	129896535	129897049	514
cCREs310039	chr3	130135094	130136113	1019
cCREs310619	chr3	132698803	132699542	739
cCREs311108	chr3	135319338	135320222	884
cCREs311833	chr3	138216057	138216558	501
cCREs312268	chr3	140069934	140070435	501
cCREs312757	chr3	142316697	142317217	520
cCREs312765	chr3	142339846	142340379	533
cCREs312773	chr3	142362965	142363500	535
cCREs314120	chr3	147483632	147484133	501
cCREs314318	chr3	148598100	148598619	519
cCREs314416	chr3	149005145	149005648	503
cCREs314463	chr3	149181085	149181604	519
cCREs314916	chr3	151816215	151816716	501
cCREs315226	chr3	152863290	152863969	679
cCREs316573	chr3	157997334	157997876	542
cCREs318283	chr4	10321381	10321882	501
cCREs319127	chr4	14564807	14565311	504
cCREs319133	chr4	14619090	14619600	510
cCREs319942	chr4	19847522	19848045	523
cCREs320551	chr4	23490267	23490768	501
cCREs320552	chr4	23491124	23491625	501
cCREs320730	chr4	24723734	24724235	501
cCREs320871	chr4	25272314	25273008	694
cCREs321542	chr4	30562643	30563517	874
cCREs321633	chr4	31204605	31205106	501
cCREs321803	chr4	32008085	32008586	501
cCREs321917	chr4	32362010	32362572	562
cCREs322556	chr4	35094249	35094760	511
cCREs323226	chr4	40030080	40030582	502
cCREs323492	chr4	41089427	41090093	666
cCREs323750	chr4	43017236	43018096	860
cCREs323821	chr4	43365549	43366102	553
cCREs323825	chr4	43386957	43387458	501
cCREs323929	chr4	43837960	43838692	732
cCREs324157	chr4	45169787	45170317	530
cCREs324240	chr4	45512283	45512796	513
cCREs324685	chr4	47060747	47061248	501
cCREs324735	chr4	47233330	47234256	926
cCREs324974	chr4	48201412	48201929	517
cCREs325274	chr4	49350413	49351156	743
cCREs326241	chr4	54492978	54493532	554
cCREs326503	chr4	55642079	55642607	528
cCREs326504	chr4	55642685	55643186	501
cCREs326924	chr4	57362648	57363149	501
cCREs326929	chr4	57377723	57378253	530
cCREs326946	chr4	57437646	57438147	501
cCREs327238	chr4	58525661	58526162	501
cCREs327269	chr4	58673047	58673548	501
cCREs327277	chr4	58714132	58714657	525
cCREs327541	chr4	59858436	59858937	501
cCREs327874	chr4	63125925	63126451	526
cCREs328126	chr4	64055575	64056080	505
cCREs330008	chr4	75403299	75403800	501
cCREs330044	chr4	75730651	75731189	538
cCREs330109	chr4	76016901	76017424	523
cCREs331257	chr4	82755981	82756632	651
cCREs331409	chr4	83307956	83308536	580
cCREs331415	chr4	83317920	83318429	509
cCREs331564	chr4	84089539	84090040	501
cCREs331598	chr4	84224488	84225071	583
cCREs331607	chr4	84269336	84269837	501
cCREs331614	chr4	84310363	84310864	501
cCREs331668	chr4	84539361	84540055	694
cCREs331689	chr4	84705274	84705796	522
cCREs331698	chr4	84757711	84758471	760
cCREs331706	chr4	84787402	84787915	513
cCREs331708	chr4	84798059	84799001	942
cCREs331744	chr4	85026411	85026932	521
cCREs331813	chr4	85304460	85305101	641
cCREs331961	chr4	85948871	85949383	512
cCREs332418	chr4	87851238	87852104	866
cCREs332444	chr4	87911336	87911841	505
cCREs333587	chr4	95207838	95208362	524
cCREs333594	chr4	95271500	95272026	526
cCREs333619	chr4	95395736	95396339	603
cCREs333632	chr4	95463315	95463962	647
cCREs333706	chr4	95748855	95749361	506
cCREs334237	chr4	98486424	98486947	523
cCREs334309	chr4	98726458	98726964	506
cCREs334688	chr4	100459751	100460252	501
cCREs335958	chr4	105214067	105214826	759
cCREs336018	chr4	105463944	105464450	506
cCREs336019	chr4	105467719	105468220	501
cCREs336051	chr4	105664851	105665412	561
cCREs336053	chr4	105673046	105673671	625
cCREs336091	chr4	105909219	105909931	712
cCREs336192	chr4	106320113	106320614	501
cCREs336200	chr4	106360784	106361289	505
cCREs336508	chr4	107550565	107551066	501
cCREs336874	chr4	109131436	109131941	505
cCREs336889	chr4	109196602	109197106	504
cCREs336896	chr4	109223239	109223754	515
cCREs336937	chr4	109420036	109420537	501
cCREs337573	chr4	115093950	115094451	501
cCREs337584	chr4	115398697	115399456	759
cCREs337587	chr4	115564308	115564809	501
cCREs337859	chr4	117159621	117160131	510
cCREs337860	chr4	117169844	117170394	550
cCREs338096	chr4	118229308	118229836	528
cCREs338173	chr4	118568590	118569108	518
cCREs338515	chr4	120158644	120159174	530
cCREs339277	chr4	125125399	125125926	527
cCREs339589	chr4	126290674	126291623	949
cCREs339791	chr4	127371483	127372015	532
cCREs340305	chr4	129232024	129232551	527
cCREs340309	chr4	129244716	129245304	588
cCREs340319	chr4	129266158	129266663	505
cCREs340411	chr4	129750475	129750976	501
cCREs340472	chr4	129977167	129977908	741
cCREs340678	chr4	130895643	130896171	528
cCREs341208	chr4	133122221	133122722	501
cCREs341224	chr4	133178224	133178725	501
cCREs341296	chr4	133489788	133490289	501
cCREs342002	chr4	136754176	136754677	501
cCREs342578	chr4	138873767	138874469	702
cCREs342659	chr4	139179881	139180425	544
cCREs342660	chr4	139185719	139186227	508
cCREs343013	chr4	140608296	140608853	557
cCREs343076	chr4	140947410	140948268	858
cCREs343176	chr4	141275600	141276101	501
cCREs343258	chr4	141572907	141573411	504
cCREs343294	chr4	141698711	141699443	732
cCREs343378	chr4	142036541	142037042	501
cCREs343391	chr4	142062819	142063320	501
cCREs344504	chr4	150315464	150315965	501
cCREs344917	chr4	151756370	151756921	551
cCREs345480	chr4	154080939	154081455	516
cCREs346167	chr5	4252479	4253148	669
cCREs346497	chr5	5707349	5707852	503
cCREs347355	chr5	12119403	12119904	501
cCREs347390	chr5	12384952	12385478	526
cCREs347525	chr5	13362741	13363372	631
cCREs347707	chr5	14213264	14213828	564
cCREs348165	chr5	17262090	17262947	857
cCREs348259	chr5	17719928	17720454	526
cCREs348634	chr5	19923647	19924148	501
cCREs348893	chr5	20787942	20788595	653
cCREs348941	chr5	20973854	20974371	517
cCREs349624	chr5	24039278	24039930	652
cCREs349728	chr5	24426440	24427340	900
cCREs350506	chr5	28010496	28011215	719
cCREs350595	chr5	28664346	28665067	721
cCREs350668	chr5	29025011	29025512	501
cCREs350995	chr5	30850113	30850660	547
cCREs351281	chr5	32307066	32307613	547
cCREs351300	chr5	32388632	32389395	763
cCREs351963	chr5	35618816	35619588	772
cCREs352014	chr5	35765780	35766313	533
cCREs352020	chr5	35778389	35778904	515
cCREs352099	chr5	35955355	35955891	536
cCREs352236	chr5	36353729	36354230	501
cCREs352748	chr5	38216930	38217431	501
cCREs353448	chr5	41562153	41562943	790
cCREs353518	chr5	41896984	41897485	501
cCREs353615	chr5	42267574	42268082	508
cCREs353782	chr5	43110045	43110546	501
cCREs354008	chr5	43968617	43969137	520
cCREs354010	chr5	43974059	43975025	966
cCREs354405	chr5	45502028	45503109	1081
cCREs356254	chr5	53930934	53931449	515
cCREs357179	chr5	61184277	61185184	907
cCREs357189	chr5	61229349	61229865	516
cCREs357470	chr5	63172284	63172785	501
cCREs357615	chr5	63863777	63864349	572
cCREs357639	chr5	63930606	63931403	797
cCREs357695	chr5	64096501	64097002	501
cCREs357734	chr5	64228162	64228663	501
cCREs357851	chr5	64590792	64591298	506
cCREs357869	chr5	64636221	64636748	527
cCREs357905	chr5	64749353	64749865	512
cCREs357927	chr5	64821250	64821764	514
cCREs358046	chr5	65261415	65262129	714
cCREs358093	chr5	65488735	65489250	515
cCREs358219	chr5	66114101	66115062	961
cCREs358535	chr5	67004516	67005033	517
cCREs359571	chr5	72732027	72732537	510
cCREs359888	chr5	73804457	73804982	525
cCREs359892	chr5	73811931	73812432	501
cCREs359894	chr5	73826315	73826827	512
cCREs359922	chr5	73923015	73923526	511
cCREs359940	chr5	73977297	73977920	623
cCREs360056	chr5	74309991	74310558	567
cCREs360427	chr5	75748219	75748720	501
cCREs360438	chr5	75784865	75785366	501
cCREs360475	chr5	75936492	75937512	1020
cCREs360837	chr5	77479944	77480445	501
cCREs361136	chr5	79659918	79660422	504
cCREs361822	chr5	84037364	84038041	677
cCREs362425	chr5	88792209	88792710	501
cCREs362479	chr5	88972075	88972581	506
cCREs362572	chr5	89270443	89270944	501
cCREs362590	chr5	89370853	89371356	503
cCREs363326	chr5	92584794	92585441	647
cCREs363363	chr5	92745652	92746472	820
cCREs363512	chr5	93258670	93259292	622
cCREs363826	chr5	97202101	97202622	521
cCREs363851	chr5	97333109	97333630	521
cCREs363930	chr5	97806929	97807430	501
cCREs364158	chr5	99069114	99069627	513
cCREs364845	chr5	101977728	101978433	705
cCREs364929	chr5	102342554	102343109	555
cCREs365266	chr5	103731452	103731958	506
cCREs365331	chr5	104022936	104023490	554
cCREs365605	chr5	105709645	105710146	501
cCREs365619	chr5	105754803	105755304	501
cCREs365877	chr5	107077854	107078367	513
cCREs365928	chr5	107238883	107239384	501
cCREs366025	chr5	107625015	107625516	501
cCREs366508	chr5	111318424	111319422	998
cCREs366632	chr5	111732162	111732684	522
cCREs367038	chr5	113154349	113154897	548
cCREs367179	chr5	113629142	113629673	531
cCREs368589	chr5	119588790	119589312	522
cCREs368763	chr5	120576571	120577374	803
cCREs369085	chr5	121853647	121854148	501
cCREs369197	chr5	122269217	122269718	501
cCREs369200	chr5	122279685	122280517	832
cCREs369592	chr5	123986863	123987435	572
cCREs369661	chr5	124178728	124179229	501
cCREs369821	chr5	124906243	124906744	501
cCREs369824	chr5	124912223	124912750	527
cCREs370867	chr5	129108710	129109211	501
cCREs371745	chr5	132568014	132568529	515
cCREs372098	chr5	134481735	134482261	526
cCREs372601	chr5	136923694	136924195	501
cCREs372739	chr5	137672995	137673496	501
cCREs372745	chr5	137696017	137696518	501
cCREs372782	chr5	137921427	137921928	501
cCREs372824	chr5	138577105	138577635	530
cCREs373012	chr5	139300296	139300811	515
cCREs373190	chr5	140033768	140034337	569
cCREs373314	chr5	140502913	140503428	515
cCREs373434	chr5	140871242	140871743	501
cCREs373542	chr5	141447209	141447715	506
cCREs373743	chr5	142402837	142403384	547
cCREs373811	chr5	142636634	142637135	501
cCREs373993	chr5	143467126	143467875	749
cCREs374030	chr5	143593510	143594011	501
cCREs374569	chr5	146920236	146920745	509
cCREs374597	chr5	147032891	147033592	701
cCREs374921	chr5	148565532	148566033	501
cCREs375039	chr5	149001952	149002453	501
cCREs375239	chr5	149742789	149743316	527
cCREs377712	chr6	14666662	14667400	738
cCREs377786	chr6	15222568	15223331	763
cCREs377794	chr6	15282758	15283321	563
cCREs377947	chr6	16311205	16311737	532
cCREs377981	chr6	16506449	16506978	529
cCREs380495	chr6	29386386	29386927	541
cCREs380618	chr6	29887105	29887664	559
cCREs380750	chr6	30498088	30498666	578
cCREs380751	chr6	30503492	30504001	509
cCREs381064	chr6	31619759	31620453	694
cCREs381583	chr6	33541102	33541640	538
cCREs381850	chr6	34578089	34578761	672
cCREs381859	chr6	34612151	34612900	749
cCREs381896	chr6	34722586	34723090	504
cCREs381902	chr6	34743927	34744635	708
cCREs381999	chr6	35234115	35234625	510
cCREs382006	chr6	35254067	35254595	528
cCREs382348	chr6	36806690	36807198	508
cCREs382690	chr6	38120563	38121236	673
cCREs383682	chr6	42444429	42444930	501
cCREs383804	chr6	43251658	43252232	574
cCREs385064	chr6	50015658	50016169	511
cCREs385340	chr6	50998714	50999448	734
cCREs385654	chr6	52580083	52580594	511
cCREs386649	chr6	56109018	56109541	523
cCREs387266	chr6	60628726	60629334	608
cCREs387485	chr6	61661371	61661884	513
cCREs388928	chr6	71537941	71538442	501
cCREs388946	chr6	71608928	71609429	501
cCREs389025	chr6	71939446	71940249	803
cCREs389245	chr6	72769884	72770418	534
cCREs389720	chr6	76210060	76210572	512
cCREs389741	chr6	76384315	76384837	522
cCREs389779	chr6	76623521	76624042	521
cCREs390679	chr6	81294069	81294763	694
cCREs391081	chr6	83135535	83136036	501
cCREs391511	chr6	85086511	85087012	501
cCREs391587	chr6	85372402	85372903	501
cCREs391743	chr6	86137801	86138302	501
cCREs392024	chr6	87204337	87204838	501
cCREs392077	chr6	87357614	87358135	521
cCREs392711	chr6	90288981	90289482	501
cCREs392716	chr6	90322564	90323065	501
cCREs392822	chr6	90683818	90684623	805
cCREs393102	chr6	91542681	91543504	823
cCREs393108	chr6	91562972	91563503	531
cCREs393129	chr6	91638117	91638654	537
cCREs393161	chr6	91724660	91725161	501
cCREs393828	chr6	94200956	94201457	501
cCREs393910	chr6	94574310	94575061	751
cCREs393988	chr6	94752830	94753362	532
cCREs394322	chr6	96287177	96287693	516
cCREs394503	chr6	97204441	97204942	501
cCREs394559	chr6	97411235	97411757	522
cCREs394944	chr6	98915216	98915859	643
cCREs395082	chr6	99284893	99285400	507
cCREs395089	chr6	99302652	99303301	649
cCREs395269	chr6	99881570	99882071	501
cCREs395271	chr6	99888332	99888853	521
cCREs395379	chr6	100202024	100202541	517
cCREs396792	chr6	106536160	106536661	501
cCREs397046	chr6	107628623	107629124	501
cCREs397092	chr6	107813165	107813690	525
cCREs397343	chr6	108713540	108714041	501
cCREs397346	chr6	108723243	108723757	514
cCREs398301	chr6	113316627	113317128	501
cCREs398495	chr6	113984672	113985447	775
cCREs398735	chr6	114855688	114856189	501
cCREs398870	chr6	115265849	115266650	801
cCREs399028	chr6	115931006	115931507	501
cCREs399913	chr6	119435340	119435858	518
cCREs400290	chr6	121106826	121107327	501
cCREs400432	chr6	121596636	121597137	501
cCREs400482	chr6	122340971	122341486	515
cCREs400546	chr6	122662764	122663336	572
cCREs400661	chr6	124277595	124278149	554
cCREs400819	chr6	125069308	125069809	501
cCREs400822	chr6	125080355	125080856	501
cCREs400843	chr6	125159850	125160384	534
cCREs400937	chr6	125478014	125478549	535
cCREs401389	chr6	127501634	127502135	501
cCREs401823	chr6	129176556	129177057	501
cCREs402099	chr6	134174971	134175707	736
cCREs402220	chr6	134602364	134603127	763
cCREs402230	chr6	134633482	134634008	526
cCREs402330	chr6	135053606	135054107	501
cCREs402334	chr6	135069629	135070153	524
cCREs402386	chr6	135238112	135238626	514
cCREs402774	chr6	136546868	136547369	501
cCREs402857	chr6	136915991	136916544	553
cCREs402861	chr6	136922573	136923190	617
cCREs404530	chr6	143799330	143799838	508
cCREs405107	chr6	146002380	146002881	501
cCREs405131	chr6	146152939	146153440	501
cCREs405173	chr6	146298135	146298719	584
cCREs405222	chr6	146441558	146442083	525
cCREs405373	chr6	147002386	147002887	501
cCREs405382	chr6	147024705	147025206	501
cCREs405533	chr6	147723129	147723630	501
cCREs405534	chr6	147725600	147726131	531
cCREs405658	chr6	148288250	148288797	547
cCREs405659	chr6	148290953	148291523	570
cCREs405924	chr7	3291129	3291630	501
cCREs406042	chr7	4147253	4147754	501
cCREs406051	chr7	4270341	4270868	527
cCREs406138	chr7	4870146	4870647	501
cCREs406391	chr7	15652504	15653005	501
cCREs406392	chr7	15787039	15787941	902
cCREs406424	chr7	16033645	16034146	501
cCREs406624	chr7	16915493	16915996	503
cCREs406687	chr7	18214716	18215217	501
cCREs406828	chr7	19394512	19395013	501
cCREs406883	chr7	19622192	19622693	501
cCREs406912	chr7	19768911	19769412	501
cCREs407006	chr7	24459091	24459824	733
cCREs407077	chr7	24907423	24907924	501
cCREs407078	chr7	24908141	24908642	501
cCREs407146	chr7	25205973	25206851	878
cCREs407255	chr7	25811054	25811874	820
cCREs407261	chr7	25878707	25879208	501
cCREs407267	chr7	26773205	26773720	515
cCREs407275	chr7	26967613	26968139	526
cCREs407280	chr7	27115876	27116456	580
cCREs407286	chr7	27151513	27152053	540
cCREs407304	chr7	27243159	27243677	518
cCREs407318	chr7	27308669	27309558	889
cCREs407376	chr7	27572082	27572583	501
cCREs407525	chr7	28596565	28597100	535
cCREs407605	chr7	28969894	28970395	501
cCREs407635	chr7	29179264	29179765	501
cCREs407813	chr7	30192827	30193328	501
cCREs407825	chr7	30243337	30243838	501
cCREs407948	chr7	31040928	31041478	550
cCREs408262	chr7	35347868	35348369	501
cCREs408270	chr7	35379475	35379976	501
cCREs408444	chr7	36382514	36383058	544
cCREs408499	chr7	36727862	36728363	501
cCREs409014	chr7	40713564	40714084	520
cCREs409106	chr7	43447933	43448434	501
cCREs409107	chr7	43453520	43454393	873
cCREs409152	chr7	43774447	43775767	1320
cCREs409441	chr7	45426546	45427047	501
cCREs409968	chr7	49204036	49204553	517
cCREs410320	chr7	50554128	50554790	662
cCREs410678	chr7	53310703	53311562	859
cCREs410909	chr7	55052793	55053294	501
cCREs411082	chr7	56143435	56144032	597
cCREs411093	chr7	56184680	56185190	510
cCREs411512	chr7	58403315	58403816	501
cCREs411559	chr7	58691689	58692190	501
cCREs411747	chr7	62205134	62205648	514
cCREs412404	chr7	65585668	65586169	501
cCREs412606	chr7	66446851	66447352	501
cCREs412608	chr7	66451658	66452543	885
cCREs412792	chr7	67402352	67402898	546
cCREs413087	chr7	68386698	68387213	515
cCREs413106	chr7	68475189	68475733	544
cCREs413180	chr7	68843038	68843539	501
cCREs413334	chr7	70165839	70166570	731
cCREs413377	chr7	70380213	70380717	504
cCREs413386	chr7	70436153	70436654	501
cCREs414469	chr7	75355275	75356003	728
cCREs414994	chr7	78316788	78317289	501
cCREs415303	chr7	79333346	79333872	526
cCREs415713	chr7	81006233	81006737	504
cCREs415862	chr7	81690948	81691504	556
cCREs415870	chr7	81708080	81708945	865
cCREs416002	chr7	82349472	82350408	936
cCREs417004	chr7	89716222	89716723	501
cCREs417105	chr7	90164968	90165469	501
cCREs418388	chr7	96747295	96747906	611
cCREs418567	chr7	97438871	97439372	501
cCREs418704	chr7	98176699	98177200	501
cCREs418727	chr7	98342219	98342798	579
cCREs418850	chr7	98849207	98849715	508
cCREs419112	chr7	99691053	99691936	883
cCREs419390	chr7	100884122	100884856	734
cCREs419722	chr7	102224219	102224726	507
cCREs420141	chr7	107568862	107569363	501
cCREs420503	chr7	110255171	110255672	501
cCREs420643	chr7	110830527	110831039	512
cCREs420665	chr7	110914443	110914960	517
cCREs421020	chr7	112224780	112225284	504
cCREs421046	chr7	112280559	112281403	844
cCREs421092	chr7	112412721	112413227	506
cCREs421111	chr7	112498557	112499302	745
cCREs421155	chr7	112688590	112689104	514
cCREs421366	chr7	113460341	113460842	501
cCREs423254	chr7	122332592	122333093	501
cCREs423280	chr7	122393872	122394394	522
cCREs423486	chr7	123139259	123139760	501
cCREs423566	chr7	123497840	123498341	501
cCREs424255	chr7	126766074	126766575	501
cCREs424460	chr7	127946593	127947108	515
cCREs424497	chr7	128243873	128244390	517
cCREs425326	chr7	132231468	132232006	538
cCREs425342	chr7	132267669	132268170	501
cCREs425773	chr7	133931793	133932294	501
cCREs425805	chr7	134061427	134062300	873
cCREs425826	chr7	134162815	134163456	641
cCREs425830	chr7	134173332	134173909	577
cCREs425834	chr7	134185713	134186245	532
cCREs427166	chr7	140353259	140353760	501
cCREs427168	chr7	140359502	140360048	546
cCREs427183	chr7	140497621	140498122	501
cCREs427220	chr7	140834863	140835426	563
cCREs427409	chr7	141770940	141771479	539
cCREs427546	chr7	142484780	142485334	554
cCREs427655	chr7	143146951	143147466	515
cCREs427706	chr7	143416346	143416847	501
cCREs427780	chr7	143831870	143832736	866
cCREs428122	chr7	145239102	145239603	501
cCREs428163	chr8	3222229	3222732	503
cCREs428503	chr8	6373850	6374457	607
cCREs428643	chr8	7525210	7525836	626
cCREs428670	chr8	7711888	7712389	501
cCREs429433	chr8	10619666	10620177	511
cCREs429881	chr8	12233115	12233616	501
cCREs429955	chr8	12512410	12512911	501
cCREs430148	chr8	13204333	13204834	501
cCREs430199	chr8	13433258	13433759	501
cCREs430276	chr8	13686348	13686849	501
cCREs430679	chr8	15059875	15060399	524
cCREs431691	chr8	22707333	22707904	571
cCREs431858	chr8	23443025	23443689	664
cCREs432245	chr8	25077357	25078094	737
cCREs432371	chr8	25505832	25506333	501
cCREs432769	chr8	27157977	27158738	761
cCREs433311	chr8	30218518	30219225	707
cCREs434475	chr8	35418192	35419173	981
cCREs434629	chr8	35944937	35945438	501
cCREs434804	chr8	36486360	36486904	544
cCREs435410	chr8	39833844	39834589	745
cCREs435542	chr8	40574572	40575084	512
cCREs435781	chr8	41716384	41716932	548
cCREs436059	chr8	43465238	43465739	501
cCREs437141	chr8	48299227	48299795	568
cCREs437859	chr8	53059412	53059955	543
cCREs438365	chr8	56336709	56337223	514
cCREs438400	chr8	56496573	56497479	906
cCREs439057	chr8	60491784	60492333	549
cCREs439586	chr8	63420134	63420667	533
cCREs439658	chr8	64026107	64026698	591
cCREs440564	chr8	68149336	68150216	880
cCREs441055	chr8	70491929	70492430	501
cCREs441376	chr8	72270704	72271205	501
cCREs441377	chr8	72271646	72272164	518
cCREs441392	chr8	72324281	72325189	908
cCREs441427	chr8	72438600	72439101	501
cCREs442082	chr8	76342952	76343516	564
cCREs442235	chr8	77133925	77134437	512
cCREs442262	chr8	77241535	77242037	502
cCREs442413	chr8	77725825	77726358	533
cCREs442672	chr8	79059904	79060442	538
cCREs443168	chr8	81406308	81406809	501
cCREs443377	chr8	82353730	82354232	502
cCREs443620	chr8	83462729	83463260	531
cCREs443648	chr8	83639306	83640073	767
cCREs443731	chr8	84071751	84072252	501
cCREs444327	chr8	86690372	86690899	527
cCREs444691	chr8	88260370	88260946	576
cCREs444726	chr8	88437580	88438493	913
cCREs444747	chr8	88528081	88528582	501
cCREs445315	chr8	91198042	91198551	509
cCREs445448	chr8	91647258	91647759	501
cCREs445648	chr8	92844039	92844793	754
cCREs445736	chr8	93283867	93284368	501
cCREs446064	chr8	94552674	94553175	501
cCREs446097	chr8	94681901	94682466	565
cCREs446273	chr8	95358984	95359519	535
cCREs447975	chr8	104349990	104350494	504
cCREs447980	chr8	104364045	104364609	564
cCREs448457	chr8	106631680	106632181	501
cCREs448674	chr8	107495408	107495935	527
cCREs448803	chr8	108170672	108171173	501
cCREs450250	chr8	114413113	114413863	750
cCREs450476	chr8	115400143	115400699	556
cCREs450808	chr8	117111557	117112078	521
cCREs451567	chr8	119733503	119734008	505
cCREs451940	chr8	120973536	120974037	501
cCREs452031	chr8	121404599	121405100	501
cCREs452040	chr8	121446107	121446608	501
cCREs452053	chr8	121483939	121484440	501
cCREs452054	chr8	121487113	121487614	501
cCREs452287	chr8	122312183	122312999	816
cCREs452602	chr8	123722143	123722644	501
cCREs452853	chr8	124535416	124535930	514
cCREs452988	chr8	125087284	125087825	541
cCREs453098	chr8	125431102	125431813	711
cCREs453145	chr8	125562578	125563231	653
cCREs453149	chr8	125570708	125571413	705
cCREs453410	chr8	126504812	126505341	529
cCREs453740	chr8	127643218	127643719	501
cCREs453804	chr8	127885726	127886233	507
cCREs453824	chr8	127971793	127972425	632
cCREs454258	chr9	5528919	5529447	528
cCREs454520	chr9	7942549	7943231	682
cCREs454710	chr9	9123827	9124534	707
cCREs454740	chr9	9213527	9214403	876
cCREs454760	chr9	9319196	9319697	501
cCREs455465	chr9	14192673	14193233	560
cCREs455825	chr9	15718363	15718864	501
cCREs455849	chr9	15845319	15845852	533
cCREs456422	chr9	21346945	21347462	517
cCREs456530	chr9	21787582	21788083	501
cCREs456737	chr9	22761691	22762254	563
cCREs457003	chr9	23878293	23878794	501
cCREs457012	chr9	23918184	23918698	514
cCREs457604	chr9	26927191	26927728	537
cCREs457845	chr9	27811099	27811754	655
cCREs458008	chr9	28292259	28292969	710
cCREs459268	chr9	33101136	33101637	501
cCREs459761	chr9	35168670	35169171	501
cCREs459781	chr9	35261168	35261669	501
cCREs459805	chr9	35346453	35346966	513
cCREs460135	chr9	37513427	37513989	562
cCREs460380	chr9	40240309	40240885	576
cCREs460748	chr9	41494387	41495035	648
cCREs461020	chr9	42423550	42424051	501
cCREs461133	chr9	42742347	42742850	503
cCREs461295	chr9	43325345	43325846	501
cCREs461641	chr9	44711456	44711957	501
cCREs461965	chr9	45919730	45920657	927
cCREs461971	chr9	45943818	45944424	606
cCREs462597	chr9	48410471	48410972	501
cCREs462694	chr9	48784847	48785348	501
cCREs463421	chr9	51538256	51538766	510
cCREs464024	chr9	54443813	54444548	735
cCREs464124	chr9	54949430	54949944	514
cCREs464541	chr9	56860920	56861421	501
cCREs464814	chr9	58125004	58125547	543
cCREs465222	chr9	60017779	60018484	705
cCREs465246	chr9	60100240	60100763	523
cCREs465250	chr9	60114502	60115044	542
cCREs465301	chr9	60298890	60299399	509
cCREs465316	chr9	60335440	60336004	564
cCREs465367	chr9	60582523	60583435	912
cCREs465727	chr9	61999919	62000884	965
cCREs466023	chr9	63110773	63111276	503
cCREs466090	chr9	63454765	63455303	538
cCREs466134	chr9	63651665	63652166	501
cCREs466228	chr9	63936902	63937556	654
cCREs466243	chr9	63991534	63992035	501
cCREs467030	chr9	67614298	67615011	713
cCREs467272	chr9	68825745	68826277	532
cCREs467339	chr9	69057793	69058448	655
cCREs467528	chr9	70022031	70022552	521
cCREs467690	chr9	70692195	70692696	501
cCREs467743	chr9	70926695	70927219	524
cCREs467746	chr9	70937360	70937888	528
cCREs467761	chr9	70992279	70992835	556
cCREs467868	chr9	71514663	71515382	719
cCREs467873	chr9	71538531	71539294	763
cCREs467938	chr9	71764487	71764988	501
cCREs468385	chr9	73723172	73723681	509
cCREs468783	chr9	75580638	75581196	558
cCREs468853	chr9	75897544	75898264	720
cCREs468861	chr9	75981043	75981576	533
cCREs469406	chr9	78579678	78580421	743
cCREs469469	chr9	78981660	78982245	585
cCREs469495	chr9	79101520	79102021	501
cCREs469500	chr9	79121042	79121637	595
cCREs469933	chr9	81484211	81485166	955
cCREs469948	chr9	81586540	81587046	506
cCREs470480	chr9	84133775	84134276	501
cCREs471290	chr9	88244381	88245152	771
cCREs471293	chr9	88259559	88260070	511
cCREs471295	chr9	88262581	88263102	521
cCREs471633	chr9	90280716	90281272	556
cCREs471762	chr9	91253855	91254720	865
cCREs471883	chr9	92130764	92131302	538
cCREs472658	chr9	95527599	95528112	513
cCREs472744	chr9	95845586	95846087	501
cCREs472800	chr9	96254660	96255161	501
cCREs473560	chr9	99284450	99285228	778
cCREs473561	chr9	99291872	99292373	501
cCREs473564	chr9	99304115	99304616	501
cCREs473600	chr9	99420209	99420710	501
cCREs474339	chr9	102981717	102982282	565
cCREs474345	chr9	103000366	103000886	520
cCREs474363	chr9	103088643	103089426	783
cCREs475330	chr9	106883484	106883998	514
cCREs475331	chr9	106884184	106884705	521
cCREs475336	chr9	106902888	106903486	598
cCREs475401	chr9	107288666	107289167	501
cCREs475543	chr9	107714360	107714886	526
cCREs475617	chr9	108098556	108099057	501
cCREs475792	chr9	108840773	108841445	672
cCREs476502	chr9	112314403	112314925	522
cCREs476845	chr9	113701341	113701902	561
cCREs477628	chr9	117046900	117047417	517
cCREs477634	chr9	117069141	117069662	521
cCREs478134	chr9	119055448	119055949	501
cCREs478202	chr9	119407752	119408506	754
cCREs478329	chr9	119932250	119932831	581
cCREs479028	chr9	122368757	122369573	816
cCREs479297	chr9	123453589	123454111	522
cCREs479327	chr9	123542582	123543401	819
cCREs479847	chrX	10230037	10230538	501
cCREs480306	chrX	13275775	13276276	501
cCREs480632	chrX	17215549	17216050	501
cCREs480997	chrX	21578529	21579038	509
cCREs481739	chrX	41924661	41925178	517
cCREs481921	chrX	43777295	43777796	501
cCREs482298	chrX	48722492	48723004	512
cCREs482299	chrX	48723383	48723920	537
cCREs482368	chrX	49377561	49378072	511
cCREs482652	chrX	52215209	52215995	786
cCREs482844	chrX	53695853	53696354	501
cCREs482861	chrX	54041102	54041619	517
cCREs482893	chrX	56482430	56482931	501
cCREs483012	chrX	57359213	57359714	501
cCREs483796	chrX	68996649	68997314	665
cCREs484290	chrX	73571498	73571999	501
cCREs485988	chrX	98929095	98930002	907
cCREs486084	chrX	99413278	99413963	685
cCREs486209	chrX	100225060	100225574	514
cCREs486248	chrX	100556475	100556976	501
cCREs486901	chrX	106953746	106954285	539
cCREs486902	chrX	106956075	106956584	509
cCREs487112	chrX	111051664	111052167	503
cCREs487269	chrX	114450892	114451727	835
cCREs487370	chrX	117298469	117298971	502
cCREs487562	chrX	127320889	127321952	1063
cCREs488009	chrX	133995807	133996327	520
cCREs488021	chrX	134080864	134081467	603
cCREs488048	chrX	134241877	134242441	564
cCREs488601	chrX	139785673	139786205	532
cCREs490240	chrX	159468606	159469107	501
cCREs490705	chrX	162514447	162514956	509
cCREs490729	chrX	162605986	162606518	532
cCREs491041	chrX	164994894	164995423	529
cCREs491142	chrX	166050809	166051696	887
cCREs491143	chrX	166088495	166089249	754
cCREs491639	chrX	168899042	168899543	501
cCREs10	chr1	3117239	3117740	501
cCREs183	chr1	4096172	4096673	501
cCREs342	chr1	5195612	5196113	501
cCREs921	chr1	9758132	9758633	501
cCREs1083	chr1	10602943	10603444	501
cCREs1365	chr1	11986681	11987182	501
cCREs1734	chr1	13663906	13664407	501
cCREs1736	chr1	13669507	13670008	501
cCREs1862	chr1	14287143	14287644	501
cCREs1998	chr1	15107947	15108448	501
cCREs2012	chr1	15216845	15217346	501
cCREs2423	chr1	17183259	17184029	770
cCREs2427	chr1	17249250	17249751	501
cCREs2453	chr1	17483400	17484218	818
cCREs2510	chr1	17944631	17945132	501
cCREs3246	chr1	22178848	22179349	501
cCREs5305	chr1	33911468	33911969	501
cCREs5856	chr1	36114781	36115283	502
cCREs6274	chr1	37583738	37584569	831
cCREs7148	chr1	40696460	40697355	895
cCREs7162	chr1	40771096	40771597	501
cCREs7163	chr1	40774008	40774509	501
cCREs8092	chr1	45184017	45184518	501
cCREs8096	chr1	45211252	45211753	501
cCREs8293	chr1	46622615	46623116	501
cCREs8707	chr1	49929067	49929568	501
cCREs8733	chr1	50172852	50173587	735
cCREs8819	chr1	50921130	50921631	501
cCREs8830	chr1	50957618	50958119	501
cCREs8936	chr1	51243899	51244400	501
cCREs9835	chr1	54901050	54901551	501
cCREs9873	chr1	55139013	55139925	912
cCREs10589	chr1	58307143	58307644	501
cCREs10592	chr1	58338878	58339379	501
cCREs11511	chr1	62715971	62716472	501
cCREs12110	chr1	64967600	64968101	501
cCREs12559	chr1	67030690	67031191	501
cCREs13348	chr1	71318405	71318906	501
cCREs13768	chr1	72862366	72862867	501
cCREs13839	chr1	73114906	73115407	501
cCREs13978	chr1	73676418	73677427	1009
cCREs14115	chr1	74112784	74113285	501
cCREs14309	chr1	74936117	74936878	761
cCREs14987	chr1	78156492	78157751	1259
cCREs14988	chr1	78157909	78158410	501
cCREs15087	chr1	78612934	78613435	501
cCREs15092	chr1	78632365	78632866	501
cCREs15099	chr1	78656435	78656936	501
cCREs15172	chr1	78916877	78917668	791
cCREs15759	chr1	81331230	81331731	501
cCREs15768	chr1	81407324	81407825	501
cCREs15769	chr1	81410740	81411658	918
cCREs15814	chr1	81718139	81718640	501
cCREs15861	chr1	82004963	82005464	501
cCREs15888	chr1	82099136	82099637	501
cCREs15989	chr1	82577635	82578763	1128
cCREs16413	chr1	84297609	84298303	694
cCREs16901	chr1	86962444	86962945	501
cCREs16914	chr1	87011671	87012172	501
cCREs17606	chr1	89729004	89729505	501
cCREs18176	chr1	91833235	91833736	501
cCREs18566	chr1	93170704	93171205	501
cCREs20602	chr1	106538389	106538890	501
cCREs20603	chr1	106540560	106541061	501
cCREs20900	chr1	108050611	108051112	501
cCREs20923	chr1	108266073	108266810	737
cCREs21342	chr1	113120326	113120962	636
cCREs21343	chr1	113123127	113123628	501
cCREs21444	chr1	113924069	113924570	501
cCREs21938	chr1	117287983	117288484	501
cCREs21941	chr1	117293184	117293685	501
cCREs22042	chr1	118595289	118595790	501
cCREs22484	chr1	120644705	120645206	501
cCREs24427	chr1	129744130	129744631	501
cCREs24454	chr1	129866143	129866644	501
cCREs24482	chr1	129976600	129977101	501
cCREs24486	chr1	130008049	130008922	873
cCREs24496	chr1	130072343	130072844	501
cCREs24924	chr1	131943153	131943654	501
cCREs25260	chr1	133018147	133019020	873
cCREs25328	chr1	133243866	133244367	501
cCREs25706	chr1	134799926	134800427	501
cCREs25819	chr1	135191921	135192422	501
cCREs25829	chr1	135252962	135253463	501
cCREs26196	chr1	136391996	136392764	768
cCREs26424	chr1	137458893	137459394	501
cCREs26455	chr1	137577677	137578178	501
cCREs28453	chr1	150476517	150477018	501
cCREs28503	chr1	150734308	150734809	501
cCREs28564	chr1	150961207	150961708	501
cCREs29219	chr1	153249147	153249648	501
cCREs29402	chr1	153915736	153916237	501
cCREs30545	chr1	158379157	158379658	501
cCREs31048	chr1	160285008	160285509	501
cCREs31741	chr1	163324891	163325519	628
cCREs32045	chr1	164601730	164602231	501
cCREs32053	chr1	164634994	164635495	501
cCREs32060	chr1	164672806	164673307	501
cCREs32064	chr1	164678157	164678658	501
cCREs32338	chr1	165678793	165679294	501
cCREs32351	chr1	165704050	165704551	501
cCREs33119	chr1	168912801	168913302	501
cCREs33407	chr1	170054636	170055137	501
cCREs33586	chr1	170590475	170590976	501
cCREs33827	chr1	171509657	171510358	701
cCREs34604	chr1	175437949	175438601	652
cCREs34980	chr1	176833902	176834403	501
cCREs35914	chr1	180869375	180869876	501
cCREs36336	chr1	182593204	182594020	816
cCREs36451	chr1	182966517	182967018	501
cCREs36711	chr1	184167325	184167826	501
cCREs37062	chr1	185580446	185580947	501
cCREs37174	chr1	186113759	186114260	501
cCREs38074	chr1	189918251	189918752	501
cCREs38386	chr1	191346492	191346993	501
cCREs39310	chr1	194625278	194625779	501
cCREs39660	chr10	4017607	4018740	1133
cCREs40530	chr10	8258229	8258730	501
cCREs41380	chr10	11586805	11587306	501
cCREs41424	chr10	11839667	11840168	501
cCREs41477	chr10	12059705	12060206	501
cCREs41645	chr10	12646785	12647286	501
cCREs41804	chr10	13238074	13238575	501
cCREs41808	chr10	13259546	13260263	717
cCREs42577	chr10	17167915	17168416	501
cCREs42642	chr10	17453679	17454180	501
cCREs43339	chr10	20345698	20346199	501
cCREs43456	chr10	20765628	20766129	501
cCREs43832	chr10	22294059	22294560	501
cCREs43974	chr10	23181468	23181969	501
cCREs43975	chr10	23182059	23182560	501
cCREs44087	chr10	23782657	23783158	501
cCREs44177	chr10	24254677	24255178	501
cCREs44305	chr10	24753446	24753947	501
cCREs44586	chr10	25761220	25761721	501
cCREs44864	chr10	26899307	26899808	501
cCREs45086	chr10	28088884	28089385	501
cCREs45090	chr10	28103643	28104144	501
cCREs45381	chr10	29455317	29455818	501
cCREs45400	chr10	29536380	29536881	501
cCREs45409	chr10	29584073	29584574	501
cCREs45481	chr10	30110289	30110790	501
cCREs45483	chr10	30138850	30139351	501
cCREs45485	chr10	30147077	30147807	730
cCREs45512	chr10	30390924	30391425	501
cCREs46796	chr10	38803205	38803706	501
cCREs47678	chr10	42246462	42246963	501
cCREs47688	chr10	42263600	42264101	501
cCREs47854	chr10	42988576	42989077	501
cCREs47860	chr10	43003312	43003813	501
cCREs48358	chr10	45101040	45101802	762
cCREs48744	chr10	47388764	47389265	501
cCREs49553	chr10	53468091	53468592	501
cCREs49648	chr10	53874258	53874759	501
cCREs49653	chr10	53903479	53903980	501
cCREs49664	chr10	53928418	53928919	501
cCREs49728	chr10	54137251	54137752	501
cCREs49780	chr10	54428987	54429726	739
cCREs50228	chr10	57302389	57302890	501
cCREs50244	chr10	57434436	57434937	501
cCREs50364	chr10	58390671	58391172	501
cCREs51618	chr10	63652595	63653096	501
cCREs51657	chr10	63829856	63830357	501
cCREs52205	chr10	66831513	66832014	501
cCREs52250	chr10	66962972	66963473	501
cCREs52311	chr10	67131617	67132118	501
cCREs52818	chr10	69255571	69256072	501
cCREs52822	chr10	69262393	69262894	501
cCREs53162	chr10	70237932	70238433	501
cCREs53170	chr10	70258375	70259067	692
cCREs53350	chr10	70863989	70864490	501
cCREs53411	chr10	71071344	71071845	501
cCREs53835	chr10	73182311	73182812	501
cCREs54148	chr10	74882222	74883156	934
cCREs54380	chr10	75636464	75636965	501
cCREs55202	chr10	79820725	79821226	501
cCREs55415	chr10	80606366	80606867	501
cCREs56161	chr10	84556243	84557205	962
cCREs56476	chr10	85936918	85937419	501
cCREs56683	chr10	86780035	86780536	501
cCREs56688	chr10	86791806	86792307	501
cCREs56705	chr10	86827310	86827811	501
cCREs57031	chr10	88369165	88369666	501
cCREs57070	chr10	88558806	88559564	758
cCREs57120	chr10	88811857	88812358	501
cCREs58485	chr10	94403324	94403825	501
cCREs58644	chr10	94924417	94924918	501
cCREs59360	chr10	97648155	97648656	501
cCREs59579	chr10	98689225	98689726	501
cCREs59893	chr10	99626724	99627225	501
cCREs61375	chr10	107720079	107720580	501
cCREs61415	chr10	107912692	107913193	501
cCREs61438	chr10	107978546	107979047	501
cCREs61521	chr10	108334993	108335494	501
cCREs62115	chr10	110361499	110362139	640
cCREs62414	chr10	111482638	111483336	698
cCREs62492	chr10	111754913	111755493	580
cCREs63234	chr10	115357679	115358180	501
cCREs63352	chr10	115921868	115922369	501
cCREs63355	chr10	115978956	115979457	501
cCREs63831	chr10	117839797	117840298	501
cCREs64198	chr10	119461466	119461967	501
cCREs64373	chr10	119943723	119944515	792
cCREs64962	chr10	122690717	122691218	501
cCREs65018	chr10	122848157	122848691	534
cCREs65428	chr10	124947220	124947721	501
cCREs65462	chr10	125106027	125106528	501
cCREs65566	chr10	125488153	125488654	501
cCREs65620	chr10	125806533	125807034	501
cCREs65698	chr10	126153811	126154312	501
cCREs65881	chr10	127006503	127007004	501
cCREs65953	chr10	127282559	127283209	650
cCREs65954	chr10	127283926	127284427	501
cCREs66040	chr10	127598606	127599107	501
cCREs66191	chr10	128352557	128353058	501
cCREs66434	chr11	3171016	3171517	501
cCREs66549	chr11	3690599	3691100	501
cCREs67487	chr11	7780574	7781410	836
cCREs67808	chr11	9258785	9259286	501
cCREs68236	chr11	12031452	12031953	501
cCREs68253	chr11	12104333	12104834	501
cCREs68414	chr11	12858277	12858778	501
cCREs68670	chr11	14596030	14596531	501
cCREs68911	chr11	16548570	16549071	501
cCREs68913	chr11	16557587	16558088	501
cCREs69398	chr11	19229917	19230758	841
cCREs69411	chr11	19317394	19317895	501
cCREs69438	chr11	19460205	19460706	501
cCREs69608	chr11	20176607	20177108	501
cCREs69770	chr11	20962612	20963521	909
cCREs69828	chr11	21164965	21165466	501
cCREs70695	chr11	25330680	25331472	792
cCREs70720	chr11	25459882	25460550	668
cCREs71528	chr11	30164495	30165176	681
cCREs72492	chr11	34145908	34146409	501
cCREs72657	chr11	34976647	34977148	501
cCREs72899	chr11	35681944	35682445	501
cCREs72918	chr11	35750501	35751192	691
cCREs72954	chr11	35886659	35887880	1221
cCREs74543	chr11	43402212	43402713	501
cCREs74629	chr11	43720824	43721325	501
cCREs74705	chr11	44008313	44008814	501
cCREs75126	chr11	45879199	45879700	501
cCREs75731	chr11	48365243	48365744	501
cCREs75752	chr11	48444575	48445076	501
cCREs76189	chr11	50461475	50462378	903
cCREs76223	chr11	50621359	50621860	501
cCREs76277	chr11	50771676	50772177	501
cCREs76389	chr11	51463861	51464362	501
cCREs76438	chr11	51656961	51657474	513
cCREs77242	chr11	55329288	55329789	501
cCREs77991	chr11	58453607	58454536	929
cCREs78561	chr11	61182923	61183722	799
cCREs78925	chr11	62950602	62951103	501
cCREs78963	chr11	63098202	63098703	501
cCREs79549	chr11	65765237	65765738	501
cCREs79870	chr11	67120291	67121117	826
cCREs80219	chr11	68338415	68338916	501
cCREs80220	chr11	68339354	68340291	937
cCREs80402	chr11	69067567	69068068	501
cCREs80469	chr11	69370853	69371354	501
cCREs80474	chr11	69399692	69400193	501
cCREs80501	chr11	69516620	69517121	501
cCREs80617	chr11	70073283	70073784	501
cCREs80643	chr11	70200106	70200607	501
cCREs81474	chr11	75016403	75016904	501
cCREs81562	chr11	75304615	75305116	501
cCREs81805	chr11	76295913	76296414	501
cCREs81809	chr11	76301811	76302312	501
cCREs81828	chr11	76361443	76361944	501
cCREs81946	chr11	76773789	76774290	501
cCREs82225	chr11	78262527	78263028	501
cCREs82489	chr11	79442252	79442753	501
cCREs82570	chr11	79715248	79715749	501
cCREs82637	chr11	80078090	80078591	501
cCREs82658	chr11	80190328	80190829	501
cCREs83826	chr11	85599963	85600651	688
cCREs84432	chr11	88496265	88496892	627
cCREs84513	chr11	88686992	88687553	561
cCREs84572	chr11	88960906	88961407	501
cCREs84726	chr11	89672426	89672990	564
cCREs84783	chr11	89914559	89915060	501
cCREs84996	chr11	90634601	90635102	501
cCREs85229	chr11	92296207	92296972	765
cCREs85549	chr11	93952329	93952830	501
cCREs85866	chr11	95341557	95342058	501
cCREs86152	chr11	96968441	96968942	501
cCREs86230	chr11	97338124	97338827	703
cCREs86653	chr11	99044231	99044732	501
cCREs86828	chr11	100122950	100123451	501
cCREs86839	chr11	100174511	100175012	501
cCREs86863	chr11	100284934	100285435	501
cCREs87090	chr11	101229341	101229842	501
cCREs87109	chr11	101289846	101290347	501
cCREs87322	chr11	102226024	102226525	501
cCREs87957	chr11	105314316	105314919	603
cCREs88351	chr11	107022346	107022847	501
cCREs88478	chr11	107447327	107447828	501
cCREs89013	chr11	109351401	109351902	501
cCREs89222	chr11	110157038	110157539	501
cCREs89413	chr11	111154000	111154621	621
cCREs89796	chr11	113094861	113095362	501
cCREs90762	chr11	116648805	116649306	501
cCREs91567	chr11	119314533	119315034	501
cCREs91830	chr11	120219370	120219871	501
cCREs92035	chr11	121198571	121199072	501
cCREs92518	chr12	4538797	4539993	1196
cCREs93024	chr12	6854488	6854989	501
cCREs93572	chr12	9353023	9353524	501
cCREs93695	chr12	10135738	10136556	818
cCREs93719	chr12	10282363	10282864	501
cCREs93771	chr12	10544423	10544924	501
cCREs93822	chr12	10783953	10784454	501
cCREs93854	chr12	10939368	10939869	501
cCREs95045	chr12	16169692	16170193	501
cCREs95046	chr12	16170393	16170894	501
cCREs95047	chr12	16171546	16172047	501
cCREs95158	chr12	16595553	16596420	867
cCREs95587	chr12	21328686	21329187	501
cCREs95697	chr12	24689902	24690671	769
cCREs95773	chr12	24972173	24972674	501
cCREs96101	chr12	26325049	26325550	501
cCREs96448	chr12	27998275	27998776	501
cCREs97631	chr12	32572002	32572503	501
cCREs97646	chr12	32624542	32625043	501
cCREs97648	chr12	32630008	32630509	501
cCREs97652	chr12	32640601	32641102	501
cCREs97906	chr12	33517875	33518376	501
cCREs98017	chr12	34270620	34271121	501
cCREs98429	chr12	36003725	36004226	501
cCREs99293	chr12	40281360	40281861	501
cCREs103865	chr12	67147614	67148115	501
cCREs104209	chr12	69473990	69474491	501
cCREs104707	chr12	71277499	71278000	501
cCREs104730	chr12	71351032	71351876	844
cCREs105076	chr12	72502418	72502919	501
cCREs105090	chr12	72598190	72598785	595
cCREs105091	chr12	72600337	72600838	501
cCREs105135	chr12	72983379	72983880	501
cCREs105139	chr12	73035324	73035825	501
cCREs105140	chr12	73036857	73037358	501
cCREs105597	chr12	74993731	74994232	501
cCREs106282	chr12	77751389	77751890	501
cCREs106594	chr12	79402149	79402650	501
cCREs106626	chr12	79541490	79541991	501
cCREs106732	chr12	79900672	79901173	501
cCREs106739	chr12	79913854	79914355	501
cCREs106749	chr12	79935556	79936057	501
cCREs107061	chr12	81077946	81078447	501
cCREs108023	chr12	85226163	85226664	501
cCREs108244	chr12	86023090	86023591	501
cCREs108246	chr12	86036088	86036852	764
cCREs108570	chr12	87320235	87320736	501
cCREs109780	chr12	93706226	93706727	501
cCREs110156	chr12	95988593	95989094	501
cCREs110160	chr12	96025081	96025582	501
cCREs110852	chr12	99349627	99350128	501
cCREs110875	chr12	99413414	99413915	501
cCREs111196	chr12	100450185	100450686	501
cCREs111509	chr12	102152178	102152679	501
cCREs111529	chr12	102212421	102213102	681
cCREs112999	chr12	108270257	108270758	501
cCREs113000	chr12	108272898	108273399	501
cCREs113091	chr12	108597576	108598077	501
cCREs113166	chr12	108873865	108874366	501
cCREs113874	chr12	112053681	112054182	501
cCREs114301	chr12	116366885	116367731	846
cCREs114305	chr12	116381594	116382095	501
cCREs114820	chr12	118310253	118310754	501
cCREs115108	chr13	3556329	3556830	501
cCREs115464	chr13	5837940	5838641	701
cCREs115687	chr13	6624837	6625338	501
cCREs116049	chr13	8855146	8855969	823
cCREs116135	chr13	9271256	9271878	622
cCREs116479	chr13	10592954	10593455	501
cCREs116955	chr13	13446165	13446666	501
cCREs117351	chr13	15703039	15703540	501
cCREs117496	chr13	16554454	16554955	501
cCREs117536	chr13	16744110	16744611	501
cCREs117891	chr13	18731704	18732205	501
cCREs117894	chr13	18739525	18740026	501
cCREs118077	chr13	19482668	19483169	501
cCREs118087	chr13	19536083	19536584	501
cCREs118190	chr13	20059582	20060083	501
cCREs118646	chr13	22200724	22201225	501
cCREs119784	chr13	28700126	28700940	814
cCREs120588	chr13	31865876	31866377	501
cCREs120615	chr13	31957533	31958034	501
cCREs120676	chr13	32203658	32204159	501
cCREs120729	chr13	32488789	32489290	501
cCREs120736	chr13	32501106	32501607	501
cCREs120749	chr13	32600127	32600628	501
cCREs120765	chr13	32668903	32669404	501
cCREs120824	chr13	32897917	32898418	501
cCREs120856	chr13	33051584	33052365	781
cCREs120914	chr13	33952063	33952574	511
cCREs121969	chr13	38281779	38283257	1478
cCREs121977	chr13	38311207	38311708	501
cCREs121991	chr13	38350738	38351239	501
cCREs121998	chr13	38375453	38375954	501
cCREs122592	chr13	41649292	41649793	501
cCREs123532	chr13	45033469	45033970	501
cCREs123571	chr13	45181775	45182276	501
cCREs124403	chr13	48378721	48379222	501
cCREs124702	chr13	49519367	49520101	734
cCREs125290	chr13	52753387	52754029	642
cCREs125627	chr13	54127282	54127783	501
cCREs125797	chr13	54634960	54635461	501
cCREs125936	chr13	55243083	55243584	501
cCREs126234	chr13	56616430	56616931	501
cCREs126733	chr13	58518032	58518533	501
cCREs126826	chr13	58930097	58930598	501
cCREs127177	chr13	60192790	60193291	501
cCREs127178	chr13	60193352	60193853	501
cCREs127218	chr13	60362677	60363178	501
cCREs127529	chr13	63304363	63304864	501
cCREs127534	chr13	63314300	63314801	501
cCREs127609	chr13	63652237	63652861	624
cCREs128869	chr13	72833194	72834187	993
cCREs128888	chr13	72933337	72933838	501
cCREs129043	chr13	73757904	73758405	501
cCREs129536	chr13	76552990	76553491	501
cCREs130175	chr13	81038698	81039199	501
cCREs130418	chr13	82108766	82109429	663
cCREs130431	chr13	82224325	82224826	501
cCREs130489	chr13	82545579	82546080	501
cCREs131599	chr13	90202752	90203592	840
cCREs131656	chr13	90474048	90474976	928
cCREs131680	chr13	90571232	90571733	501
cCREs132645	chr13	94390468	94390969	501
cCREs133618	chr13	98042622	98043488	866
cCREs133702	chr13	98362972	98363473	501
cCREs133704	chr13	98373344	98373993	649
cCREs133708	chr13	98389160	98389661	501
cCREs133720	chr13	98429268	98429769	501
cCREs133734	chr13	98480550	98481259	709
cCREs134115	chr13	99732269	99732770	501
cCREs134142	chr13	99827893	99828394	501
cCREs135221	chr13	104657663	104658164	501
cCREs135331	chr13	105042728	105043229	501
cCREs135333	chr13	105044864	105045365	501
cCREs136956	chr13	111294958	111295459	501
cCREs137089	chr13	112008394	112008895	501
cCREs137211	chr13	112435616	112436117	501
cCREs137271	chr13	112676006	112676507	501
cCREs137751	chr13	114599334	114599835	501
cCREs138156	chr13	116942972	116943473	501
cCREs138193	chr13	117027122	117027623	501
cCREs138827	chr14	7962278	7962779	501
cCREs139240	chr14	9782928	9783429	501
cCREs140697	chr14	16459848	16460349	501
cCREs140722	chr14	16549276	16549777	501
cCREs140772	chr14	16776883	16777384	501
cCREs140895	chr14	17578653	17579165	512
cCREs142801	chr14	25750580	25751081	501
cCREs142822	chr14	25812183	25812684	501
cCREs142840	chr14	25874171	25874672	501
cCREs143104	chr14	27646181	27646917	736
cCREs143119	chr14	27682135	27683131	996
cCREs143138	chr14	27733920	27734608	688
cCREs143412	chr14	28638975	28639476	501
cCREs143597	chr14	29472240	29472741	501
cCREs143898	chr14	30472347	30473292	945
cCREs143942	chr14	30622180	30622712	532
cCREs144268	chr14	32091168	32091669	501
cCREs144706	chr14	33919185	33919686	501
cCREs144788	chr14	34349011	34349512	501
cCREs145326	chr14	36970939	36971440	501
cCREs145329	chr14	36983850	36984747	897
cCREs145330	chr14	36984828	36985329	501
cCREs145830	chr14	39873065	39873566	501
cCREs146149	chr14	44898675	44899176	501
cCREs146363	chr14	45989750	45990251	501
cCREs146406	chr14	46196723	46197585	862
cCREs146473	chr14	46594047	46594548	501
cCREs146914	chr14	48329898	48330399	501
cCREs147057	chr14	49153708	49154252	544
cCREs147356	chr14	51779035	51779536	501
cCREs147951	chr14	55571691	55572192	501
cCREs147958	chr14	55613238	55613739	501
cCREs148209	chr14	57311415	57311916	501
cCREs148786	chr14	59940312	59940813	501
cCREs149242	chr14	61904439	61905165	726
cCREs150161	chr14	65370459	65370960	501
cCREs150288	chr14	65851975	65852476	501
cCREs150405	chr14	66302965	66303785	820
cCREs150590	chr14	66980746	66981247	501
cCREs150796	chr14	67881586	67882087	501
cCREs150813	chr14	67939613	67940114	501
cCREs150828	chr14	67997219	67997720	501
cCREs151305	chr14	70517551	70518052	501
cCREs151686	chr14	72345222	72345723	501
cCREs152529	chr14	75819941	75820442	501
cCREs152659	chr14	76270987	76271488	501
cCREs152721	chr14	76511659	76512288	629
cCREs152750	chr14	76594355	76594856	501
cCREs152887	chr14	76979409	76980149	740
cCREs153619	chr14	79574232	79574733	501
cCREs154096	chr14	81987730	81988231	501
cCREs154101	chr14	82043924	82044425	501
cCREs154536	chr14	86050162	86050663	501
cCREs155833	chr14	94690631	94691132	501
cCREs155835	chr14	94700949	94701450	501
cCREs155837	chr14	94708238	94708739	501
cCREs155838	chr14	94716888	94717542	654
cCREs156501	chr14	99442451	99443238	787
cCREs156519	chr14	99505089	99505590	501
cCREs156538	chr14	99576038	99576539	501
cCREs156897	chr14	100975231	100975732	501
cCREs157164	chr14	102027430	102027931	501
cCREs157182	chr14	102090461	102090962	501
cCREs157439	chr14	103280712	103281500	788
cCREs157758	chr14	105032158	105032659	501
cCREs159067	chr14	114410987	114411488	501
cCREs159632	chr14	117379845	117380506	661
cCREs159931	chr14	118595648	118596149	501
cCREs159937	chr14	118614835	118615336	501
cCREs159954	chr14	118671900	118672401	501
cCREs160284	chr14	119913195	119913918	723
cCREs160879	chr14	121770783	121771284	501
cCREs161336	chr14	123752912	123753741	829
cCREs161507	chr15	3371802	3372717	915
cCREs162199	chr15	7247241	7247742	501
cCREs162201	chr15	7261401	7262197	796
cCREs162269	chr15	7642203	7643043	840
cCREs162531	chr15	9080197	9080698	501
cCREs163118	chr15	11901677	11902178	501
cCREs163124	chr15	11945454	11945955	501
cCREs163125	chr15	11946268	11946769	501
cCREs163140	chr15	11985681	11986400	719
cCREs163258	chr15	12363882	12364383	501
cCREs163263	chr15	12380496	12381275	779
cCREs163268	chr15	12403203	12403704	501
cCREs163778	chr15	15243091	15243592	501
cCREs165155	chr15	25469096	25469886	790
cCREs165221	chr15	25688562	25689063	501
cCREs165241	chr15	25746081	25746617	536
cCREs165550	chr15	26892997	26893498	501
cCREs166085	chr15	28870997	28871498	501
cCREs166326	chr15	30476925	30477426	501
cCREs166833	chr15	32189796	32190297	501
cCREs167133	chr15	33655132	33656041	909
cCREs167606	chr15	36294851	36295352	501
cCREs167712	chr15	36697459	36697960	501
cCREs168930	chr15	41787089	41787590	501
cCREs169042	chr15	42431578	42432425	847
cCREs169132	chr15	42872263	42872764	501
cCREs169433	chr15	44606536	44607065	529
cCREs169624	chr15	45602234	45602735	501
cCREs169650	chr15	45966595	45967096	501
cCREs169654	chr15	45998718	45999219	501
cCREs169659	chr15	46104822	46105540	718
cCREs169670	chr15	46318170	46319126	956
cCREs170403	chr15	51855330	51855831	501
cCREs170623	chr15	53061446	53062087	641
cCREs170872	chr15	54096596	54097097	501
cCREs170875	chr15	54105463	54105964	501
cCREs170880	chr15	54130739	54131240	501
cCREs170937	chr15	54442023	54442524	501
cCREs170951	chr15	54506091	54506592	501
cCREs170955	chr15	54518114	54518615	501
cCREs170958	chr15	54529218	54529719	501
cCREs171140	chr15	55232004	55232798	794
cCREs171548	chr15	57685291	57685792	501
cCREs172467	chr15	61225500	61226001	501
cCREs172470	chr15	61238803	61239304	501
cCREs173080	chr15	64137769	64138270	501
cCREs173962	chr15	67582299	67582800	501
cCREs173970	chr15	67613382	67613883	501
cCREs175638	chr15	74730244	74730949	705
cCREs176154	chr15	77298387	77298888	501
cCREs176250	chr15	77834750	77835251	501
cCREs176722	chr15	79532231	79532732	501
cCREs177263	chr15	81834091	81834592	501
cCREs177317	chr15	81994547	81995048	501
cCREs177411	chr15	82341681	82342182	501
cCREs178091	chr15	85210637	85211138	501
cCREs178222	chr15	85685816	85686317	501
cCREs178476	chr15	86645227	86645728	501
cCREs179112	chr15	89425446	89426146	700
cCREs179125	chr15	89481202	89481703	501
cCREs179292	chr15	90313029	90313530	501
cCREs180855	chr15	96689878	96690379	501
cCREs180891	chr15	96873012	96873775	763
cCREs180897	chr15	96903321	96904179	858
cCREs180900	chr15	96915502	96916003	501
cCREs180901	chr15	96921512	96922013	501
cCREs180903	chr15	96929913	96930414	501
cCREs180905	chr15	96931610	96932111	501
cCREs181551	chr15	99835311	99835812	501
cCREs181601	chr15	100095099	100095600	501
cCREs182141	chr15	102424365	102425032	667
cCREs182421	chr15	103879796	103880297	501
cCREs183225	chr16	6994724	6995225	501
cCREs183325	chr16	7326839	7327340	501
cCREs183402	chr16	7709982	7710483	501
cCREs183707	chr16	9396742	9397919	1177
cCREs183914	chr16	10285709	10286210	501
cCREs183961	chr16	10465030	10465724	694
cCREs184705	chr16	13460159	13460660	501
cCREs184833	chr16	14132444	14133240	796
cCREs184874	chr16	14363981	14364482	501
cCREs184939	chr16	15053792	15054293	501
cCREs184951	chr16	15153397	15153898	501
cCREs184962	chr16	15293985	15294486	501
cCREs185342	chr16	17892630	17893131	501
cCREs185382	chr16	18102794	18103295	501
cCREs185552	chr16	18801194	18801695	501
cCREs186601	chr16	24543807	24544441	634
cCREs186653	chr16	24755813	24756579	766
cCREs186911	chr16	25825954	25826455	501
cCREs187771	chr16	29896583	29897084	501
cCREs187776	chr16	29916852	29917353	501
cCREs187932	chr16	30577647	30578148	501
cCREs187942	chr16	30606376	30606877	501
cCREs188644	chr16	33795817	33796318	501
cCREs188699	chr16	34029759	34030261	502
cCREs189587	chr16	37658409	37658910	501
cCREs189762	chr16	38273605	38274106	501
cCREs189826	chr16	38606575	38607076	501
cCREs189852	chr16	38683654	38684155	501
cCREs190201	chr16	40269818	40270455	637
cCREs190678	chr16	42343818	42344319	501
cCREs190812	chr16	42929078	42929579	501
cCREs191027	chr16	43806047	43806758	711
cCREs191072	chr16	43958043	43958544	501
cCREs191240	chr16	44553265	44553766	501
cCREs191241	chr16	44555625	44556126	501
cCREs191279	chr16	44676367	44676868	501
cCREs192049	chr16	49098637	49099138	501
cCREs192053	chr16	49127796	49128297	501
cCREs192078	chr16	49246265	49246766	501
cCREs192821	chr16	52491686	52492187	501
cCREs192922	chr16	53092633	53093134	501
cCREs192965	chr16	53442141	53442834	693
cCREs193035	chr16	54156757	54157471	714
cCREs193133	chr16	54816123	54816624	501
cCREs193478	chr16	56603846	56604347	501
cCREs193721	chr16	57716977	57717716	739
cCREs193752	chr16	57886993	57887494	501
cCREs193778	chr16	58039460	58039961	501
cCREs193792	chr16	58127218	58127719	501
cCREs193970	chr16	59524325	59525157	832
cCREs194322	chr16	62025981	62026482	501
cCREs194461	chr16	62845301	62845802	501
cCREs194958	chr16	65662206	65663265	1059
cCREs195420	chr16	68604062	68605203	1141
cCREs195491	chr16	69422166	69422667	501
cCREs197065	chr16	77403844	77404345	501
cCREs197129	chr16	77640637	77641138	501
cCREs197161	chr16	77749040	77749994	954
cCREs197199	chr16	77911607	77912108	501
cCREs197205	chr16	77946387	77946888	501
cCREs197321	chr16	78470247	78470748	501
cCREs197974	chr16	82993764	82994540	776
cCREs198524	chr16	85929852	85930353	501
cCREs198537	chr16	85985554	85986055	501
cCREs198595	chr16	86329047	86329548	501
cCREs198650	chr16	86660373	86660874	501
cCREs198660	chr16	86733736	86734237	501
cCREs198669	chr16	86797057	86797558	501
cCREs198686	chr16	86887268	86887983	715
cCREs198779	chr16	87356628	87357129	501
cCREs199585	chr16	90756395	90756896	501
cCREs200012	chr16	92365414	92365915	501
cCREs200058	chr16	92489220	92489751	531
cCREs200265	chr16	93485580	93486081	501
cCREs200297	chr16	93652473	93652974	501
cCREs201269	chr16	97586457	97586958	501
cCREs201349	chr17	3005112	3005613	501
cCREs201659	chr17	4507820	4508321	501
cCREs202039	chr17	5919048	5919549	501
cCREs202173	chr17	6774350	6774851	501
cCREs202284	chr17	7533611	7534112	501
cCREs203386	chr17	12294357	12294858	501
cCREs203705	chr17	14262198	14262699	501
cCREs203789	chr17	14626567	14627068	501
cCREs203985	chr17	15809388	15809889	501
cCREs204047	chr17	16346733	16347234	501
cCREs204052	chr17	16428989	16429490	501
cCREs205258	chr17	28060599	28061100	501
cCREs205350	chr17	28506842	28507343	501
cCREs206207	chr17	31952904	31953405	501
cCREs206274	chr17	32250035	32250536	501
cCREs206776	chr17	35984826	35985327	501
cCREs207544	chr17	44259410	44259911	501
cCREs207546	chr17	44283902	44284403	501
cCREs207615	chr17	44591903	44593028	1125
cCREs207679	chr17	44799193	44799694	501
cCREs208274	chr17	47596789	47597290	501
cCREs208426	chr17	48371344	48371845	501
cCREs208451	chr17	48484772	48485449	677
cCREs208471	chr17	48547538	48548039	501
cCREs208692	chr17	49475307	49475808	501
cCREs209723	chr17	56007008	56007509	501
cCREs210123	chr17	58066432	58066933	501
cCREs210494	chr17	61561195	61561696	501
cCREs210512	chr17	61865991	61866861	870
cCREs210689	chr17	62774691	62775192	501
cCREs210950	chr17	63710069	63710570	501
cCREs212995	chr17	72092152	72092653	501
cCREs213144	chr17	72734522	72735280	758
cCREs213863	chr17	75998710	75999211	501
cCREs214186	chr17	78327781	78328282	501
cCREs214188	chr17	78332392	78333022	630
cCREs214520	chr17	79775974	79776475	501
cCREs214562	chr17	79973277	79974127	850
cCREs215262	chr17	83070010	83070511	501
cCREs215264	chr17	83071957	83072458	501
cCREs215302	chr17	83205458	83206255	797
cCREs215627	chr17	84325590	84326091	501
cCREs215950	chr17	85802492	85802993	501
cCREs216172	chr17	86525987	86526488	501
cCREs217203	chr17	91289232	91289989	757
cCREs217439	chr17	94169345	94169846	501
cCREs217506	chr17	94684030	94684816	786
cCREs217507	chr17	94686319	94686820	501
cCREs217508	chr17	94728014	94728515	501
cCREs217566	chr18	3647612	3648475	863
cCREs217850	chr18	4990107	4990608	501
cCREs218210	chr18	6720261	6720762	501
cCREs218284	chr18	7093785	7094286	501
cCREs219428	chr18	13136164	13136665	501
cCREs219631	chr18	13968633	13969134	501
cCREs219662	chr18	14184518	14185019	501
cCREs220445	chr18	18716259	18716760	501
cCREs221055	chr18	22066845	22067346	501
cCREs221056	chr18	22068605	22069106	501
cCREs222629	chr18	29104923	29105424	501
cCREs222696	chr18	29549622	29550123	501
cCREs222856	chr18	30242487	30242988	501
cCREs223029	chr18	30961860	30962361	501
cCREs223382	chr18	32563462	32563963	501
cCREs224121	chr18	35765895	35766396	501
cCREs224709	chr18	38749242	38749743	501
cCREs224772	chr18	38911205	38911706	501
cCREs225271	chr18	40704876	40705377	501
cCREs225872	chr18	43470315	43470816	501
cCREs225873	chr18	43473141	43473642	501
cCREs225877	chr18	43496939	43497440	501
cCREs226222	chr18	45085203	45085704	501
cCREs227867	chr18	52893706	52894207	501
cCREs227879	chr18	52924771	52925272	501
cCREs227992	chr18	53476725	53477226	501
cCREs228145	chr18	54156533	54157034	501
cCREs228652	chr18	56035840	56036583	743
cCREs229086	chr18	57634341	57634842	501
cCREs229175	chr18	57944240	57944741	501
cCREs229176	chr18	57944930	57945443	513
cCREs229377	chr18	59053233	59054064	831
cCREs229639	chr18	60519197	60519698	501
cCREs229914	chr18	61219714	61220591	877
cCREs229922	chr18	61256669	61257328	659
cCREs229926	chr18	61276712	61277213	501
cCREs230214	chr18	62126980	62127481	501
cCREs230466	chr18	63154495	63154996	501
cCREs230469	chr18	63172351	63172852	501
cCREs230488	chr18	63295250	63295751	501
cCREs231052	chr18	65550687	65551188	501
cCREs231589	chr18	67749624	67750125	501
cCREs231591	chr18	67761611	67762486	875
cCREs232398	chr18	70833429	70833930	501
cCREs232420	chr18	70967748	70968249	501
cCREs232482	chr18	71356674	71357483	809
cCREs232498	chr18	71434773	71435274	501
cCREs232513	chr18	71506927	71507428	501
cCREs233336	chr18	75156749	75157250	501
cCREs233412	chr18	75376459	75376960	501
cCREs233572	chr18	75830697	75831198	501
cCREs233601	chr18	75957651	75958152	501
cCREs234973	chr18	82116634	82117135	501
cCREs234975	chr18	82122676	82123177	501
cCREs235197	chr18	82889912	82890413	501
cCREs236461	chr18	89781329	89781830	501
cCREs236878	chr19	5108754	5109255	501
cCREs237434	chr19	8608601	8609102	501
cCREs237435	chr19	8610079	8610580	501
cCREs237919	chr19	11347654	11348155	501
cCREs238177	chr19	14226377	14226913	536
cCREs238559	chr19	16176819	16177320	501
cCREs238833	chr19	17396758	17397259	501
cCREs238835	chr19	17404457	17404958	501
cCREs238836	chr19	17410647	17411148	501
cCREs238840	chr19	17434249	17434750	501
cCREs238841	chr19	17441519	17442335	816
cCREs238842	chr19	17443624	17444125	501
cCREs238851	chr19	17471116	17471617	501
cCREs238852	chr19	17471750	17472251	501
cCREs238954	chr19	17831306	17831807	501
cCREs239113	chr19	18624720	18625451	731
cCREs239350	chr19	20430477	20431138	661
cCREs239596	chr19	21645068	21645707	639
cCREs240068	chr19	23498654	23499155	501
cCREs240469	chr19	24821443	24821944	501
cCREs240793	chr19	26574793	26575294	501
cCREs240839	chr19	26710313	26710814	501
cCREs240894	chr19	26871228	26871729	501
cCREs241447	chr19	29025525	29026026	501
cCREs241451	chr19	29040095	29040596	501
cCREs241593	chr19	29666943	29667444	501
cCREs242322	chr19	33033908	33034409	501
cCREs242966	chr19	36647506	36648007	501
cCREs243011	chr19	36820377	36820878	501
cCREs243365	chr19	38418914	38419415	501
cCREs243366	chr19	38422824	38423587	763
cCREs243370	chr19	38441673	38442174	501
cCREs243418	chr19	38622377	38622878	501
cCREs243588	chr19	40454013	40454514	501
cCREs243785	chr19	41269235	41269736	501
cCREs244907	chr19	46658809	46659310	501
cCREs245625	chr19	49740582	49741083	501
cCREs245859	chr19	50695902	50696403	501
cCREs246847	chr19	55783522	55784023	501
cCREs246921	chr19	56086936	56087437	501
cCREs246924	chr19	56110309	56110810	501
cCREs247275	chr19	57362596	57363097	501
cCREs247424	chr19	57951973	57952474	501
cCREs248121	chr19	61051193	61051694	501
cCREs248127	chr19	61072305	61073058	753
cCREs248128	chr19	61080091	61080592	501
cCREs248838	chr2	5991171	5991672	501
cCREs248973	chr2	6481228	6481729	501
cCREs249323	chr2	7567851	7568352	501
cCREs249356	chr2	7807487	7807988	501
cCREs249396	chr2	7986061	7986562	501
cCREs249532	chr2	8714409	8714910	501
cCREs249711	chr2	10128569	10129070	501
cCREs249814	chr2	10675559	10676060	501
cCREs250871	chr2	16240814	16241584	770
cCREs250933	chr2	16514850	16515795	945
cCREs250982	chr2	16743615	16744116	501
cCREs251291	chr2	18194489	18195155	666
cCREs251591	chr2	19724030	19724531	501
cCREs252261	chr2	22988715	22989216	501
cCREs252263	chr2	22994740	22995241	501
cCREs253017	chr2	27317151	27317652	501
cCREs253125	chr2	27723526	27724027	501
cCREs253126	chr2	27724638	27725139	501
cCREs253132	chr2	27744400	27744901	501
cCREs253546	chr2	29419531	29420370	839
cCREs253638	chr2	29690375	29691204	829
cCREs254328	chr2	32482690	32483191	501
cCREs254873	chr2	34360862	34361363	501
cCREs254875	chr2	34361997	34362498	501
cCREs255070	chr2	35279041	35279542	501
cCREs255744	chr2	38934911	38935412	501
cCREs256771	chr2	44945932	44946433	501
cCREs257190	chr2	47472527	47473028	501
cCREs257951	chr2	50935430	50935931	501
cCREs258210	chr2	52107651	52108152	501
cCREs258759	chr2	54518148	54518649	501
cCREs258773	chr2	54582180	54582681	501
cCREs259700	chr2	59429420	59429921	501
cCREs259728	chr2	59516488	59516989	501
cCREs260181	chr2	61226740	61227241	501
cCREs260248	chr2	61521978	61522479	501
cCREs260372	chr2	62141572	62142073	501
cCREs260895	chr2	64808677	64809308	631
cCREs261827	chr2	68846054	68846555	501
cCREs262013	chr2	69470407	69471292	885
cCREs262019	chr2	69486694	69487195	501
cCREs262409	chr2	71156249	71156750	501
cCREs262679	chr2	72110369	72110870	501
cCREs264213	chr2	78357678	78358179	501
cCREs264214	chr2	78360984	78361485	501
cCREs264564	chr2	79817362	79818134	772
cCREs264732	chr2	80442014	80442515	501
cCREs265189	chr2	83275963	83276464	501
cCREs265233	chr2	83669953	83670454	501
cCREs265685	chr2	86013047	86013548	501
cCREs266783	chr2	93639849	93640350	501
cCREs268592	chr2	103537771	103538272	501
cCREs268652	chr2	103704117	103704618	501
cCREs269472	chr2	107254104	107254605	501
cCREs269497	chr2	107349589	107350090	501
cCREs269561	chr2	107715840	107716341	501
cCREs269673	chr2	108518868	108519369	501
cCREs269689	chr2	108617784	108618285	501
cCREs269943	chr2	109992399	109993107	708
cCREs269965	chr2	110137167	110137668	501
cCREs269972	chr2	110167275	110167776	501
cCREs270911	chr2	115130268	115130945	677
cCREs270940	chr2	115284507	115285008	501
cCREs270965	chr2	115422644	115423145	501
cCREs271430	chr2	117300059	117300887	828
cCREs271513	chr2	117597531	117598032	501
cCREs271520	chr2	117627658	117628159	501
cCREs272238	chr2	121089605	121090106	501
cCREs272239	chr2	121092680	121093181	501
cCREs272575	chr2	122721696	122722197	501
cCREs273041	chr2	124794241	124794742	501
cCREs273064	chr2	124903149	124903756	607
cCREs273147	chr2	125255766	125256267	501
cCREs273310	chr2	125807679	125808180	501
cCREs273398	chr2	126158080	126158728	648
cCREs273447	chr2	126530544	126531247	703
cCREs273448	chr2	126531956	126532457	501
cCREs273461	chr2	126583919	126584420	501
cCREs273488	chr2	126734447	126735081	634
cCREs273545	chr2	127007438	127007939	501
cCREs273587	chr2	127251354	127251855	501
cCREs273633	chr2	127461037	127461764	727
cCREs273833	chr2	128368972	128369473	501
cCREs273850	chr2	128431694	128432195	501
cCREs273939	chr2	128826839	128827340	501
cCREs274387	chr2	130711252	130711753	501
cCREs274729	chr2	132028014	132028515	501
cCREs274733	chr2	132037343	132037844	501
cCREs274739	chr2	132049064	132049565	501
cCREs274818	chr2	132300324	132300825	501
cCREs275929	chr2	136909138	136909639	501
cCREs276343	chr2	138701350	138701851	501
cCREs276391	chr2	138900631	138901132	501
cCREs276392	chr2	138901533	138902034	501
cCREs276571	chr2	139794882	139795383	501
cCREs276584	chr2	139837335	139837836	501
cCREs277165	chr2	142416540	142417041	501
cCREs277290	chr2	142835857	142836358	501
cCREs277925	chr2	145234987	145235488	501
cCREs277927	chr2	145252986	145253487	501
cCREs277992	chr2	145434421	145434922	501
cCREs278159	chr2	146054024	146054639	615
cCREs278274	chr2	146455920	146456421	501
cCREs278609	chr2	148279136	148279637	501
cCREs279060	chr2	150793184	150793685	501
cCREs279404	chr2	152672422	152672923	501
cCREs279949	chr2	155135727	155136228	501
cCREs280654	chr2	157870155	157870656	501
cCREs281195	chr2	160286411	160287275	864
cCREs281290	chr2	160739913	160740414	501
cCREs281983	chr2	163646550	163647051	501
cCREs282186	chr2	164500244	164500745	501
cCREs282189	chr2	164511267	164511768	501
cCREs282192	chr2	164514859	164515360	501
cCREs282206	chr2	164562300	164562847	547
cCREs282461	chr2	165599759	165600260	501
cCREs282479	chr2	165648968	165649469	501
cCREs282904	chr2	167056896	167057397	501
cCREs282951	chr2	167206103	167206604	501
cCREs282956	chr2	167235237	167236057	820
cCREs283676	chr2	170129467	170129968	501
cCREs283688	chr2	170175066	170175567	501
cCREs283929	chr2	171179255	171179756	501
cCREs284451	chr2	173748568	173749069	501
cCREs284647	chr2	174652760	174653261	501
cCREs284709	chr2	174867975	174868476	501
cCREs284909	chr2	178630620	178631121	501
cCREs285323	chr2	180259754	180260255	501
cCREs285355	chr2	180454081	180454582	501
cCREs287290	chr3	15128443	15129325	882
cCREs287665	chr3	18336735	18337418	683
cCREs288035	chr3	20290816	20291317	501
cCREs288045	chr3	20356100	20356917	817
cCREs288151	chr3	21075365	21075866	501
cCREs288195	chr3	21347039	21347913	874
cCREs288346	chr3	21918398	21918899	501
cCREs288438	chr3	22216534	22217035	501
cCREs288526	chr3	23056992	23057493	501
cCREs289110	chr3	26435383	26435884	501
cCREs289252	chr3	27188316	27188817	501
cCREs289300	chr3	27333878	27334379	501
cCREs289372	chr3	27581242	27581743	501
cCREs290124	chr3	30788408	30788909	501
cCREs292080	chr3	39326981	39327684	703
cCREs292229	chr3	40185593	40186094	501
cCREs292239	chr3	40229193	40229694	501
cCREs294405	chr3	52857188	52857689	501
cCREs294914	chr3	54757431	54758015	584
cCREs295349	chr3	56116477	56117046	569
cCREs295822	chr3	58343203	58343704	501
cCREs295862	chr3	58572586	58573087	501
cCREs296178	chr3	60226443	60226944	501
cCREs296197	chr3	60367093	60367594	501
cCREs296199	chr3	60373606	60374107	501
cCREs296220	chr3	60496240	60496741	501
cCREs296221	chr3	60498377	60498878	501
cCREs296448	chr3	61475970	61476471	501
cCREs298657	chr3	73932117	73932618	501
cCREs298680	chr3	74223885	74224386	501
cCREs298687	chr3	74280758	74281259	501
cCREs298694	chr3	74357102	74357603	501
cCREs299098	chr3	77007521	77008022	501
cCREs299935	chr3	80897948	80898449	501
cCREs299946	chr3	80964235	80964736	501
cCREs300039	chr3	81397188	81397689	501
cCREs300193	chr3	82081577	82082335	758
cCREs300397	chr3	82841714	82842413	699
cCREs300860	chr3	84712718	84713219	501
cCREs302487	chr3	93509172	93509673	501
cCREs302618	chr3	94680806	94681520	714
cCREs303044	chr3	96765289	96765790	501
cCREs303057	chr3	96813788	96814306	518
cCREs303117	chr3	97141689	97142190	501
cCREs303327	chr3	97935308	97935809	501
cCREs303336	chr3	97963421	97964277	856
cCREs303554	chr3	99242140	99242641	501
cCREs303555	chr3	99245324	99245825	501
cCREs303599	chr3	99548693	99549194	501
cCREs303668	chr3	100079648	100080149	501
cCREs303809	chr3	100726066	100726567	501
cCREs304175	chr3	101922259	101922760	501
cCREs305378	chr3	107268557	107269177	620
cCREs305479	chr3	107581547	107582048	501
cCREs305588	chr3	107907118	107907995	877
cCREs305589	chr3	107916622	107917123	501
cCREs306136	chr3	109920967	109921468	501
cCREs306501	chr3	113633630	113634131	501
cCREs306523	chr3	113844063	113844564	501
cCREs306555	chr3	114036563	114037424	861
cCREs307018	chr3	116417291	116417792	501
cCREs307370	chr3	117817598	117818099	501
cCREs307830	chr3	120203004	120203505	501
cCREs307844	chr3	120247132	120247757	625
cCREs308128	chr3	121545518	121546019	501
cCREs308132	chr3	121557009	121557510	501
cCREs308142	chr3	121581144	121581645	501
cCREs308203	chr3	121759492	121759993	501
cCREs308214	chr3	121803597	121804536	939
cCREs308223	chr3	121832352	121833063	711
cCREs308464	chr3	122663087	122663768	681
cCREs309405	chr3	127094734	127095235	501
cCREs309443	chr3	127197809	127198583	774
cCREs309458	chr3	127240531	127241032	501
cCREs309808	chr3	129273105	129273606	501
cCREs311097	chr3	135292596	135293097	501
cCREs311104	chr3	135310275	135310776	501
cCREs311159	chr3	135574550	135575051	501
cCREs311686	chr3	137692611	137693507	896
cCREs312645	chr3	141877785	141878286	501
cCREs312723	chr3	142179609	142180110	501
cCREs313069	chr3	143599715	143600216	501
cCREs313240	chr3	144199525	144200026	501
cCREs314339	chr3	148734145	148734646	501
cCREs314619	chr3	149891552	149892229	677
cCREs314718	chr3	150641840	150642680	840
cCREs314995	chr3	152163237	152163738	501
cCREs315913	chr3	155109312	155109813	501
cCREs316603	chr3	158094878	158095379	501
cCREs316917	chr3	159869754	159870255	501
cCREs317129	chr4	4672403	4672904	501
cCREs317448	chr4	6336396	6336897	501
cCREs317883	chr4	8572100	8572601	501
cCREs318296	chr4	10397980	10398481	501
cCREs318305	chr4	10459240	10459741	501
cCREs319112	chr4	14509986	14510487	501
cCREs319121	chr4	14546476	14546977	501
cCREs319132	chr4	14613801	14614302	501
cCREs319423	chr4	16018618	16019119	501
cCREs319691	chr4	18073186	18073687	501
cCREs319721	chr4	18238258	18238759	501
cCREs319728	chr4	18297259	18297760	501
cCREs319790	chr4	18837056	18837850	794
cCREs319797	chr4	18911697	18912564	867
cCREs319851	chr4	19249370	19249871	501
cCREs320045	chr4	20258239	20258740	501
cCREs320436	chr4	22385303	22385967	664
cCREs320675	chr4	24436520	24437347	827
cCREs321032	chr4	26371145	26371646	501
cCREs321079	chr4	26675249	26675750	501
cCREs321405	chr4	29144867	29145368	501
cCREs321499	chr4	30136673	30137174	501
cCREs322015	chr4	32675075	32675576	501
cCREs322186	chr4	33484084	33484585	501
cCREs322436	chr4	34554542	34555043	501
cCREs322468	chr4	34697587	34698088	501
cCREs322553	chr4	35085776	35086532	756
cCREs322727	chr4	35950288	35950789	501
cCREs323423	chr4	40834920	40835421	501
cCREs323796	chr4	43244535	43245036	501
cCREs323984	chr4	44099053	44099554	501
cCREs324994	chr4	48261643	48262144	501
cCREs326482	chr4	55533545	55534046	501
cCREs326570	chr4	55894450	55894951	501
cCREs326572	chr4	55902646	55903147	501
cCREs326899	chr4	57254330	57254831	501
cCREs328309	chr4	65268846	65269347	501
cCREs328994	chr4	68540402	68540903	501
cCREs329143	chr4	69205373	69205874	501
cCREs329950	chr4	74744121	74744622	501
cCREs330048	chr4	75756738	75757239	501
cCREs330914	chr4	81344637	81345138	501
cCREs331005	chr4	81841557	81842294	737
cCREs331045	chr4	82033419	82034081	662
cCREs331091	chr4	82240771	82241272	501
cCREs331102	chr4	82289492	82289993	501
cCREs331279	chr4	82856636	82857137	501
cCREs331550	chr4	84030769	84031270	501
cCREs331602	chr4	84245773	84246274	501
cCREs331620	chr4	84332610	84333111	501
cCREs331677	chr4	84620602	84621493	891
cCREs331690	chr4	84705891	84706392	501
cCREs331712	chr4	84843232	84844060	828
cCREs332054	chr4	86349098	86349599	501
cCREs332481	chr4	88018955	88019456	501
cCREs332608	chr4	88511937	88512438	501
cCREs333701	chr4	95740920	95741421	501
cCREs333811	chr4	96330586	96331087	501
cCREs333851	chr4	96727388	96727889	501
cCREs333901	chr4	97029220	97029721	501
cCREs333978	chr4	97515130	97515631	501
cCREs334110	chr4	97951634	97952135	501
cCREs334318	chr4	98761986	98762800	814
cCREs335203	chr4	102527231	102527732	501
cCREs335947	chr4	105188727	105189228	501
cCREs336102	chr4	105948079	105948580	501
cCREs336201	chr4	106361298	106361964	666
cCREs336807	chr4	108898438	108898939	501
cCREs337418	chr4	114429701	114430381	680
cCREs337461	chr4	114569018	114569519	501
cCREs337542	chr4	114909992	114910493	501
cCREs337550	chr4	114944239	114944740	501
cCREs337712	chr4	116226773	116227274	501
cCREs337724	chr4	116334242	116334891	649
cCREs337726	chr4	116336771	116337272	501
cCREs337939	chr4	117548100	117548601	501
cCREs338156	chr4	118508122	118508623	501
cCREs338379	chr4	119769627	119770413	786
cCREs338542	chr4	120256064	120256565	501
cCREs338701	chr4	120889055	120889556	501
cCREs339726	chr4	127079653	127080449	796
cCREs340310	chr4	129246786	129247287	501
cCREs340428	chr4	129826000	129826501	501
cCREs340862	chr4	131618566	131619067	501
cCREs341415	chr4	134136233	134136764	531
cCREs341417	chr4	134154342	134154843	501
cCREs341881	chr4	136206980	136207481	501
cCREs342189	chr4	137579654	137580362	708
cCREs342266	chr4	137785287	137785788	501
cCREs342340	chr4	138037940	138038441	501
cCREs342586	chr4	138892404	138892905	501
cCREs342654	chr4	139148139	139148640	501
cCREs342682	chr4	139249988	139250489	501
cCREs343202	chr4	141379742	141380243	501
cCREs343735	chr4	144944711	144945212	501
cCREs344215	chr4	149245048	149245549	501
cCREs346270	chr5	4785307	4785808	501
cCREs346738	chr5	7454993	7455494	501
cCREs346739	chr5	7455498	7455999	501
cCREs346963	chr5	8668514	8669015	501
cCREs347394	chr5	12401162	12401663	501
cCREs347529	chr5	13382844	13383549	705
cCREs347568	chr5	13520274	13520775	501
cCREs347580	chr5	13562221	13562722	501
cCREs348041	chr5	16419957	16420458	501
cCREs348043	chr5	16423268	16423769	501
cCREs348093	chr5	16764655	16765675	1020
cCREs348119	chr5	16953359	16954275	916
cCREs348217	chr5	17562705	17563206	501
cCREs349008	chr5	21322584	21323085	501
cCREs350007	chr5	25630289	25630790	501
cCREs350098	chr5	26202477	26202978	501
cCREs350100	chr5	26204416	26204917	501
cCREs350118	chr5	26330921	26331422	501
cCREs351036	chr5	31024544	31025045	501
cCREs351038	chr5	31043563	31044064	501
cCREs351091	chr5	31396327	31397137	810
cCREs351921	chr5	35412576	35413286	710
cCREs351943	chr5	35537442	35537943	501
cCREs351961	chr5	35615327	35615828	501
cCREs352096	chr5	35952118	35952619	501
cCREs352646	chr5	37829197	37829698	501
cCREs352864	chr5	38564774	38565275	501
cCREs352913	chr5	38730681	38731182	501
cCREs353153	chr5	39706706	39707207	501
cCREs353172	chr5	39790096	39790597	501
cCREs353297	chr5	40540440	40540941	501
cCREs353425	chr5	41409263	41409764	501
cCREs353507	chr5	41840478	41840979	501
cCREs353596	chr5	42206756	42207257	501
cCREs354698	chr5	47047545	47048370	825
cCREs354706	chr5	47105036	47105537	501
cCREs354785	chr5	47684967	47685468	501
cCREs354815	chr5	47913087	47913588	501
cCREs354900	chr5	48254623	48255124	501
cCREs355635	chr5	51787543	51788044	501
cCREs356253	chr5	53929807	53930775	968
cCREs356805	chr5	57822806	57823307	501
cCREs356877	chr5	58075028	58075966	938
cCREs356940	chr5	58477925	58478426	501
cCREs357187	chr5	61226732	61227233	501
cCREs357813	chr5	64435933	64436434	501
cCREs358328	chr5	66453871	66454372	501
cCREs358340	chr5	66488311	66488812	501
cCREs358620	chr5	67444759	67445260	501
cCREs358686	chr5	67714487	67714988	501
cCREs358996	chr5	69581949	69582450	501
cCREs359036	chr5	69792421	69792922	501
cCREs359069	chr5	70086310	70086811	501
cCREs360995	chr5	78296708	78297209	501
cCREs361127	chr5	79556211	79556712	501
cCREs361226	chr5	80496421	80497123	702
cCREs362040	chr5	85622945	85623446	501
cCREs362320	chr5	87968063	87968564	501
cCREs362462	chr5	88939126	88939627	501
cCREs362770	chr5	90153230	90153731	501
cCREs363201	chr5	92079191	92079692	501
cCREs363203	chr5	92085189	92085690	501
cCREs363340	chr5	92659297	92659951	654
cCREs363348	chr5	92684951	92685452	501
cCREs363374	chr5	92801587	92802366	779
cCREs363523	chr5	93305134	93305884	750
cCREs363726	chr5	96741765	96742266	501
cCREs363837	chr5	97266967	97267468	501
cCREs364098	chr5	98771281	98772127	846
cCREs364229	chr5	99349889	99350390	501
cCREs364952	chr5	102452064	102452565	501
cCREs365452	chr5	104509383	104509884	501
cCREs365602	chr5	105703810	105704311	501
cCREs365872	chr5	107066625	107067126	501
cCREs365900	chr5	107134918	107135743	825
cCREs365919	chr5	107207577	107208309	732
cCREs366146	chr5	108462955	108463456	501
cCREs366194	chr5	108715991	108716492	501
cCREs366376	chr5	110846331	110846832	501
cCREs366377	chr5	110853834	110854335	501
cCREs366384	chr5	110874705	110875206	501
cCREs366394	chr5	110930082	110930583	501
cCREs366764	chr5	112293560	112294061	501
cCREs367233	chr5	113791217	113791718	501
cCREs367500	chr5	114887611	114888112	501
cCREs367715	chr5	115852193	115852694	501
cCREs368350	chr5	118375660	118376161	501
cCREs369907	chr5	125143482	125143983	501
cCREs371107	chr5	130170644	130171145	501
cCREs372301	chr5	135532042	135532543	501
cCREs372329	chr5	135678426	135678927	501
cCREs372821	chr5	138548966	138549467	501
cCREs372825	chr5	138577997	138578498	501
cCREs373016	chr5	139314623	139315124	501
cCREs373317	chr5	140507775	140508276	501
cCREs373566	chr5	141614033	141614534	501
cCREs373567	chr5	141614669	141615170	501
cCREs374671	chr5	147470212	147470713	501
cCREs375238	chr5	149741267	149741768	501
cCREs375818	chr6	4169594	4170361	767
cCREs376984	chr6	9384906	9385407	501
cCREs377218	chr6	11920130	11920631	501
cCREs377346	chr6	12499713	12500214	501
cCREs377432	chr6	12967025	12967526	501
cCREs377642	chr6	14179388	14180401	1013
cCREs377729	chr6	14898524	14899025	501
cCREs377839	chr6	15472506	15473007	501
cCREs377964	chr6	16405189	16405690	501
cCREs377966	chr6	16447301	16447802	501
cCREs377978	chr6	16497216	16497717	501
cCREs377994	chr6	16575043	16575544	501
cCREs378023	chr6	16760625	16761126	501
cCREs378024	chr6	16770316	16770817	501
cCREs378076	chr6	17072987	17073936	949
cCREs378975	chr6	22000052	22000553	501
cCREs379014	chr6	22116253	22116754	501
cCREs379030	chr6	22181884	22182385	501
cCREs379076	chr6	22361855	22362356	501
cCREs379083	chr6	22379878	22380626	748
cCREs379104	chr6	22449021	22449522	501
cCREs379766	chr6	25913223	25913724	501
cCREs380054	chr6	28006936	28007437	501
cCREs380470	chr6	29271111	29271865	754
cCREs381448	chr6	32999473	32999974	501
cCREs381498	chr6	33258362	33258863	501
cCREs381509	chr6	33289203	33289704	501
cCREs381716	chr6	34021262	34021763	501
cCREs381900	chr6	34739488	34739989	501
cCREs382152	chr6	35921706	35922207	501
cCREs382738	chr6	38225160	38225661	501
cCREs383426	chr6	40813941	40814442	501
cCREs383759	chr6	42967591	42968092	501
cCREs383760	chr6	42977806	42978492	686
cCREs384246	chr6	45939362	45940192	830
cCREs385086	chr6	50106491	50106992	501
cCREs385313	chr6	50910196	50911049	853
cCREs385320	chr6	50945384	50945885	501
cCREs385339	chr6	50991669	50992170	501
cCREs385376	chr6	51127707	51128208	501
cCREs385388	chr6	51165763	51166264	501
cCREs386352	chr6	55043075	55043576	501
cCREs386590	chr6	55807541	55808042	501
cCREs386825	chr6	56895191	56895692	501
cCREs386852	chr6	57164934	57165435	501
cCREs387008	chr6	58648773	58649274	501
cCREs387104	chr6	59038917	59039418	501
cCREs387443	chr6	61455620	61456121	501
cCREs387447	chr6	61484088	61484589	501
cCREs387451	chr6	61490399	61491123	724
cCREs387457	chr6	61534123	61534624	501
cCREs387593	chr6	62263871	62264372	501
cCREs387837	chr6	64011571	64012072	501
cCREs387947	chr6	64572824	64573698	874
cCREs388252	chr6	66258659	66259160	501
cCREs388307	chr6	66623813	66624314	501
cCREs389201	chr6	72619567	72620264	697
cCREs389785	chr6	76657545	76658046	501
cCREs389846	chr6	76938931	76939432	501
cCREs390322	chr6	78886333	78886992	659
cCREs390332	chr6	79001100	79001601	501
cCREs390336	chr6	79011581	79012082	501
cCREs390340	chr6	79033408	79033909	501
cCREs391226	chr6	83738535	83739036	501
cCREs391653	chr6	85824016	85824517	501
cCREs391896	chr6	86790581	86791082	501
cCREs392070	chr6	87332310	87332811	501
cCREs392687	chr6	89862729	89863491	762
cCREs392774	chr6	90505660	90506297	637
cCREs393128	chr6	91637582	91638083	501
cCREs393542	chr6	93110873	93111374	501
cCREs393616	chr6	93396726	93397527	801
cCREs393980	chr6	94739208	94739709	501
cCREs393982	chr6	94744514	94745015	501
cCREs393987	chr6	94751677	94752178	501
cCREs394785	chr6	98197675	98198558	883
cCREs394900	chr6	98665858	98666359	501
cCREs394946	chr6	98921371	98921872	501
cCREs395095	chr6	99325431	99325932	501
cCREs395523	chr6	100719944	100720445	501
cCREs396228	chr6	103690076	103690577	501
cCREs396295	chr6	103999656	104000157	501
cCREs396339	chr6	104232522	104233023	501
cCREs396848	chr6	106724844	106725345	501
cCREs397262	chr6	108458052	108458553	501
cCREs397444	chr6	109169053	109169992	939
cCREs398021	chr6	112281112	112281613	501
cCREs398333	chr6	113452107	113452910	803
cCREs398678	chr6	114664632	114665133	501
cCREs399369	chr6	117320077	117320578	501
cCREs399399	chr6	117474003	117474504	501
cCREs399574	chr6	118237180	118238343	1163
cCREs399737	chr6	118862077	118862578	501
cCREs399827	chr6	119093648	119094149	501
cCREs399902	chr6	119392792	119393293	501
cCREs400034	chr6	119914852	119915798	946
cCREs400052	chr6	120089529	120090030	501
cCREs400472	chr6	122289780	122290646	866
cCREs401507	chr6	127910498	127910999	501
cCREs401822	chr6	129175404	129175905	501
cCREs401828	chr6	129195322	129195823	501
cCREs402037	chr6	133995763	133996264	501
cCREs402162	chr6	134428359	134429149	790
cCREs402172	chr6	134463706	134464207	501
cCREs402404	chr6	135297468	135297969	501
cCREs402760	chr6	136471559	136472060	501
cCREs402852	chr6	136903099	136903600	501
cCREs402864	chr6	136926938	136927439	501
cCREs403147	chr6	137775049	137775550	501
cCREs404057	chr6	141634607	141635108	501
cCREs404058	chr6	141635167	141635668	501
cCREs404131	chr6	142188193	142188964	771
cCREs404235	chr6	142752426	142752927	501
cCREs404440	chr6	143420921	143421422	501
cCREs404813	chr6	144891402	144891903	501
cCREs405464	chr6	147374007	147374508	501
cCREs405506	chr6	147602295	147602796	501
cCREs405583	chr6	147990874	147991375	501
cCREs405914	chr7	3201186	3201687	501
cCREs406044	chr7	4154960	4155461	501
cCREs406046	chr7	4167080	4167581	501
cCREs406085	chr7	4538945	4539446	501
cCREs406086	chr7	4539494	4539995	501
cCREs406369	chr7	13242607	13243384	777
cCREs406381	chr7	13315077	13315982	905
cCREs406382	chr7	13330142	13331030	888
cCREs406501	chr7	16385013	16385514	501
cCREs406614	chr7	16888807	16889308	501
cCREs406684	chr7	17165416	17166264	848
cCREs406685	chr7	17174475	17174976	501
cCREs406686	chr7	18180823	18181324	501
cCREs406696	chr7	18788089	18788590	501
cCREs407254	chr7	25810475	25810976	501
cCREs407793	chr7	30060287	30060788	501
cCREs407946	chr7	31031828	31032521	693
cCREs408449	chr7	36439810	36440311	501
cCREs408861	chr7	39739050	39739551	501
cCREs408868	chr7	39760842	39761343	501
cCREs408870	chr7	39769467	39769968	501
cCREs408873	chr7	39787695	39788196	501
cCREs409466	chr7	45558838	45559339	501
cCREs409905	chr7	49030202	49030703	501
cCREs410675	chr7	53251925	53252426	501
cCREs410681	chr7	53334620	53335121	501
cCREs410682	chr7	53335195	53335696	501
cCREs410963	chr7	55413561	55414062	501
cCREs411466	chr7	58115937	58116438	501
cCREs411741	chr7	62117314	62117815	501
cCREs414196	chr7	74362233	74363081	848
cCREs414527	chr7	75594741	75595242	501
cCREs414675	chr7	76334722	76335223	501
cCREs414676	chr7	76335377	76335878	501
cCREs414735	chr7	76630398	76630899	501
cCREs414811	chr7	77134660	77135161	501
cCREs415068	chr7	78511174	78511675	501
cCREs415157	chr7	78794463	78795239	776
cCREs416000	chr7	82339189	82339690	501
cCREs416013	chr7	82410879	82411380	501
cCREs416016	chr7	82423566	82424067	501
cCREs416020	chr7	82462608	82463273	665
cCREs416203	chr7	83485450	83485951	501
cCREs417144	chr7	90351374	90351934	560
cCREs418052	chr7	95466760	95467597	837
cCREs418597	chr7	97592917	97593418	501
cCREs418725	chr7	98335138	98335639	501
cCREs419139	chr7	99854014	99854515	501
cCREs419163	chr7	99924610	99925111	501
cCREs420338	chr7	109442492	109443213	721
cCREs420462	chr7	109962579	109963080	501
cCREs420468	chr7	109998573	109999074	501
cCREs420522	chr7	110320359	110320860	501
cCREs420621	chr7	110777146	110777858	712
cCREs420660	chr7	110885362	110886054	692
cCREs420708	chr7	111148195	111148696	501
cCREs421005	chr7	112189045	112189738	693
cCREs421572	chr7	114563920	114564421	501
cCREs422115	chr7	117211108	117211609	501
cCREs422117	chr7	117215272	117215773	501
cCREs422139	chr7	117285847	117286348	501
cCREs422247	chr7	117617179	117617680	501
cCREs422450	chr7	118478244	118478745	501
cCREs422493	chr7	118618059	118618560	501
cCREs422778	chr7	119992712	119993213	501
cCREs424010	chr7	125705022	125705523	501
cCREs424030	chr7	125759102	125759603	501
cCREs424191	chr7	126430310	126430811	501
cCREs424399	chr7	127647496	127647997	501
cCREs424822	chr7	129927127	129927628	501
cCREs424826	chr7	129941145	129942027	882
cCREs425099	chr7	131052827	131053625	798
cCREs425433	chr7	132571474	132571975	501
cCREs425435	chr7	132574621	132575122	501
cCREs426739	chr7	138655835	138656511	676
cCREs426773	chr7	138785824	138786325	501
cCREs427293	chr7	141212912	141213413	501
cCREs427600	chr7	142896187	142896688	501
cCREs427764	chr7	143742550	143743051	501
cCREs428173	chr8	3262105	3262606	501
cCREs429251	chr8	10018825	10019326	501
cCREs429601	chr8	11248229	11248730	501
cCREs429993	chr8	12645622	12646193	571
cCREs430016	chr8	12738822	12739621	799
cCREs430017	chr8	12740612	12741228	616
cCREs430651	chr8	14975537	14976038	501
cCREs431653	chr8	22559986	22560487	501
cCREs431841	chr8	23384228	23384729	501
cCREs432064	chr8	24185326	24185827	501
cCREs432192	chr8	24863985	24864486	501
cCREs432193	chr8	24866605	24867545	940
cCREs432223	chr8	25014758	25015259	501
cCREs432374	chr8	25521740	25522241	501
cCREs433968	chr8	33496786	33497287	501
cCREs434459	chr8	35386315	35386816	501
cCREs434749	chr8	36294908	36295409	501
cCREs435260	chr8	38931094	38931595	501
cCREs435518	chr8	40467397	40468147	750
cCREs435802	chr8	41813278	41813779	501
cCREs435817	chr8	41855894	41856395	501
cCREs435838	chr8	41958365	41958866	501
cCREs435840	chr8	41961391	41961892	501
cCREs436081	chr8	43906774	43907275	501
cCREs436119	chr8	44155713	44156214	501
cCREs437356	chr8	49160044	49160545	501
cCREs437653	chr8	50668692	50669193	501
cCREs438281	chr8	55928281	55928782	501
cCREs439042	chr8	60431132	60431912	780
cCREs439130	chr8	60838519	60839020	501
cCREs439507	chr8	62849727	62850228	501
cCREs439550	chr8	63205999	63206500	501
cCREs439710	chr8	64323926	64324427	501
cCREs439768	chr8	64549109	64549610	501
cCREs441545	chr8	73021989	73022490	501
cCREs441557	chr8	73064552	73065152	600
cCREs441723	chr8	73936423	73936924	501
cCREs441765	chr8	74342502	74343368	866
cCREs442084	chr8	76345280	76345781	501
cCREs442091	chr8	76373388	76373889	501
cCREs442117	chr8	76521513	76522014	501
cCREs442306	chr8	77362610	77363111	501
cCREs442322	chr8	77410310	77410811	501
cCREs442534	chr8	78362439	78362940	501
cCREs442562	chr8	78568112	78568634	522
cCREs442910	chr8	80034583	80035084	501
cCREs443618	chr8	83458173	83458674	501
cCREs443624	chr8	83556732	83557233	501
cCREs444139	chr8	85958358	85958859	501
cCREs444605	chr8	87845568	87846069	501
cCREs445954	chr8	94184324	94184825	501
cCREs446024	chr8	94382169	94382670	501
cCREs447729	chr8	103444557	103445058	501
cCREs447946	chr8	104197177	104197969	792
cCREs448079	chr8	105061334	105061835	501
cCREs448453	chr8	106623013	106623514	501
cCREs448629	chr8	107321012	107321513	501
cCREs448632	chr8	107338878	107339379	501
cCREs448826	chr8	108328265	108328766	501
cCREs449460	chr8	111187424	111187925	501
cCREs450238	chr8	114382571	114383076	505
cCREs450286	chr8	114568523	114569170	647
cCREs450441	chr8	115268508	115269009	501
cCREs450618	chr8	116153886	116154387	501
cCREs450913	chr8	117424824	117425325	501
cCREs450919	chr8	117440747	117441248	501
cCREs451503	chr8	119526485	119526986	501
cCREs451964	chr8	121122733	121123234	501
cCREs452026	chr8	121394686	121395187	501
cCREs453000	chr8	125125225	125125726	501
cCREs453549	chr8	126938975	126939860	885
cCREs453558	chr8	126979196	126979959	763
cCREs453795	chr8	127841021	127841522	501
cCREs453941	chr8	128412055	128412556	501
cCREs454267	chr9	5744952	5745453	501
cCREs454508	chr9	7877647	7878148	501
cCREs454635	chr9	8740934	8741435	501
cCREs454941	chr9	10390835	10391610	775
cCREs455247	chr9	13430211	13430712	501
cCREs456424	chr9	21354459	21354960	501
cCREs456740	chr9	22768476	22768977	501
cCREs456742	chr9	22782561	22783062	501
cCREs456827	chr9	23144060	23144842	782
cCREs457784	chr9	27527737	27528453	716
cCREs458621	chr9	30174004	30174505	501
cCREs458697	chr9	30536272	30536773	501
cCREs458698	chr9	30536931	30537432	501
cCREs458753	chr9	30827578	30828079	501
cCREs458841	chr9	31207632	31208133	501
cCREs459117	chr9	32429864	32430365	501
cCREs459132	chr9	32483177	32483678	501
cCREs459827	chr9	35447034	35447535	501
cCREs459843	chr9	35503439	35503941	502
cCREs460073	chr9	37225216	37225717	501
cCREs460074	chr9	37226409	37226910	501
cCREs460620	chr9	41039317	41039818	501
cCREs460623	chr9	41045407	41046239	832
cCREs460643	chr9	41104029	41104530	501
cCREs460670	chr9	41187526	41188027	501
cCREs461202	chr9	42946593	42947094	501
cCREs461607	chr9	44512485	44512986	501
cCREs461660	chr9	44800146	44800647	501
cCREs461736	chr9	45126694	45127195	501
cCREs463340	chr9	51168633	51169523	890
cCREs463362	chr9	51274611	51275112	501
cCREs463418	chr9	51526816	51527317	501
cCREs463742	chr9	52920578	52921221	643
cCREs463873	chr9	53788174	53788675	501
cCREs463957	chr9	54072583	54073084	501
cCREs464065	chr9	54633345	54633846	501
cCREs464273	chr9	55713569	55714070	501
cCREs464651	chr9	57533290	57533791	501
cCREs464882	chr9	58318917	58319418	501
cCREs465230	chr9	60052398	60053105	707
cCREs465247	chr9	60105013	60105615	602
cCREs465508	chr9	61103124	61103625	501
cCREs465572	chr9	61376217	61376718	501
cCREs467057	chr9	67736233	67736734	501
cCREs467886	chr9	71589940	71590441	501
cCREs468775	chr9	75555402	75555903	501
cCREs468852	chr9	75896073	75896574	501
cCREs469177	chr9	77556370	77556871	501
cCREs469950	chr9	81592015	81592516	501
cCREs469994	chr9	81858833	81859334	501
cCREs470193	chr9	83075717	83076218	501
cCREs471130	chr9	87237589	87238090	501
cCREs471197	chr9	87720919	87721420	501
cCREs471259	chr9	88071012	88071513	501
cCREs471294	chr9	88260415	88260916	501
cCREs471627	chr9	90271598	90272099	501
cCREs471758	chr9	91213601	91214363	762
cCREs471871	chr9	92017553	92018054	501
cCREs471910	chr9	92251103	92251604	501
cCREs473335	chr9	98257642	98258143	501
cCREs473688	chr9	99813966	99814467	501
cCREs473778	chr9	100475877	100476378	501
cCREs474353	chr9	103045129	103045630	501
cCREs474690	chr9	104281655	104282496	841
cCREs474691	chr9	104304239	104304740	501
cCREs474695	chr9	104327585	104328086	501
cCREs474696	chr9	104328517	104329018	501
cCREs475178	chr9	106263466	106263967	501
cCREs475780	chr9	108793531	108794032	501
cCREs475863	chr9	109471998	109472499	501
cCREs475873	chr9	109582619	109583120	501
cCREs475876	chr9	109625057	109625558	501
cCREs475886	chr9	109789540	109790041	501
cCREs476177	chr9	111151275	111151776	501
cCREs477430	chr9	116185701	116186202	501
cCREs477624	chr9	117028352	117028853	501
cCREs478325	chr9	119919891	119920392	501
cCREs478721	chr9	121342533	121343034	501
cCREs478975	chr9	122189331	122190175	844
cCREs479017	chr9	122319583	122320084	501
cCREs479483	chrX	6281027	6281528	501
cCREs479490	chrX	6388606	6389400	794
cCREs479611	chrX	7661293	7661794	501
cCREs479834	chrX	10111331	10111832	501
cCREs479917	chrX	10694710	10695211	501
cCREs480935	chrX	20724661	20725162	501
cCREs481002	chrX	21617917	21618418	501
cCREs481021	chrX	22147800	22148712	912
cCREs481110	chrX	23158257	23158758	501
cCREs481131	chrX	23388042	23388543	501
cCREs481251	chrX	36514797	36515298	501
cCREs481790	chrX	42398583	42399084	501
cCREs482364	chrX	49303968	49304469	501
cCREs482588	chrX	51685868	51686369	501
cCREs482657	chrX	52230614	52231115	501
cCREs482929	chrX	56712950	56713451	501
cCREs482936	chrX	56758018	56758519	501
cCREs482937	chrX	56762957	56763458	501
cCREs483285	chrX	60301204	60301833	629
cCREs484163	chrX	72157000	72157501	501
cCREs485373	chrX	89909519	89910020	501
cCREs485638	chrX	94049049	94049550	501
cCREs486304	chrX	100877139	100877640	501
cCREs487074	chrX	110177061	110177562	501
cCREs487265	chrX	114378607	114379178	571
cCREs487551	chrX	126280224	126280730	506
cCREs487558	chrX	127296851	127297352	501
cCREs487559	chrX	127301829	127302898	1069
cCREs488497	chrX	138738721	138739551	830
cCREs488731	chrX	140550220	140550721	501
cCREs488736	chrX	140571346	140571847	501
cCREs488912	chrX	142393621	142394122	501
cCREs489206	chrX	144378007	144378508	501
cCREs489210	chrX	144387602	144388103	501
cCREs489251	chrX	144690652	144691153	501
cCREs489355	chrX	145569134	145569980	846
cCREs489529	chrX	150593522	150594023	501
cCREs489579	chrX	151346308	151346809	501
cCREs489751	chrX	153506504	153507268	764
cCREs490359	chrX	160147265	160147933	668
cCREs490403	chrX	160560166	160560667	501
cCREs490590	chrX	161847799	161848300	501
cCREs490669	chrX	162299019	162299520	501
cCREs490809	chrX	163228487	163228988	501
cCREs490810	chrX	163229059	163229560	501
cCREs491035	chrX	164956094	164956595	501
cCREs491407	chrX	167356400	167357229	829
cCREs491726	chrX	169504206	169504707	501
cCREs484	chr1	6428590	6429091	501
cCREs925	chr1	9787247	9787748	501
cCREs937	chr1	9822240	9822741	501
cCREs977	chr1	10024731	10025232	501
cCREs1337	chr1	11844460	11844961	501
cCREs1473	chr1	12572803	12573304	501
cCREs1698	chr1	13501823	13502324	501
cCREs1886	chr1	14419961	14420661	700
cCREs1980	chr1	14952307	14952808	501
cCREs2165	chr1	15902385	15902886	501
cCREs2392	chr1	17081190	17081691	501
cCREs2971	chr1	20999324	20999825	501
cCREs4799	chr1	31117734	31118235	501
cCREs5863	chr1	36128292	36128793	501
cCREs5904	chr1	36248861	36249362	501
cCREs6284	chr1	37610958	37611459	501
cCREs6713	chr1	39212996	39213497	501
cCREs6896	chr1	39808800	39809550	750
cCREs6959	chr1	39991099	39991600	501
cCREs8972	chr1	51369155	51369656	501
cCREs9021	chr1	51548988	51549489	501
cCREs9442	chr1	53069713	53070214	501
cCREs10310	chr1	57227776	57228277	501
cCREs10394	chr1	57605433	57605934	501
cCREs10422	chr1	57735925	57736426	501
cCREs10467	chr1	57858480	57858981	501
cCREs10730	chr1	59110504	59111005	501
cCREs10830	chr1	59550881	59551382	501
cCREs11470	chr1	62570423	62570924	501
cCREs12123	chr1	65044166	65044667	501
cCREs12167	chr1	65253990	65254491	501
cCREs12253	chr1	65793545	65794046	501
cCREs13037	chr1	69488651	69489438	787
cCREs13572	chr1	72136022	72136523	501
cCREs13619	chr1	72322845	72323346	501
cCREs13942	chr1	73503619	73504120	501
cCREs14158	chr1	74268317	74268818	501
cCREs14247	chr1	74685944	74686445	501
cCREs14454	chr1	75613153	75613654	501
cCREs14462	chr1	75647329	75647830	501
cCREs14922	chr1	77741360	77741861	501
cCREs15023	chr1	78367719	78368220	501
cCREs15312	chr1	79655660	79656161	501
cCREs15458	chr1	80191911	80192412	501
cCREs15706	chr1	81163605	81164106	501
cCREs15849	chr1	81953107	81953608	501
cCREs15926	chr1	82258313	82258814	501
cCREs15999	chr1	82619971	82620472	501
cCREs16349	chr1	84090235	84090736	501
cCREs16737	chr1	86233227	86233728	501
cCREs16743	chr1	86242279	86242780	501
cCREs16807	chr1	86510312	86510813	501
cCREs16820	chr1	86561282	86561783	501
cCREs16993	chr1	87395471	87395972	501
cCREs17094	chr1	87760645	87761146	501
cCREs17322	chr1	88749131	88749632	501
cCREs17415	chr1	89088512	89089215	703
cCREs17738	chr1	90245986	90246487	501
cCREs18045	chr1	91291891	91292703	812
cCREs18081	chr1	91442457	91442958	501
cCREs18279	chr1	92123870	92124371	501
cCREs18428	chr1	92654633	92655134	501
cCREs18622	chr1	93419639	93420140	501
cCREs19153	chr1	97644411	97644912	501
cCREs20361	chr1	105515235	105515736	501
cCREs20384	chr1	105679262	105679763	501
cCREs20566	chr1	106375984	106376485	501
cCREs20642	chr1	106650532	106651033	501
cCREs20657	chr1	106699438	106699939	501
cCREs21700	chr1	115847582	115848083	501
cCREs21763	chr1	116104392	116104893	501
cCREs22057	chr1	118676419	118677256	837
cCREs22157	chr1	119134487	119134988	501
cCREs22185	chr1	119289820	119290321	501
cCREs22376	chr1	120105345	120105846	501
cCREs22536	chr1	120961919	120962420	501
cCREs23409	chr1	125734948	125735449	501
cCREs23425	chr1	125813980	125814481	501
cCREs23788	chr1	127210872	127211373	501
cCREs24085	chr1	128188055	128188556	501
cCREs24135	chr1	128435424	128435925	501
cCREs24478	chr1	129961894	129962395	501
cCREs24544	chr1	130291444	130291945	501
cCREs24603	chr1	130703534	130704035	501
cCREs24635	chr1	130866549	130867050	501
cCREs24711	chr1	131193657	131194158	501
cCREs25168	chr1	132731304	132731805	501
cCREs25214	chr1	132864085	132864586	501
cCREs25656	chr1	134609129	134609630	501
cCREs26063	chr1	135984076	135984577	501
cCREs26065	chr1	136001649	136002150	501
cCREs26531	chr1	137906807	137907308	501
cCREs27238	chr1	142261466	142261967	501
cCREs27513	chr1	143873729	143874230	501
cCREs28441	chr1	150428929	150429430	501
cCREs28696	chr1	151569234	151569735	501
cCREs28926	chr1	152316918	152317419	501
cCREs29173	chr1	153096213	153096714	501
cCREs29773	chr1	155187864	155188365	501
cCREs29804	chr1	155249768	155250269	501
cCREs29805	chr1	155250803	155251304	501
cCREs29905	chr1	155662891	155663392	501
cCREs30198	chr1	157062373	157062874	501
cCREs30722	chr1	159149722	159150497	775
cCREs30926	chr1	159848138	159848639	501
cCREs31040	chr1	160275209	160275710	501
cCREs31104	chr1	160518496	160518997	501
cCREs31219	chr1	161015578	161016079	501
cCREs31871	chr1	163957005	163957506	501
cCREs31880	chr1	163996773	163997274	501
cCREs32008	chr1	164484131	164484632	501
cCREs32016	chr1	164508153	164508654	501
cCREs32020	chr1	164521324	164521825	501
cCREs32527	chr1	166406203	166406704	501
cCREs32823	chr1	167700341	167700842	501
cCREs32961	chr1	168219237	168220034	797
cCREs33057	chr1	168502244	168502745	501
cCREs33062	chr1	168546963	168547464	501
cCREs33091	chr1	168758672	168759173	501
cCREs33114	chr1	168885870	168886371	501
cCREs34792	chr1	176091785	176092286	501
cCREs35363	chr1	178686400	178686901	501
cCREs36004	chr1	181293371	181293872	501
cCREs36124	chr1	181740212	181740713	501
cCREs36241	chr1	182271556	182272057	501
cCREs36266	chr1	182367729	182368230	501
cCREs36282	chr1	182426441	182426942	501
cCREs36285	chr1	182440714	182441215	501
cCREs36331	chr1	182584113	182584614	501
cCREs36696	chr1	184071739	184072240	501
cCREs37493	chr1	187531499	187532000	501
cCREs38048	chr1	189854621	189855122	501
cCREs38055	chr1	189875279	189876041	762
cCREs38192	chr1	190562857	190563673	816
cCREs38326	chr1	191097161	191097662	501
cCREs38573	chr1	192103114	192103615	501
cCREs39020	chr1	193517976	193518477	501
cCREs39888	chr10	5071915	5072416	501
cCREs40022	chr10	5578490	5578991	501
cCREs40323	chr10	7176814	7177315	501
cCREs40433	chr10	7864170	7864671	501
cCREs41365	chr10	11514119	11514859	740
cCREs42785	chr10	18065835	18066336	501
cCREs43227	chr10	19952825	19953326	501
cCREs43305	chr10	20202150	20202651	501
cCREs43857	chr10	22581211	22581712	501
cCREs44021	chr10	23435982	23436483	501
cCREs44775	chr10	26491983	26492484	501
cCREs44798	chr10	26645455	26645956	501
cCREs44892	chr10	27025534	27026035	501
cCREs45284	chr10	28925205	28925706	501
cCREs45352	chr10	29305093	29305594	501
cCREs45632	chr10	31011815	31012316	501
cCREs45642	chr10	31076901	31077402	501
cCREs45656	chr10	31164450	31164951	501
cCREs46213	chr10	34536835	34537336	501
cCREs46542	chr10	37214585	37215086	501
cCREs46804	chr10	38879303	38879804	501
cCREs47129	chr10	40091001	40091502	501
cCREs47181	chr10	40317311	40317812	501
cCREs47541	chr10	41726134	41726635	501
cCREs47553	chr10	41828308	41828809	501
cCREs47640	chr10	42140706	42141207	501
cCREs47672	chr10	42238857	42239358	501
cCREs47692	chr10	42271693	42272194	501
cCREs48103	chr10	43892930	43893431	501
cCREs48485	chr10	45802573	45803074	501
cCREs49063	chr10	50439440	50439941	501
cCREs49218	chr10	51859036	51859537	501
cCREs49564	chr10	53507824	53508489	665
cCREs49615	chr10	53725214	53725715	501
cCREs49900	chr10	55264249	55264750	501
cCREs49916	chr10	55388762	55389263	501
cCREs50195	chr10	57045909	57046410	501
cCREs50392	chr10	58531402	58531903	501
cCREs51811	chr10	64510569	64511070	501
cCREs51972	chr10	65628607	65629108	501
cCREs52094	chr10	66317699	66318200	501
cCREs52255	chr10	66974397	66974898	501
cCREs52482	chr10	67834350	67834851	501
cCREs53028	chr10	69872880	69873381	501
cCREs53163	chr10	70239946	70240666	720
cCREs53191	chr10	70342409	70342910	501
cCREs54294	chr10	75296663	75297347	684
cCREs54640	chr10	76795335	76795836	501
cCREs54702	chr10	77040067	77040568	501
cCREs54798	chr10	77376885	77377386	501
cCREs54846	chr10	77542212	77542713	501
cCREs54858	chr10	77596864	77597599	735
cCREs55171	chr10	79693602	79694103	501
cCREs55424	chr10	80636673	80637174	501
cCREs55432	chr10	80669983	80670484	501
cCREs55463	chr10	80780407	80780908	501
cCREs55583	chr10	81284146	81284647	501
cCREs55584	chr10	81284750	81285251	501
cCREs55727	chr10	82731747	82732248	501
cCREs56083	chr10	84331359	84331860	501
cCREs56227	chr10	84802420	84802921	501
cCREs56619	chr10	86378715	86379216	501
cCREs57015	chr10	88314753	88315254	501
cCREs57131	chr10	88910772	88911273	501
cCREs58047	chr10	92578732	92579233	501
cCREs58171	chr10	93186194	93186695	501
cCREs58352	chr10	93914403	93914904	501
cCREs58431	chr10	94212623	94213124	501
cCREs58455	chr10	94298432	94298933	501
cCREs58788	chr10	95304072	95304573	501
cCREs59800	chr10	99360541	99361042	501
cCREs60447	chr10	102518889	102519390	501
cCREs60456	chr10	102555562	102556063	501
cCREs60554	chr10	103245320	103246023	703
cCREs60586	chr10	103419187	103419688	501
cCREs60955	chr10	105732114	105732615	501
cCREs60983	chr10	105847897	105848398	501
cCREs61406	chr10	107882238	107882739	501
cCREs61460	chr10	108068696	108069197	501
cCREs61939	chr10	109729058	109729559	501
cCREs62751	chr10	112962177	112962678	501
cCREs63547	chr10	116688516	116689358	842
cCREs63613	chr10	116946189	116946690	501
cCREs63622	chr10	116978836	116979614	778
cCREs63830	chr10	117838742	117839243	501
cCREs64314	chr10	119793787	119794288	501
cCREs64986	chr10	122756781	122757282	501
cCREs66052	chr10	127635805	127636306	501
cCREs66121	chr10	127975433	127975934	501
cCREs66148	chr10	128126047	128126548	501
cCREs66280	chr10	128832575	128833076	501
cCREs66299	chr10	128921358	128921859	501
cCREs66396	chr10	130366954	130367670	716
cCREs66445	chr11	3254685	3255186	501
cCREs66463	chr11	3342342	3342843	501
cCREs66620	chr11	3925888	3926389	501
cCREs66637	chr11	4048395	4048896	501
cCREs66714	chr11	4352582	4353083	501
cCREs66769	chr11	4646388	4646889	501
cCREs66841	chr11	4923492	4923993	501
cCREs66863	chr11	4995638	4996139	501
cCREs66913	chr11	5179094	5179595	501
cCREs66923	chr11	5205305	5205806	501
cCREs67129	chr11	6138253	6138754	501
cCREs67614	chr11	8479666	8480167	501
cCREs67777	chr11	9116022	9116523	501
cCREs67802	chr11	9226289	9226790	501
cCREs68186	chr11	11832569	11833238	669
cCREs68250	chr11	12085043	12085544	501
cCREs68313	chr11	12369587	12370088	501
cCREs70144	chr11	22839998	22840499	501
cCREs70146	chr11	22843913	22844414	501
cCREs70199	chr11	23021239	23021740	501
cCREs70211	chr11	23109169	23109670	501
cCREs70367	chr11	23988549	23989050	501
cCREs70440	chr11	24159638	24160139	501
cCREs70748	chr11	25595278	25595779	501
cCREs71110	chr11	27676324	27676972	648
cCREs71637	chr11	30682110	30682611	501
cCREs71701	chr11	31140216	31140717	501
cCREs71833	chr11	31781577	31782078	501
cCREs72204	chr11	32973338	32973839	501
cCREs72206	chr11	32981155	32981974	819
cCREs72209	chr11	32986137	32987123	986
cCREs72303	chr11	33579056	33579557	501
cCREs72416	chr11	33912036	33912537	501
cCREs72794	chr11	35369591	35370396	805
cCREs72849	chr11	35559118	35559619	501
cCREs72977	chr11	35938720	35939467	747
cCREs72981	chr11	35948422	35948923	501
cCREs73478	chr11	37697111	37697612	501
cCREs73546	chr11	38073686	38074187	501
cCREs73935	chr11	40689541	40690042	501
cCREs73951	chr11	40759851	40760352	501
cCREs74612	chr11	43642362	43642863	501
cCREs74696	chr11	43988547	43989281	734
cCREs74821	chr11	44459573	44460074	501
cCREs74839	chr11	44526589	44527090	501
cCREs74848	chr11	44544034	44544535	501
cCREs75501	chr11	47301969	47302470	501
cCREs75694	chr11	48185072	48185573	501
cCREs76321	chr11	51129668	51130169	501
cCREs76449	chr11	51726980	51727481	501
cCREs76770	chr11	53085840	53086341	501
cCREs77017	chr11	54174829	54175330	501
cCREs77181	chr11	54985054	54985555	501
cCREs78140	chr11	59335071	59335572	501
cCREs78156	chr11	59411681	59412182	501
cCREs78188	chr11	59551419	59551920	501
cCREs78365	chr11	60229704	60230205	501
cCREs78469	chr11	60844045	60844546	501
cCREs78556	chr11	61169027	61169528	501
cCREs78734	chr11	61897826	61898327	501
cCREs78931	chr11	62978781	62979282	501
cCREs79016	chr11	63338308	63338809	501
cCREs79967	chr11	67487913	67488414	501
cCREs80222	chr11	68342748	68343249	501
cCREs80528	chr11	69653308	69653809	501
cCREs80542	chr11	69704507	69705008	501
cCREs80997	chr11	71987600	71988101	501
cCREs81005	chr11	72012100	72012601	501
cCREs81100	chr11	72337574	72338222	648
cCREs81512	chr11	75179483	75179984	501
cCREs81782	chr11	76219975	76220476	501
cCREs81795	chr11	76278003	76278731	728
cCREs81825	chr11	76354821	76355322	501
cCREs82245	chr11	78346338	78346839	501
cCREs82629	chr11	80051054	80051555	501
cCREs83578	chr11	84115581	84116082	501
cCREs83630	chr11	84395951	84396452	501
cCREs84065	chr11	86921292	86921793	501
cCREs84085	chr11	86987779	86988280	501
cCREs84197	chr11	87559669	87560170	501
cCREs84209	chr11	87599717	87600218	501
cCREs84335	chr11	88198098	88198599	501
cCREs84509	chr11	88681382	88681883	501
cCREs84658	chr11	89416408	89416909	501
cCREs84770	chr11	89854896	89855397	501
cCREs84854	chr11	90187351	90187852	501
cCREs84878	chr11	90260075	90260576	501
cCREs85423	chr11	93482397	93482898	501
cCREs85691	chr11	94502258	94502759	501
cCREs85694	chr11	94519316	94519817	501
cCREs85699	chr11	94539285	94539786	501
cCREs85807	chr11	95071105	95071606	501
cCREs85902	chr11	95474336	95474837	501
cCREs85937	chr11	95589514	95590015	501
cCREs86002	chr11	95923943	95924444	501
cCREs86329	chr11	97661523	97662024	501
cCREs86538	chr11	98601995	98602496	501
cCREs86701	chr11	99207335	99207836	501
cCREs87105	chr11	101283762	101284263	501
cCREs87222	chr11	101834432	101834933	501
cCREs87299	chr11	102159756	102160257	501
cCREs88200	chr11	106344799	106345300	501
cCREs88273	chr11	106607150	106607651	501
cCREs88474	chr11	107438518	107439019	501
cCREs88912	chr11	108974644	108975145	501
cCREs89061	chr11	109510926	109511427	501
cCREs89710	chr11	112789276	112789777	501
cCREs89766	chr11	113003053	113003554	501
cCREs90338	chr11	114846967	114847468	501
cCREs90686	chr11	116365694	116366195	501
cCREs90749	chr11	116593309	116593810	501
cCREs90756	chr11	116622621	116623122	501
cCREs90766	chr11	116656828	116657329	501
cCREs90784	chr11	116713191	116713692	501
cCREs90907	chr11	117146765	117147266	501
cCREs90923	chr11	117199383	117199884	501
cCREs90929	chr11	117218005	117218506	501
cCREs91894	chr11	120452090	120452591	501
cCREs92139	chr11	121695394	121695895	501
cCREs92142	chr11	121710889	121711390	501
cCREs92163	chr11	121814535	121815036	501
cCREs92234	chr12	3547818	3548319	501
cCREs92329	chr12	3852990	3853491	501
cCREs92344	chr12	3884720	3885221	501
cCREs92821	chr12	5674110	5674611	501
cCREs92963	chr12	6414912	6415413	501
cCREs93180	chr12	7636540	7637041	501
cCREs93702	chr12	10176146	10176647	501
cCREs95254	chr12	16991310	16992044	734
cCREs95359	chr12	17339445	17339946	501
cCREs95414	chr12	17552230	17552731	501
cCREs95581	chr12	21306647	21307148	501
cCREs95698	chr12	24690685	24691186	501
cCREs96384	chr12	27623515	27624016	501
cCREs97266	chr12	31133198	31133699	501
cCREs97298	chr12	31263954	31264455	501
cCREs97309	chr12	31283505	31284006	501
cCREs97310	chr12	31288989	31289490	501
cCREs97320	chr12	31311257	31311758	501
cCREs97339	chr12	31375193	31375694	501
cCREs97798	chr12	33133684	33134185	501
cCREs98214	chr12	35021912	35022413	501
cCREs98558	chr12	36560559	36561310	751
cCREs98566	chr12	36595018	36595519	501
cCREs99177	chr12	39790959	39791460	501
cCREs99202	chr12	39921411	39921912	501
cCREs99275	chr12	40228591	40229341	750
cCREs99290	chr12	40276993	40277494	501
cCREs99772	chr12	42027781	42028282	501
cCREs100028	chr12	43924206	43924707	501
cCREs101148	chr12	50899842	50900343	501
cCREs101254	chr12	51342155	51342656	501
cCREs101372	chr12	51926692	51927193	501
cCREs102104	chr12	55316590	55317091	501
cCREs102385	chr12	56765119	56765620	501
cCREs102420	chr12	57024857	57025518	661
cCREs102485	chr12	57543021	57543522	501
cCREs102781	chr12	59156090	59156591	501
cCREs103360	chr12	64095545	64096046	501
cCREs103522	chr12	65087180	65087681	501
cCREs103537	chr12	65211737	65212238	501
cCREs105308	chr12	73743177	73743678	501
cCREs105320	chr12	73775514	73776015	501
cCREs105973	chr12	76502910	76503411	501
cCREs106010	chr12	76613576	76614077	501
cCREs106075	chr12	76860076	76860577	501
cCREs106336	chr12	77969889	77970390	501
cCREs106590	chr12	79381902	79382880	978
cCREs106637	chr12	79594412	79594913	501
cCREs106676	chr12	79722335	79722836	501
cCREs107174	chr12	81663870	81664371	501
cCREs107186	chr12	81733085	81733586	501
cCREs107195	chr12	81762336	81762837	501
cCREs107260	chr12	81969959	81970671	712
cCREs107589	chr12	83233558	83234059	501
cCREs107665	chr12	83532934	83533435	501
cCREs107840	chr12	84373195	84373696	501
cCREs107928	chr12	84805550	84806051	501
cCREs108165	chr12	85774503	85775004	501
cCREs108197	chr12	85917726	85918227	501
cCREs108208	chr12	85944475	85944976	501
cCREs108249	chr12	86049689	86050406	717
cCREs108281	chr12	86129562	86130063	501
cCREs108360	chr12	86539440	86539941	501
cCREs108364	chr12	86567472	86567973	501
cCREs108373	chr12	86600001	86600502	501
cCREs108576	chr12	87336015	87336516	501
cCREs109316	chr12	91114977	91115478	501
cCREs109374	chr12	91488412	91488913	501
cCREs109483	chr12	91923188	91923689	501
cCREs110017	chr12	95376487	95376988	501
cCREs110097	chr12	95705618	95706339	721
cCREs110882	chr12	99426443	99426944	501
cCREs111325	chr12	100912381	100912882	501
cCREs111468	chr12	102029841	102030342	501
cCREs111518	chr12	102178304	102178805	501
cCREs111654	chr12	102614286	102614787	501
cCREs111818	chr12	103202096	103202597	501
cCREs112057	chr12	104545929	104546430	501
cCREs112067	chr12	104597172	104597673	501
cCREs112069	chr12	104610356	104610857	501
cCREs112075	chr12	104641463	104641964	501
cCREs112101	chr12	104730311	104730812	501
cCREs112116	chr12	104784377	104784878	501
cCREs112140	chr12	104863492	104863993	501
cCREs112172	chr12	104945815	104946316	501
cCREs112180	chr12	104968123	104968624	501
cCREs112336	chr12	105605142	105605643	501
cCREs112618	chr12	106630769	106631270	501
cCREs112659	chr12	106829224	106829725	501
cCREs113031	chr12	108373517	108374018	501
cCREs113266	chr12	109518695	109519196	501
cCREs113269	chr12	109527377	109527878	501
cCREs113457	chr12	110472073	110472574	501
cCREs113494	chr12	110563366	110563867	501
cCREs114010	chr12	112552857	112553358	501
cCREs114053	chr12	112670685	112671401	716
cCREs114068	chr12	112734882	112735383	501
cCREs114127	chr12	112940128	112940629	501
cCREs114968	chr12	119183365	119183866	501
cCREs115121	chr13	3647706	3648207	501
cCREs115771	chr13	7174732	7175233	501
cCREs116070	chr13	9058354	9058855	501
cCREs116326	chr13	9973952	9974453	501
cCREs116825	chr13	12186597	12187098	501
cCREs116826	chr13	12189173	12189674	501
cCREs117010	chr13	13618923	13619424	501
cCREs117526	chr13	16700891	16701392	501
cCREs117778	chr13	18195651	18196152	501
cCREs117811	chr13	18300018	18300519	501
cCREs117908	chr13	18782762	18783263	501
cCREs118552	chr13	21420664	21421165	501
cCREs118983	chr13	24266961	24267462	501
cCREs118991	chr13	24291518	24292019	501
cCREs119956	chr13	29330299	29330800	501
cCREs120375	chr13	30902258	30902759	501
cCREs120628	chr13	32011853	32012354	501
cCREs120801	chr13	32809860	32810361	501
cCREs120852	chr13	33037342	33037843	501
cCREs121183	chr13	34908784	34909285	501
cCREs121554	chr13	36447699	36448200	501
cCREs121936	chr13	38082479	38082980	501
cCREs122005	chr13	38396560	38397061	501
cCREs122232	chr13	39604720	39605221	501
cCREs122353	chr13	40518120	40518621	501
cCREs122437	chr13	40994891	40995392	501
cCREs122519	chr13	41355504	41356005	501
cCREs122681	chr13	41956557	41957058	501
cCREs123288	chr13	44032651	44033392	741
cCREs123419	chr13	44568479	44568980	501
cCREs124376	chr13	48197292	48197793	501
cCREs124461	chr13	48659817	48660318	501
cCREs124623	chr13	49250719	49251220	501
cCREs124999	chr13	51751233	51751734	501
cCREs125054	chr13	51912390	51912891	501
cCREs125064	chr13	51949396	51950823	1427
cCREs125282	chr13	52704620	52705121	501
cCREs125481	chr13	53563841	53564596	755
cCREs125696	chr13	54288201	54288702	501
cCREs125934	chr13	55209251	55209752	501
cCREs126043	chr13	55734226	55734727	501
cCREs126693	chr13	58306035	58306536	501
cCREs126738	chr13	58538302	58538803	501
cCREs126753	chr13	58610036	58611140	1104
cCREs126975	chr13	59422678	59423179	501
cCREs127013	chr13	59539904	59540405	501
cCREs127167	chr13	60132211	60132712	501
cCREs127234	chr13	60441386	60442149	763
cCREs127257	chr13	60532147	60532648	501
cCREs127364	chr13	62533240	62533741	501
cCREs127415	chr13	62990943	62991444	501
cCREs127497	chr13	63241695	63242196	501
cCREs127526	chr13	63300175	63300798	623
cCREs127561	chr13	63415663	63416164	501
cCREs127596	chr13	63574560	63575061	501
cCREs127615	chr13	63674622	63675123	501
cCREs127626	chr13	63722258	63722759	501
cCREs127630	chr13	63735059	63735560	501
cCREs127684	chr13	64064243	64064744	501
cCREs127688	chr13	64082017	64082518	501
cCREs127716	chr13	64243200	64243701	501
cCREs127726	chr13	64287393	64287894	501
cCREs128298	chr13	69821228	69821729	501
cCREs128493	chr13	70611786	70612287	501
cCREs128679	chr13	71486442	71486943	501
cCREs129441	chr13	76158277	76158778	501
cCREs130167	chr13	80986601	80987102	501
cCREs130212	chr13	81210490	81210991	501
cCREs130722	chr13	83716667	83717168	501
cCREs131458	chr13	89514910	89515411	501
cCREs132631	chr13	94315264	94315765	501
cCREs132681	chr13	94519211	94519712	501
cCREs132754	chr13	94979029	94979530	501
cCREs133899	chr13	99120362	99120863	501
cCREs134261	chr13	100556994	100557495	501
cCREs134915	chr13	103221433	103221934	501
cCREs135176	chr13	104497617	104498118	501
cCREs135197	chr13	104586164	104586665	501
cCREs136102	chr13	108299619	108300120	501
cCREs136838	chr13	110851545	110852046	501
cCREs137192	chr13	112381337	112381838	501
cCREs137464	chr13	113546733	113547234	501
cCREs137689	chr13	114291778	114292279	501
cCREs137691	chr13	114295916	114296417	501
cCREs137716	chr13	114378452	114378953	501
cCREs137785	chr13	114802057	114802558	501
cCREs137933	chr13	115425956	115426457	501
cCREs138701	chr13	119886839	119887340	501
cCREs138703	chr13	120179404	120180421	1017
cCREs138929	chr14	8258782	8259283	501
cCREs138932	chr14	8300824	8301325	501
cCREs139467	chr14	10908956	10909457	501
cCREs139628	chr14	11663605	11664106	501
cCREs139740	chr14	11958564	11959195	631
cCREs140276	chr14	13914280	13914781	501
cCREs140295	chr14	14014690	14015191	501
cCREs140377	chr14	14628573	14629074	501
cCREs140621	chr14	16107355	16107856	501
cCREs140681	chr14	16411650	16412414	764
cCREs141092	chr14	18458191	18458692	501
cCREs141107	chr14	18538704	18539205	501
cCREs141232	chr14	19775955	19776456	501
cCREs141235	chr14	19785879	19786607	728
cCREs141240	chr14	19799650	19800151	501
cCREs141440	chr14	20610131	20610632	501
cCREs141604	chr14	21270772	21271273	501
cCREs141938	chr14	22826852	22827353	501
cCREs142726	chr14	25570240	25570741	501
cCREs142741	chr14	25610325	25610826	501
cCREs142906	chr14	26675326	26675827	501
cCREs143021	chr14	27319233	27319734	501
cCREs143022	chr14	27319873	27320374	501
cCREs143475	chr14	28981815	28982316	501
cCREs144854	chr14	34608186	34608687	501
cCREs145235	chr14	36595825	36596326	501
cCREs145982	chr14	40973446	40973947	501
cCREs146296	chr14	45632699	45633200	501
cCREs146439	chr14	46397241	46397742	501
cCREs146462	chr14	46555766	46556267	501
cCREs146980	chr14	48668978	48669479	501
cCREs147009	chr14	48877950	48878813	863
cCREs147013	chr14	48893276	48893777	501
cCREs147019	chr14	48909309	48909810	501
cCREs147053	chr14	49128885	49129386	501
cCREs147377	chr14	51906628	51907129	501
cCREs147464	chr14	52495540	52496041	501
cCREs147465	chr14	52506723	52507224	501
cCREs147797	chr14	54918845	54919346	501
cCREs147949	chr14	55567190	55567691	501
cCREs148348	chr14	57835677	57836178	501
cCREs148556	chr14	58737320	58737821	501
cCREs148597	chr14	58989753	58990254	501
cCREs149092	chr14	61106450	61106951	501
cCREs149111	chr14	61186796	61187297	501
cCREs149701	chr14	63917199	63917700	501
cCREs150029	chr14	64925459	64925960	501
cCREs150146	chr14	65316422	65316923	501
cCREs150159	chr14	65362996	65363497	501
cCREs150407	chr14	66305034	66305535	501
cCREs151107	chr14	69813592	69814093	501
cCREs151220	chr14	70192601	70193102	501
cCREs151314	chr14	70549832	70550333	501
cCREs151490	chr14	71293471	71293972	501
cCREs152303	chr14	74933955	74934456	501
cCREs152332	chr14	75030810	75031311	501
cCREs152522	chr14	75793794	75794774	980
cCREs152526	chr14	75807843	75808344	501
cCREs152640	chr14	76189081	76189582	501
cCREs152655	chr14	76253704	76254205	501
cCREs152669	chr14	76323164	76323665	501
cCREs152723	chr14	76520625	76521126	501
cCREs152774	chr14	76662825	76663326	501
cCREs153581	chr14	79389407	79389908	501
cCREs153834	chr14	80267611	80268112	501
cCREs154706	chr14	86728479	86728980	501
cCREs154802	chr14	87146679	87147180	501
cCREs154848	chr14	87394954	87395455	501
cCREs155775	chr14	94213868	94214369	501
cCREs155866	chr14	94947969	94948470	501
cCREs155867	chr14	94952397	94952898	501
cCREs156593	chr14	99750961	99751462	501
cCREs156636	chr14	99906616	99907117	501
cCREs156815	chr14	100615196	100615697	501
cCREs157137	chr14	101924600	101925101	501
cCREs157395	chr14	103116602	103117103	501
cCREs158504	chr14	110142637	110143415	778
cCREs158942	chr14	113494666	113495167	501
cCREs159841	chr14	118108418	118108919	501
cCREs159948	chr14	118656932	118657433	501
cCREs159971	chr14	118716325	118716826	501
cCREs160020	chr14	118907591	118908092	501
cCREs160196	chr14	119588701	119589202	501
cCREs160411	chr14	120370002	120370503	501
cCREs160611	chr14	121075702	121076203	501
cCREs160786	chr14	121547689	121548190	501
cCREs161021	chr14	122350675	122351176	501
cCREs161033	chr14	122392593	122393094	501
cCREs161071	chr14	122584897	122585398	501
cCREs161219	chr14	123221683	123222184	501
cCREs161801	chr15	5148555	5149056	501
cCREs162278	chr15	7713160	7713661	501
cCREs162309	chr15	7921221	7921722	501
cCREs162341	chr15	8028851	8029352	501
cCREs162423	chr15	8583754	8584255	501
cCREs162700	chr15	10286629	10287130	501
cCREs162702	chr15	10295616	10296117	501
cCREs162706	chr15	10308329	10308830	501
cCREs162787	chr15	10646460	10646961	501
cCREs163062	chr15	11699919	11700420	501
cCREs163074	chr15	11735490	11735991	501
cCREs163203	chr15	12213675	12214176	501
cCREs163234	chr15	12293547	12294048	501
cCREs163385	chr15	12718100	12718601	501
cCREs164596	chr15	21937775	21938276	501
cCREs165199	chr15	25625380	25625881	501
cCREs165205	chr15	25641278	25641779	501
cCREs165211	chr15	25659301	25659802	501
cCREs165542	chr15	26867554	26868055	501
cCREs165724	chr15	27590871	27591372	501
cCREs165786	chr15	27741187	27741688	501
cCREs165813	chr15	27791545	27792046	501
cCREs165891	chr15	27920588	27921089	501
cCREs165925	chr15	27994896	27995397	501
cCREs166166	chr15	29530795	29531296	501
cCREs167314	chr15	34617506	34618007	501
cCREs167436	chr15	35319050	35319551	501
cCREs167493	chr15	35703144	35703645	501
cCREs167503	chr15	35748189	35748690	501
cCREs167524	chr15	35836062	35836941	879
cCREs167544	chr15	35922182	35922683	501
cCREs168502	chr15	40007841	40008342	501
cCREs169157	chr15	43009636	43010137	501
cCREs169992	chr15	49259674	49260175	501
cCREs170227	chr15	51134607	51135108	501
cCREs170554	chr15	52721516	52722017	501
cCREs170558	chr15	52738195	52738696	501
cCREs170978	chr15	54626385	54626886	501
cCREs171054	chr15	54927100	54927826	726
cCREs171059	chr15	54941925	54942791	866
cCREs171131	chr15	55208785	55209286	501
cCREs171272	chr15	55805485	55805986	501
cCREs171279	chr15	55823065	55823566	501
cCREs171303	chr15	55899838	55900339	501
cCREs171643	chr15	57924436	57924937	501
cCREs171668	chr15	58007643	58008144	501
cCREs172336	chr15	60521553	60522054	501
cCREs172419	chr15	60905841	60906342	501
cCREs172479	chr15	61301009	61301510	501
cCREs172675	chr15	62160988	62161489	501
cCREs173487	chr15	65879603	65880315	712
cCREs173493	chr15	65907272	65907773	501
cCREs173898	chr15	67263599	67264100	501
cCREs174170	chr15	68387513	68388014	501
cCREs175091	chr15	72898740	72899397	657
cCREs175315	chr15	73675169	73675670	501
cCREs175814	chr15	75910964	75911465	501
cCREs175961	chr15	76615694	76616332	638
cCREs175968	chr15	76650647	76651148	501
cCREs176637	chr15	79254533	79255277	744
cCREs177290	chr15	81918809	81919310	501
cCREs177312	chr15	81982189	81982690	501
cCREs177363	chr15	82181814	82182315	501
cCREs178303	chr15	86057379	86057880	501
cCREs178596	chr15	87179040	87179541	501
cCREs178960	chr15	88706257	88706758	501
cCREs179650	chr15	91730946	91731447	501
cCREs179745	chr15	92184896	92185397	501
cCREs179797	chr15	92335568	92336069	501
cCREs180120	chr15	93714887	93715388	501
cCREs180614	chr15	95746601	95747302	701
cCREs181251	chr15	98591404	98591905	501
cCREs181458	chr15	99491981	99492482	501
cCREs181634	chr15	100190254	100190755	501
cCREs181719	chr15	100586539	100587040	501
cCREs182020	chr15	101843089	101843590	501
cCREs182049	chr15	102004164	102004665	501
cCREs182113	chr15	102288633	102289134	501
cCREs182143	chr15	102450929	102451430	501
cCREs182442	chr16	3885505	3886006	501
cCREs182979	chr16	6139065	6139566	501
cCREs183985	chr16	10554380	10554881	501
cCREs184045	chr16	10746831	10747332	501
cCREs184078	chr16	10871002	10871503	501
cCREs184164	chr16	11205452	11205953	501
cCREs184333	chr16	11804256	11804757	501
cCREs184337	chr16	11813138	11813639	501
cCREs184354	chr16	11887087	11887588	501
cCREs184592	chr16	13040554	13041055	501
cCREs184655	chr16	13317918	13318419	501
cCREs184768	chr16	13766177	13766856	679
cCREs184913	chr16	14804491	14804992	501
cCREs185039	chr16	16072466	16072967	501
cCREs185113	chr16	16866131	16866632	501
cCREs185162	chr16	17054547	17055048	501
cCREs185183	chr16	17167948	17168449	501
cCREs185511	chr16	18610582	18611083	501
cCREs185577	chr16	18944099	18944873	774
cCREs185685	chr16	20298230	20298731	501
cCREs185697	chr16	20357294	20357795	501
cCREs185790	chr16	20854776	20855277	501
cCREs185802	chr16	21000158	21000659	501
cCREs186420	chr16	23833565	23834066	501
cCREs186531	chr16	24302254	24302755	501
cCREs186723	chr16	24979375	24979876	501
cCREs186915	chr16	25849315	25850101	786
cCREs187011	chr16	26316240	26316741	501
cCREs187014	chr16	26350884	26351385	501
cCREs187095	chr16	26697654	26698563	909
cCREs187928	chr16	30559569	30560070	501
cCREs188378	chr16	32551155	32551870	715
cCREs188445	chr16	32865166	32865896	730
cCREs188462	chr16	32955288	32955789	501
cCREs188608	chr16	33677939	33678440	501
cCREs188966	chr16	34854021	34854522	501
cCREs189074	chr16	35203637	35204138	501
cCREs189128	chr16	35335027	35335528	501
cCREs189321	chr16	36215333	36215834	501
cCREs189341	chr16	36483292	36483793	501
cCREs189898	chr16	38887977	38888478	501
cCREs190805	chr16	42911208	42911709	501
cCREs190824	chr16	43033608	43034109	501
cCREs190954	chr16	43553180	43553681	501
cCREs191205	chr16	44451807	44452308	501
cCREs191470	chr16	45639932	45640433	501
cCREs191511	chr16	45763172	45763673	501
cCREs191537	chr16	45838043	45838544	501
cCREs191548	chr16	45873372	45873873	501
cCREs191555	chr16	45893680	45894181	501
cCREs191566	chr16	45939743	45940244	501
cCREs191969	chr16	48623341	48623842	501
cCREs191971	chr16	48629659	48630160	501
cCREs192191	chr16	49693624	49694125	501
cCREs192713	chr16	52155646	52156147	501
cCREs193181	chr16	55078199	55078700	501
cCREs193215	chr16	55255809	55256310	501
cCREs193341	chr16	55904329	55904830	501
cCREs193698	chr16	57603923	57604424	501
cCREs194902	chr16	65424324	65424825	501
cCREs195026	chr16	66129321	66129822	501
cCREs195615	chr16	70214437	70215264	827
cCREs198246	chr16	84928983	84929484	501
cCREs198314	chr16	85074831	85075332	501
cCREs198529	chr16	85948538	85949039	501
cCREs199306	chr16	89869574	89870279	705
cCREs199747	chr16	91428129	91428819	690
cCREs199929	chr16	92065774	92066275	501
cCREs199970	chr16	92216588	92217089	501
cCREs199995	chr16	92292100	92292601	501
cCREs200062	chr16	92501133	92501634	501
cCREs200070	chr16	92536815	92537316	501
cCREs200188	chr16	93106698	93107199	501
cCREs200885	chr16	96117934	96118619	685
cCREs201273	chr16	97655753	97656254	501
cCREs201624	chr17	4335564	4336065	501
cCREs201836	chr17	5256764	5257443	679
cCREs202152	chr17	6698527	6699028	501
cCREs202162	chr17	6747483	6747984	501
cCREs202303	chr17	7654276	7654777	501
cCREs202309	chr17	7683804	7684305	501
cCREs202965	chr17	10626331	10626832	501
cCREs204204	chr17	21438838	21439339	501
cCREs204229	chr17	21723350	21723851	501
cCREs204320	chr17	23822012	23822513	501
cCREs204727	chr17	25838928	25839429	501
cCREs204790	chr17	26132433	26132934	501
cCREs204800	chr17	26212503	26213004	501
cCREs204924	chr17	26678178	26678679	501
cCREs205272	chr17	28140434	28140935	501
cCREs205398	chr17	28721997	28722498	501
cCREs205535	chr17	29273827	29274328	501
cCREs205619	chr17	29628260	29628761	501
cCREs205662	chr17	29777041	29777542	501
cCREs206026	chr17	31271318	31271819	501
cCREs206341	chr17	32851476	32851977	501
cCREs206345	chr17	32878841	32879342	501
cCREs206942	chr17	39016996	39017497	501
cCREs206970	chr17	40802948	40803449	501
cCREs207208	chr17	42752067	42752568	501
cCREs207304	chr17	43220267	43221100	833
cCREs207333	chr17	43342914	43343415	501
cCREs207458	chr17	43921175	43921676	501
cCREs207644	chr17	44668966	44669467	501
cCREs207742	chr17	45203748	45204249	501
cCREs207748	chr17	45226527	45227028	501
cCREs207896	chr17	45812400	45812901	501
cCREs207929	chr17	45933878	45934379	501
cCREs208042	chr17	46567430	46568340	910
cCREs208158	chr17	47065460	47065961	501
cCREs208429	chr17	48380238	48380739	501
cCREs208510	chr17	48723900	48724401	501
cCREs209441	chr17	53518167	53518668	501
cCREs209486	chr17	53915728	53916229	501
cCREs209799	chr17	56279677	56280250	573
cCREs209804	chr17	56292733	56293234	501
cCREs209995	chr17	57062922	57063423	501
cCREs211400	chr17	65600504	65601005	501
cCREs211503	chr17	65935856	65936357	501
cCREs211692	chr17	66683328	66683829	501
cCREs211921	chr17	67508333	67508834	501
cCREs212708	chr17	70809792	70810293	501
cCREs212884	chr17	71681576	71682077	501
cCREs212951	chr17	71923093	71923809	716
cCREs212969	chr17	71989292	71989793	501
cCREs212987	chr17	72058730	72059231	501
cCREs213131	chr17	72661624	72662125	501
cCREs213171	chr17	72859206	72859707	501
cCREs213527	chr17	74331175	74331676	501
cCREs213528	chr17	74331765	74332429	664
cCREs214177	chr17	78308165	78308666	501
cCREs214229	chr17	78451407	78451908	501
cCREs214337	chr17	78963607	78964108	501
cCREs214400	chr17	79280038	79280539	501
cCREs214611	chr17	80134492	80134993	501
cCREs214691	chr17	80490135	80490636	501
cCREs214696	chr17	80521837	80522338	501
cCREs215719	chr17	84673943	84674444	501
cCREs215749	chr17	84771804	84772305	501
cCREs215998	chr17	86001216	86001717	501
cCREs216183	chr17	86551934	86552435	501
cCREs216193	chr17	86591433	86591934	501
cCREs216451	chr17	87688853	87689354	501
cCREs216508	chr17	87932674	87933175	501
cCREs216526	chr17	88055764	88056265	501
cCREs216543	chr17	88162202	88162864	662
cCREs217091	chr17	90811760	90812261	501
cCREs217291	chr17	92608138	92608836	698
cCREs217758	chr18	4653560	4654061	501
cCREs218375	chr18	7633941	7634442	501
cCREs218562	chr18	8966715	8967216	501
cCREs218859	chr18	10667397	10668116	719
cCREs219224	chr18	12391634	12392135	501
cCREs219227	chr18	12403973	12404474	501
cCREs219302	chr18	12673463	12673964	501
cCREs219660	chr18	14176699	14177200	501
cCREs219752	chr18	14648593	14649094	501
cCREs219781	chr18	14837741	14838242	501
cCREs220740	chr18	20651697	20652502	805
cCREs220742	chr18	20657364	20658080	716
cCREs220891	chr18	21222159	21222660	501
cCREs220982	chr18	21625165	21625666	501
cCREs221516	chr18	24011868	24012369	501
cCREs221773	chr18	24914775	24915276	501
cCREs222916	chr18	30500544	30501045	501
cCREs223185	chr18	31713715	31714216	501
cCREs223217	chr18	31891156	31891657	501
cCREs223922	chr18	34941576	34942077	501
cCREs224604	chr18	38304148	38305211	1063
cCREs224654	chr18	38475587	38476088	501
cCREs225463	chr18	41860562	41861063	501
cCREs226705	chr18	47190988	47191489	501
cCREs227286	chr18	49966493	49966994	501
cCREs228279	chr18	54678563	54679064	501
cCREs228757	chr18	56513597	56514098	501
cCREs228906	chr18	57025692	57026193	501
cCREs229114	chr18	57723769	57724270	501
cCREs229821	chr18	60960435	60960936	501
cCREs231224	chr18	66140945	66141446	501
cCREs231746	chr18	68259471	68259972	501
cCREs232534	chr18	71603018	71603519	501
cCREs233188	chr18	74639515	74640016	501
cCREs233196	chr18	74670353	74670854	501
cCREs233218	chr18	74733440	74733941	501
cCREs233299	chr18	75039006	75039507	501
cCREs234655	chr18	80560159	80560660	501
cCREs234823	chr18	81262723	81263224	501
cCREs235033	chr18	82449639	82450140	501
cCREs235328	chr18	83484450	83484951	501
cCREs235445	chr18	84042058	84042559	501
cCREs235593	chr18	84649923	84650424	501
cCREs236522	chr18	90582095	90582596	501
cCREs236565	chr19	3459929	3460430	501
cCREs236645	chr19	3920212	3920713	501
cCREs236647	chr19	3926213	3926714	501
cCREs237232	chr19	6937578	6938359	781
cCREs237235	chr19	6948164	6948665	501
cCREs237433	chr19	8601454	8601955	501
cCREs237573	chr19	9871828	9872329	501
cCREs237619	chr19	10038762	10039263	501
cCREs237704	chr19	10331645	10332146	501
cCREs238287	chr19	14676145	14676646	501
cCREs238344	chr19	15045472	15045973	501
cCREs239815	chr19	22601989	22602490	501
cCREs239835	chr19	22664424	22665515	1091
cCREs239838	chr19	22678943	22679828	885
cCREs239934	chr19	22968419	22968920	501
cCREs240229	chr19	24014120	24014621	501
cCREs240261	chr19	24129342	24129843	501
cCREs240319	chr19	24335265	24335766	501
cCREs240358	chr19	24455121	24455622	501
cCREs240363	chr19	24468103	24468706	603
cCREs240397	chr19	24610026	24610527	501
cCREs240401	chr19	24618364	24618865	501
cCREs240858	chr19	26752677	26753178	501
cCREs240992	chr19	27264669	27265170	501
cCREs241002	chr19	27332310	27332811	501
cCREs241182	chr19	28047243	28047744	501
cCREs241201	chr19	28135684	28136185	501
cCREs241252	chr19	28351314	28351815	501
cCREs242170	chr19	32386437	32386938	501
cCREs242203	chr19	32529620	32530121	501
cCREs242239	chr19	32673333	32673834	501
cCREs242303	chr19	32963818	32964319	501
cCREs242597	chr19	34744586	34745087	501
cCREs243088	chr19	37098785	37099286	501
cCREs243339	chr19	38299496	38299997	501
cCREs243443	chr19	38730697	38731198	501
cCREs243465	chr19	38856506	38857007	501
cCREs243619	chr19	40552260	40552761	501
cCREs244130	chr19	42628017	42628518	501
cCREs244342	chr19	43859051	43859552	501
cCREs244368	chr19	43985919	43986420	501
cCREs244436	chr19	44369380	44369881	501
cCREs244955	chr19	46840004	46840505	501
cCREs245065	chr19	47230092	47230593	501
cCREs245070	chr19	47258360	47258861	501
cCREs245193	chr19	47670878	47671379	501
cCREs246391	chr19	53772161	53772662	501
cCREs247696	chr19	58883431	58883932	501
cCREs247870	chr19	59690775	59691276	501
cCREs248212	chr2	3318477	3318978	501
cCREs248269	chr2	3658850	3659351	501
cCREs248371	chr2	4144369	4144870	501
cCREs248680	chr2	5381928	5382429	501
cCREs248786	chr2	5708398	5708899	501
cCREs249683	chr2	10009156	10009657	501
cCREs249906	chr2	11185826	11186327	501
cCREs250368	chr2	13336672	13337173	501
cCREs250561	chr2	14325857	14326358	501
cCREs250825	chr2	15850188	15850689	501
cCREs251394	chr2	18825706	18826207	501
cCREs251508	chr2	19333906	19334728	822
cCREs251560	chr2	19588208	19588709	501
cCREs251749	chr2	20496200	20496701	501
cCREs251765	chr2	20555685	20556186	501
cCREs251779	chr2	20593654	20594155	501
cCREs251827	chr2	20767253	20767754	501
cCREs252293	chr2	23175833	23176334	501
cCREs252405	chr2	24479734	24480235	501
cCREs252468	chr2	24714502	24715119	617
cCREs252556	chr2	25134840	25135641	801
cCREs252583	chr2	25246657	25247158	501
cCREs252627	chr2	25434251	25434752	501
cCREs252633	chr2	25467529	25468030	501
cCREs252871	chr2	26553845	26554346	501
cCREs252926	chr2	26951447	26951948	501
cCREs252988	chr2	27201237	27201738	501
cCREs253408	chr2	28748957	28749682	725
cCREs253411	chr2	28756146	28756647	501
cCREs253687	chr2	29901113	29901614	501
cCREs253706	chr2	29998244	29998745	501
cCREs253743	chr2	30244641	30245142	501
cCREs253935	chr2	30995418	30995919	501
cCREs254073	chr2	31511771	31512272	501
cCREs254464	chr2	32926304	32926805	501
cCREs254704	chr2	33702896	33703397	501
cCREs254764	chr2	33874343	33874844	501
cCREs254957	chr2	34716044	34716545	501
cCREs254992	chr2	34937383	34937884	501
cCREs255000	chr2	34964228	34965078	850
cCREs255049	chr2	35219544	35220045	501
cCREs255167	chr2	35646510	35647011	501
cCREs255375	chr2	36291576	36292077	501
cCREs255416	chr2	37528463	37528964	501
cCREs255648	chr2	38501546	38502047	501
cCREs255707	chr2	38695721	38696222	501
cCREs255780	chr2	39114948	39115682	734
cCREs256868	chr2	45212767	45213268	501
cCREs258339	chr2	52537629	52538130	501
cCREs259314	chr2	58106699	58107200	501
cCREs259595	chr2	59134909	59135410	501
cCREs259766	chr2	59641014	59641515	501
cCREs260140	chr2	61067664	61068165	501
cCREs260380	chr2	62166667	62167168	501
cCREs261628	chr2	68082527	68083028	501
cCREs261758	chr2	68453288	68454045	757
cCREs261766	chr2	68468578	68469079	501
cCREs261954	chr2	69176631	69177132	501
cCREs262736	chr2	72232080	72232581	501
cCREs263285	chr2	74461145	74461646	501
cCREs263468	chr2	75496793	75497294	501
cCREs263738	chr2	76592509	76593010	501
cCREs264472	chr2	79519771	79520272	501
cCREs264766	chr2	80562718	80563219	501
cCREs265379	chr2	84395128	84395629	501
cCREs265526	chr2	85000016	85000517	501
cCREs265606	chr2	85225835	85226336	501
cCREs265976	chr2	90738952	90739453	501
cCREs265977	chr2	90739804	90740305	501
cCREs266314	chr2	92047482	92047983	501
cCREs266395	chr2	92411692	92412193	501
cCREs266672	chr2	93250540	93251041	501
cCREs267262	chr2	96156881	96157382	501
cCREs268535	chr2	103325179	103325680	501
cCREs268555	chr2	103397986	103398487	501
cCREs268579	chr2	103466868	103467369	501
cCREs269045	chr2	105368781	105369282	501
cCREs269075	chr2	105511451	105511952	501
cCREs269179	chr2	106042402	106042903	501
cCREs270287	chr2	112519646	112520147	501
cCREs270567	chr2	113559798	113560299	501
cCREs270690	chr2	114058051	114058552	501
cCREs271524	chr2	117652514	117653015	501
cCREs271621	chr2	118074666	118075167	501
cCREs272109	chr2	120294503	120295004	501
cCREs272123	chr2	120344683	120345184	501
cCREs272156	chr2	120525521	120526022	501
cCREs272167	chr2	120594936	120595437	501
cCREs272402	chr2	121764846	121765347	501
cCREs272569	chr2	122707234	122707735	501
cCREs272622	chr2	122945827	122946328	501
cCREs272980	chr2	124588260	124588761	501
cCREs273077	chr2	124948784	124949285	501
cCREs273224	chr2	125500226	125500727	501
cCREs273354	chr2	125982971	125983472	501
cCREs273520	chr2	126896931	126897860	929
cCREs274390	chr2	130717750	130718251	501
cCREs274561	chr2	131458628	131459129	501
cCREs274705	chr2	131953001	131953502	501
cCREs274741	chr2	132053061	132053562	501
cCREs274750	chr2	132079846	132080347	501
cCREs274783	chr2	132183416	132184150	734
cCREs274998	chr2	133035239	133035740	501
cCREs275818	chr2	136498147	136498648	501
cCREs275947	chr2	136971975	136972476	501
cCREs277057	chr2	141981185	141981686	501
cCREs277712	chr2	144375329	144375830	501
cCREs278317	chr2	146617526	146618027	501
cCREs279009	chr2	150595725	150596226	501
cCREs279018	chr2	150640096	150640597	501
cCREs279211	chr2	151776076	151776577	501
cCREs279372	chr2	152485551	152486052	501
cCREs279386	chr2	152592924	152593425	501
cCREs279400	chr2	152657397	152657898	501
cCREs279439	chr2	152764110	152764611	501
cCREs279453	chr2	152809280	152809781	501
cCREs279702	chr2	153853512	153854013	501
cCREs279717	chr2	153935281	153936032	751
cCREs279756	chr2	154206906	154207407	501
cCREs280072	chr2	155786965	155787466	501
cCREs280121	chr2	155959433	155959934	501
cCREs280260	chr2	156554308	156554809	501
cCREs280726	chr2	158101075	158101576	501
cCREs280973	chr2	158942346	158942847	501
cCREs281841	chr2	163074775	163075567	792
cCREs281843	chr2	163089407	163089908	501
cCREs282116	chr2	164144781	164145282	501
cCREs282148	chr2	164366960	164367461	501
cCREs282162	chr2	164430688	164431189	501
cCREs282164	chr2	164435025	164435526	501
cCREs282378	chr2	165277258	165277759	501
cCREs282538	chr2	165837063	165837564	501
cCREs282585	chr2	165981174	165981675	501
cCREs282746	chr2	166492367	166492868	501
cCREs282846	chr2	166830262	166830763	501
cCREs283606	chr2	169840392	169840893	501
cCREs283698	chr2	170209874	170210375	501
cCREs284257	chr2	172932209	172932710	501
cCREs284326	chr2	173243523	173244024	501
cCREs284578	chr2	174316179	174316997	818
cCREs284949	chr2	178795794	178796295	501
cCREs284953	chr2	178809871	178810372	501
cCREs284987	chr2	178949113	178949614	501
cCREs285196	chr2	179792423	179793196	773
cCREs285396	chr2	180634039	180634540	501
cCREs285573	chr2	181342645	181343146	501
cCREs286318	chr3	9112990	9113491	501
cCREs287714	chr3	18655676	18656177	501
cCREs288066	chr3	20608551	20609052	501
cCREs288168	chr3	21185868	21186369	501
cCREs288285	chr3	21680501	21681002	501
cCREs289282	chr3	27268689	27269190	501
cCREs289468	chr3	27951726	27952227	501
cCREs290036	chr3	30322669	30323170	501
cCREs290115	chr3	30766159	30766660	501
cCREs290172	chr3	31014304	31014805	501
cCREs290530	chr3	32485174	32485675	501
cCREs291211	chr3	35318898	35319399	501
cCREs291297	chr3	35897922	35898423	501
cCREs291595	chr3	37357248	37357749	501
cCREs292365	chr3	40978612	40979113	501
cCREs292508	chr3	41509371	41509872	501
cCREs292974	chr3	44787137	44787638	501
cCREs293290	chr3	47444989	47445703	714
cCREs293940	chr3	51206483	51206984	501
cCREs293944	chr3	51220784	51221285	501
cCREs294043	chr3	51614221	51614722	501
cCREs294133	chr3	51909084	51909585	501
cCREs294513	chr3	53200141	53200986	845
cCREs294623	chr3	53600232	53600733	501
cCREs294691	chr3	53868179	53868680	501
cCREs294896	chr3	54687275	54687776	501
cCREs294926	chr3	54802647	54803148	501
cCREs295204	chr3	55591314	55591815	501
cCREs295628	chr3	57485923	57486424	501
cCREs296423	chr3	61372910	61373411	501
cCREs296584	chr3	62341765	62342266	501
cCREs296620	chr3	62452836	62453337	501
cCREs296856	chr3	63815162	63815663	501
cCREs297265	chr3	65876645	65877146	501
cCREs299514	chr3	79336441	79336942	501
cCREs299633	chr3	79742330	79742831	501
cCREs299728	chr3	80075471	80075972	501
cCREs300279	chr3	82389284	82389989	705
cCREs300416	chr3	82946785	82947286	501
cCREs300563	chr3	83632910	83633411	501
cCREs300836	chr3	84624713	84625214	501
cCREs300869	chr3	84741857	84742709	852
cCREs301086	chr3	85547021	85547522	501
cCREs301593	chr3	87739138	87739639	501
cCREs301817	chr3	88628040	88628541	501
cCREs301998	chr3	89499645	89500146	501
cCREs302153	chr3	90122025	90122526	501
cCREs302162	chr3	90195594	90196095	501
cCREs302616	chr3	94653924	94654425	501
cCREs302620	chr3	94741218	94741719	501
cCREs302635	chr3	94819583	94820234	651
cCREs302683	chr3	95038773	95039274	501
cCREs302804	chr3	95652925	95653426	501
cCREs302835	chr3	95793017	95793518	501
cCREs302967	chr3	96467592	96468093	501
cCREs303104	chr3	97052406	97052907	501
cCREs303107	chr3	97063250	97063751	501
cCREs303444	chr3	98326858	98327359	501
cCREs303639	chr3	99854212	99854902	690
cCREs303682	chr3	100165307	100165808	501
cCREs303740	chr3	100447045	100447546	501
cCREs303752	chr3	100515363	100515864	501
cCREs304045	chr3	101466030	101466531	501
cCREs304369	chr3	102602360	102602861	501
cCREs304472	chr3	103194054	103194555	501
cCREs304841	chr3	104773228	104773729	501
cCREs305047	chr3	105509254	105509755	501
cCREs305643	chr3	108094066	108094567	501
cCREs305715	chr3	108339948	108340449	501
cCREs305743	chr3	108417542	108418043	501
cCREs305756	chr3	108478788	108479289	501
cCREs305832	chr3	108807000	108807501	501
cCREs307099	chr3	116798838	116799339	501
cCREs307190	chr3	117159449	117159950	501
cCREs307250	chr3	117406799	117407300	501
cCREs308014	chr3	121165463	121165964	501
cCREs308048	chr3	121301014	121301887	873
cCREs308255	chr3	121940917	121941716	799
cCREs308272	chr3	122018021	122018837	816
cCREs308282	chr3	122071724	122072225	501
cCREs308306	chr3	122138075	122138576	501
cCREs308311	chr3	122164387	122165347	960
cCREs308322	chr3	122202425	122202926	501
cCREs308387	chr3	122432668	122433448	780
cCREs308472	chr3	122700947	122701448	501
cCREs308565	chr3	123066762	123067263	501
cCREs308945	chr3	124849903	124850404	501
cCREs309228	chr3	126575887	126576388	501
cCREs309544	chr3	127536690	127537191	501
cCREs309674	chr3	128230276	128230777	501
cCREs309866	chr3	129523842	129524343	501
cCREs309873	chr3	129548752	129549253	501
cCREs310221	chr3	130780849	130781350	501
cCREs310302	chr3	131143081	131143908	827
cCREs310316	chr3	131189229	131189730	501
cCREs310371	chr3	131478062	131478563	501
cCREs310949	chr3	134295893	134296394	501
cCREs311958	chr3	138751368	138751869	501
cCREs312724	chr3	142182608	142183532	924
cCREs312738	chr3	142250916	142251417	501
cCREs312739	chr3	142253028	142253529	501
cCREs312809	chr3	142555771	142556272	501
cCREs313333	chr3	144469585	144470086	501
cCREs313611	chr3	145632925	145633426	501
cCREs313730	chr3	146039364	146039865	501
cCREs314453	chr3	149146209	149147086	877
cCREs314731	chr3	150746250	150746751	501
cCREs315041	chr3	152337307	152337808	501
cCREs315675	chr3	154152367	154152868	501
cCREs315746	chr3	154418140	154419004	864
cCREs316769	chr3	158787850	158788351	501
cCREs317273	chr4	5567989	5568490	501
cCREs318030	chr4	9117241	9117742	501
cCREs318287	chr4	10345748	10346249	501
cCREs318469	chr4	11511797	11512298	501
cCREs318528	chr4	11801604	11802105	501
cCREs319298	chr4	15321701	15322202	501
cCREs321566	chr4	30713588	30714089	501
cCREs322514	chr4	34956036	34956537	501
cCREs323390	chr4	40700156	40700657	501
cCREs323407	chr4	40801867	40802368	501
cCREs323408	chr4	40805286	40805787	501
cCREs323418	chr4	40824975	40825476	501
cCREs323467	chr4	40983625	40984126	501
cCREs324222	chr4	45475009	45475510	501
cCREs324416	chr4	46185340	46185841	501
cCREs324501	chr4	46630552	46631053	501
cCREs325283	chr4	49480261	49480762	501
cCREs325388	chr4	49903634	49904135	501
cCREs325878	chr4	53128277	53128778	501
cCREs325992	chr4	53475793	53476294	501
cCREs326066	chr4	53680283	53681003	720
cCREs326089	chr4	53775922	53776718	796
cCREs326721	chr4	56703379	56703880	501
cCREs326776	chr4	56888728	56889229	501
cCREs326780	chr4	56903251	56903752	501
cCREs326979	chr4	57556004	57556505	501
cCREs327398	chr4	59285759	59286260	501
cCREs327633	chr4	62276810	62277311	501
cCREs327636	chr4	62289217	62289718	501
cCREs327666	chr4	62390156	62390657	501
cCREs327737	chr4	62636718	62637219	501
cCREs327770	chr4	62723709	62724210	501
cCREs327896	chr4	63236172	63236673	501
cCREs327967	chr4	63471504	63472005	501
cCREs327995	chr4	63539234	63539735	501
cCREs328036	chr4	63693873	63694374	501
cCREs328037	chr4	63700625	63701126	501
cCREs328043	chr4	63725927	63726428	501
cCREs328752	chr4	66976389	66976890	501
cCREs329189	chr4	69490152	69490653	501
cCREs329224	chr4	69622305	69623042	737
cCREs329347	chr4	70274985	70275486	501
cCREs329386	chr4	70394525	70395026	501
cCREs330052	chr4	75786189	75786690	501
cCREs330382	chr4	77310387	77310888	501
cCREs331180	chr4	82475469	82475970	501
cCREs332031	chr4	86280968	86281469	501
cCREs334304	chr4	98712921	98713422	501
cCREs334443	chr4	99260956	99261457	501
cCREs334514	chr4	99695509	99696010	501
cCREs334724	chr4	100691641	100692142	501
cCREs334773	chr4	100877363	100877864	501
cCREs335905	chr4	105031869	105032370	501
cCREs336387	chr4	107035696	107036197	501
cCREs336489	chr4	107463640	107464141	501
cCREs336657	chr4	107991802	107992303	501
cCREs337208	chr4	111229482	111229983	501
cCREs337398	chr4	114371012	114371916	904
cCREs337420	chr4	114436182	114436683	501
cCREs337833	chr4	117042325	117042826	501
cCREs337961	chr4	117623053	117623554	501
cCREs338233	chr4	119029686	119030187	501
cCREs338308	chr4	119447003	119447504	501
cCREs338606	chr4	120528135	120528636	501
cCREs338634	chr4	120635638	120636139	501
cCREs338675	chr4	120792528	120793029	501
cCREs338752	chr4	121156484	121157159	675
cCREs338976	chr4	123690255	123690756	501
cCREs339048	chr4	124187056	124187557	501
cCREs339203	chr4	124836352	124836853	501
cCREs339269	chr4	125107726	125108227	501
cCREs339497	chr4	125882435	125882936	501
cCREs339543	chr4	126108094	126108595	501
cCREs339595	chr4	126313682	126314183	501
cCREs339811	chr4	127455228	127455729	501
cCREs339879	chr4	127758932	127759433	501
cCREs340403	chr4	129712465	129712966	501
cCREs340521	chr4	130128882	130129383	501
cCREs340542	chr4	130222159	130222660	501
cCREs340602	chr4	130672312	130672813	501
cCREs340869	chr4	131650763	131651264	501
cCREs341185	chr4	133050400	133050901	501
cCREs341713	chr4	135343451	135343952	501
cCREs341741	chr4	135495686	135496187	501
cCREs341762	chr4	135597502	135598003	501
cCREs341774	chr4	135681474	135681975	501
cCREs342068	chr4	137020052	137020553	501
cCREs342169	chr4	137480651	137481152	501
cCREs342310	chr4	137925793	137926294	501
cCREs342400	chr4	138215414	138215915	501
cCREs342712	chr4	139341490	139341991	501
cCREs342821	chr4	139910168	139910669	501
cCREs342868	chr4	140101080	140101581	501
cCREs343129	chr4	141115280	141115895	615
cCREs343164	chr4	141240521	141241022	501
cCREs343355	chr4	141929998	141930499	501
cCREs343397	chr4	142074787	142075288	501
cCREs343437	chr4	142232074	142232575	501
cCREs343513	chr4	142465161	142465662	501
cCREs343657	chr4	143147149	143147650	501
cCREs343681	chr4	143285922	143286663	741
cCREs343726	chr4	144910238	144910739	501
cCREs343729	chr4	144923411	144923912	501
cCREs343784	chr4	145074255	145074756	501
cCREs343868	chr4	147432958	147433459	501
cCREs343962	chr4	148192638	148193139	501
cCREs344140	chr4	148947901	148948402	501
cCREs344347	chr4	149732040	149732541	501
cCREs344365	chr4	149784323	149784824	501
cCREs344463	chr4	150164812	150165313	501
cCREs345110	chr4	152484160	152484661	501
cCREs345111	chr4	152487918	152488419	501
cCREs345204	chr4	152836054	152836555	501
cCREs345374	chr4	153585778	153586279	501
cCREs345380	chr4	153616817	153617318	501
cCREs345565	chr4	154447750	154448251	501
cCREs345573	chr4	154479186	154479687	501
cCREs345584	chr4	154511761	154512262	501
cCREs345600	chr4	154547232	154547733	501
cCREs345797	chr4	155308669	155309170	501
cCREs345893	chr4	155790594	155791095	501
cCREs346259	chr5	4733937	4734561	624
cCREs346350	chr5	5053751	5054252	501
cCREs346498	chr5	5708041	5708938	897
cCREs346502	chr5	5722141	5722642	501
cCREs346507	chr5	5743562	5744063	501
cCREs346650	chr5	6779843	6780344	501
cCREs348937	chr5	20964519	20965020	501
cCREs348973	chr5	21163386	21163887	501
cCREs349134	chr5	21800262	21800763	501
cCREs349551	chr5	23672190	23672691	501
cCREs349634	chr5	24071576	24072490	914
cCREs349706	chr5	24359191	24359692	501
cCREs349727	chr5	24425904	24426405	501
cCREs350964	chr5	30734620	30735121	501
cCREs351238	chr5	32086414	32086915	501
cCREs351432	chr5	33121857	33122358	501
cCREs351593	chr5	34016023	34016524	501
cCREs352676	chr5	37968473	37968974	501
cCREs352946	chr5	38858139	38858640	501
cCREs352950	chr5	38867346	38867847	501
cCREs352977	chr5	38957574	38958075	501
cCREs353134	chr5	39627542	39628043	501
cCREs353225	chr5	40021795	40022296	501
cCREs353500	chr5	41812263	41812764	501
cCREs353506	chr5	41827721	41828222	501
cCREs353776	chr5	43092291	43092792	501
cCREs354833	chr5	48008890	48009391	501
cCREs354861	chr5	48101611	48102112	501
cCREs355979	chr5	52998325	52998826	501
cCREs355988	chr5	53051684	53052185	501
cCREs356333	chr5	54156318	54156819	501
cCREs356344	chr5	54199321	54199822	501
cCREs356878	chr5	58078810	58079311	501
cCREs356937	chr5	58440900	58441401	501
cCREs357739	chr5	64242788	64243289	501
cCREs357742	chr5	64255814	64256315	501
cCREs357958	chr5	64966317	64966818	501
cCREs358057	chr5	65315255	65315756	501
cCREs358220	chr5	66125013	66125732	719
cCREs358238	chr5	66186322	66186823	501
cCREs358389	chr5	66607806	66608307	501
cCREs358872	chr5	68684709	68685210	501
cCREs359128	chr5	70532848	70533349	501
cCREs359490	chr5	72331143	72331644	501
cCREs359643	chr5	72974425	72974926	501
cCREs359715	chr5	73215978	73216479	501
cCREs359753	chr5	73326078	73326854	776
cCREs359770	chr5	73376010	73376511	501
cCREs360121	chr5	74600047	74600548	501
cCREs360194	chr5	74876227	74876728	501
cCREs360267	chr5	75166765	75167266	501
cCREs360462	chr5	75869404	75869905	501
cCREs360573	chr5	76399548	76400049	501
cCREs360830	chr5	77462374	77462875	501
cCREs362216	chr5	86741869	86742370	501
cCREs362393	chr5	88667223	88667724	501
cCREs362396	chr5	88684903	88685404	501
cCREs362558	chr5	89218058	89218559	501
cCREs362962	chr5	91102612	91103113	501
cCREs363353	chr5	92701722	92702223	501
cCREs363618	chr5	96418845	96419346	501
cCREs363627	chr5	96441711	96442212	501
cCREs363660	chr5	96537279	96537780	501
cCREs363680	chr5	96606495	96606996	501
cCREs363705	chr5	96668526	96669266	740
cCREs363710	chr5	96681036	96681537	501
cCREs363751	chr5	96872403	96872904	501
cCREs364504	chr5	100325814	100326315	501
cCREs364626	chr5	100865392	100865893	501
cCREs364672	chr5	101068692	101069193	501
cCREs364778	chr5	101802251	101802752	501
cCREs365622	chr5	105758983	105759484	501
cCREs365682	chr5	105928684	105929185	501
cCREs365683	chr5	105936187	105936688	501
cCREs365687	chr5	105953004	105953505	501
cCREs365691	chr5	105976660	105977161	501
cCREs365938	chr5	107274640	107275141	501
cCREs366186	chr5	108675112	108675613	501
cCREs366224	chr5	109925656	109926157	501
cCREs366284	chr5	110439560	110440061	501
cCREs366428	chr5	111064570	111065071	501
cCREs366503	chr5	111288100	111289072	972
cCREs367154	chr5	113555616	113556117	501
cCREs367385	chr5	114462364	114462865	501
cCREs367411	chr5	114565219	114565720	501
cCREs367441	chr5	114648767	114649268	501
cCREs367443	chr5	114657392	114657893	501
cCREs367589	chr5	115307899	115308400	501
cCREs367615	chr5	115458761	115459262	501
cCREs367671	chr5	115667843	115668344	501
cCREs367690	chr5	115723369	115723870	501
cCREs367719	chr5	115861938	115862439	501
cCREs367764	chr5	116008974	116009475	501
cCREs368047	chr5	117279194	117279695	501
cCREs368066	chr5	117370528	117371029	501
cCREs368379	chr5	118505042	118505543	501
cCREs369135	chr5	122017548	122018049	501
cCREs369137	chr5	122026217	122026718	501
cCREs369250	chr5	122461262	122461763	501
cCREs369390	chr5	123033610	123034111	501
cCREs369547	chr5	123704707	123705208	501
cCREs369743	chr5	124470537	124471038	501
cCREs369776	chr5	124618770	124619271	501
cCREs369850	chr5	125011838	125012339	501
cCREs370591	chr5	127979358	127980057	699
cCREs372012	chr5	134182657	134183158	501
cCREs372672	chr5	137315487	137315988	501
cCREs373133	chr5	139813715	139814522	807
cCREs373148	chr5	139869722	139870223	501
cCREs373149	chr5	139870676	139871177	501
cCREs373750	chr5	142421298	142421799	501
cCREs373856	chr5	142796912	142797413	501
cCREs373936	chr5	143071164	143071665	501
cCREs374146	chr5	144204382	144204883	501
cCREs374166	chr5	144294865	144295366	501
cCREs374167	chr5	144298554	144299055	501
cCREs374623	chr5	147093251	147093752	501
cCREs374865	chr5	148347977	148348478	501
cCREs374869	chr5	148359426	148359927	501
cCREs374875	chr5	148375360	148375861	501
cCREs374948	chr5	148645124	148645625	501
cCREs374949	chr5	148645798	148646299	501
cCREs375460	chr5	150527917	150528566	649
cCREs375469	chr5	150567758	150568259	501
cCREs375553	chr5	150980157	150980888	731
cCREs375736	chr6	3570265	3570766	501
cCREs375892	chr6	4532940	4533441	501
cCREs375931	chr6	4692165	4692666	501
cCREs376018	chr6	5099269	5099770	501
cCREs376049	chr6	5193682	5194183	501
cCREs376246	chr6	6053971	6054472	501
cCREs376258	chr6	6098666	6099167	501
cCREs376265	chr6	6118017	6118518	501
cCREs377185	chr6	11600341	11600842	501
cCREs377304	chr6	12340383	12340884	501
cCREs377456	chr6	13106505	13107006	501
cCREs377850	chr6	15609305	15609806	501
cCREs378284	chr6	17823530	17824031	501
cCREs378322	chr6	17931343	17931844	501
cCREs378652	chr6	19777212	19777713	501
cCREs379025	chr6	22161878	22162379	501
cCREs379265	chr6	23361834	23362335	501
cCREs379972	chr6	27685863	27686364	501
cCREs380037	chr6	27952152	27952653	501
cCREs380059	chr6	28017284	28017785	501
cCREs380129	chr6	28296261	28296762	501
cCREs380377	chr6	28977917	28978418	501
cCREs380455	chr6	29195750	29196251	501
cCREs380485	chr6	29359339	29359840	501
cCREs380788	chr6	30656180	30656681	501
cCREs380850	chr6	30977534	30978035	501
cCREs381934	chr6	34889142	34889643	501
cCREs381957	chr6	34977790	34978291	501
cCREs382470	chr6	37157229	37157730	501
cCREs382502	chr6	37236715	37237216	501
cCREs382547	chr6	37357823	37358324	501
cCREs382649	chr6	37878112	37878613	501
cCREs382657	chr6	37925746	37926247	501
cCREs382673	chr6	38048001	38048673	672
cCREs382676	chr6	38055349	38056327	978
cCREs382752	chr6	38252057	38252558	501
cCREs382968	chr6	39116193	39116694	501
cCREs383005	chr6	39284784	39285285	501
cCREs383500	chr6	41291814	41292546	732
cCREs383897	chr6	43603131	43603632	501
cCREs383931	chr6	43755194	43755695	501
cCREs384517	chr6	47190170	47190671	501
cCREs384622	chr6	47803725	47804226	501
cCREs384766	chr6	48541942	48542443	501
cCREs384923	chr6	49324282	49324783	501
cCREs385434	chr6	51418476	51418977	501
cCREs385675	chr6	52679407	52679908	501
cCREs386350	chr6	55036250	55036751	501
cCREs386381	chr6	55133322	55133823	501
cCREs386811	chr6	56858017	56858518	501
cCREs387043	chr6	58874173	58874674	501
cCREs387111	chr6	59071644	59072516	872
cCREs388508	chr6	67887061	67887921	860
cCREs388754	chr6	70740693	70741194	501
cCREs388829	chr6	71093797	71094298	501
cCREs389047	chr6	72042741	72043242	501
cCREs389079	chr6	72158208	72158709	501
cCREs389119	chr6	72287014	72287515	501
cCREs389286	chr6	72927336	72927837	501
cCREs389351	chr6	73250261	73250910	649
cCREs390229	chr6	78199758	78200259	501
cCREs390837	chr6	82021599	82022100	501
cCREs391291	chr6	84106912	84107413	501
cCREs391311	chr6	84181303	84181975	672
cCREs391326	chr6	84233747	84234248	501
cCREs391327	chr6	84243947	84244448	501
cCREs391749	chr6	86169114	86169615	501
cCREs391770	chr6	86246369	86246870	501
cCREs391781	chr6	86279229	86279730	501
cCREs391848	chr6	86578364	86578865	501
cCREs391967	chr6	87010901	87011402	501
cCREs392073	chr6	87336220	87336721	501
cCREs392146	chr6	87692370	87692871	501
cCREs392633	chr6	89535821	89536322	501
cCREs392735	chr6	90384352	90384853	501
cCREs392738	chr6	90398007	90398508	501
cCREs392826	chr6	90696932	90697433	501
cCREs393875	chr6	94376287	94376788	501
cCREs394497	chr6	97163802	97164303	501
cCREs394712	chr6	97937253	97937754	501
cCREs394905	chr6	98697579	98698080	501
cCREs394964	chr6	98961756	98962257	501
cCREs395536	chr6	100798239	100798740	501
cCREs397075	chr6	107741937	107742438	501
cCREs397253	chr6	108428655	108429156	501
cCREs397266	chr6	108464314	108464815	501
cCREs398250	chr6	113026198	113026699	501
cCREs398259	chr6	113050045	113050669	624
cCREs398344	chr6	113488722	113489223	501
cCREs398692	chr6	114713388	114714093	705
cCREs398706	chr6	114773094	114773595	501
cCREs398716	chr6	114804872	114805373	501
cCREs399027	chr6	115928733	115929234	501
cCREs399398	chr6	117465716	117466217	501
cCREs399489	chr6	117891449	117891950	501
cCREs399798	chr6	119039733	119040234	501
cCREs399851	chr6	119183575	119184076	501
cCREs400067	chr6	120148706	120149207	501
cCREs400254	chr6	121011867	121012368	501
cCREs400540	chr6	122646047	122646548	501
cCREs400794	chr6	124943377	124943878	501
cCREs400883	chr6	125300920	125301421	501
cCREs401589	chr6	128092616	128093117	501
cCREs402279	chr6	134802577	134803078	501
cCREs402339	chr6	135090556	135091267	711
cCREs402753	chr6	136455523	136456024	501
cCREs403979	chr6	141304179	141304917	738
cCREs404043	chr6	141532950	141533451	501
cCREs404923	chr6	145365193	145365694	501
cCREs406116	chr7	4749492	4749993	501
cCREs406137	chr7	4866689	4867464	775
cCREs406393	chr7	15864120	15864621	501
cCREs406508	chr7	16415357	16415858	501
cCREs406522	chr7	16489057	16489558	501
cCREs406627	chr7	16921752	16922253	501
cCREs406869	chr7	19557042	19557543	501
cCREs406887	chr7	19636161	19636662	501
cCREs406920	chr7	19796603	19797104	501
cCREs406981	chr7	24390129	24390630	501
cCREs407295	chr7	27202123	27202624	501
cCREs407454	chr7	28155086	28155587	501
cCREs407499	chr7	28447184	28447685	501
cCREs407613	chr7	29026910	29027411	501
cCREs407647	chr7	29257298	29257799	501
cCREs407649	chr7	29271165	29271666	501
cCREs407716	chr7	29454828	29455329	501
cCREs407786	chr7	30020071	30020572	501
cCREs408174	chr7	34973883	34974384	501
cCREs408234	chr7	35190613	35191114	501
cCREs408395	chr7	36027919	36028420	501
cCREs408608	chr7	37368328	37368829	501
cCREs408628	chr7	37426121	37426622	501
cCREs408680	chr7	37617915	37618416	501
cCREs408744	chr7	37860890	37861391	501
cCREs408878	chr7	39809120	39809621	501
cCREs409099	chr7	43375890	43376391	501
cCREs409103	chr7	43429792	43430293	501
cCREs409134	chr7	43644885	43645386	501
cCREs409271	chr7	44662051	44663034	983
cCREs409273	chr7	44672295	44672796	501
cCREs409275	chr7	44683588	44684089	501
cCREs409743	chr7	46827411	46827912	501
cCREs409850	chr7	48821764	48822265	501
cCREs409914	chr7	49060887	49061388	501
cCREs410013	chr7	49314859	49315360	501
cCREs410038	chr7	49383833	49384334	501
cCREs410089	chr7	49506033	49506534	501
cCREs410145	chr7	49723798	49724299	501
cCREs411002	chr7	55776983	55777484	501
cCREs411104	chr7	56239341	56240017	676
cCREs411507	chr7	58389718	58390219	501
cCREs411584	chr7	58758500	58759001	501
cCREs411940	chr7	63837132	63837633	501
cCREs412156	chr7	64708070	64708571	501
cCREs412538	chr7	66176258	66176759	501
cCREs412951	chr7	67978122	67978623	501
cCREs412988	chr7	68073347	68073848	501
cCREs413015	chr7	68131221	68131859	638
cCREs413078	chr7	68339766	68340267	501
cCREs413396	chr7	70515238	70515739	501
cCREs413462	chr7	70968381	70968882	501
cCREs413547	chr7	71429904	71430405	501
cCREs413548	chr7	71430408	71430909	501
cCREs413677	chr7	72181196	72181697	501
cCREs414486	chr7	75413773	75414274	501
cCREs415122	chr7	78672538	78673039	501
cCREs415268	chr7	79281008	79281509	501
cCREs415285	chr7	79304841	79305582	741
cCREs415299	chr7	79328658	79329159	501
cCREs415415	chr7	79767118	79767619	501
cCREs415435	chr7	79868446	79868947	501
cCREs415909	chr7	81879581	81880082	501
cCREs416087	chr7	82783060	82783561	501
cCREs416595	chr7	87541620	87542121	501
cCREs416738	chr7	88395537	88396038	501
cCREs416831	chr7	89013508	89014009	501
cCREs416926	chr7	89414627	89415128	501
cCREs417046	chr7	89884342	89885123	781
cCREs417133	chr7	90306920	90307421	501
cCREs418022	chr7	95250745	95251246	501
cCREs418228	chr7	96274492	96275350	858
cCREs418307	chr7	96530911	96531412	501
cCREs418333	chr7	96588831	96589332	501
cCREs418869	chr7	98892964	98893465	501
cCREs418959	chr7	99161615	99162116	501
cCREs419014	chr7	99365954	99366455	501
cCREs419394	chr7	100897549	100898050	501
cCREs419417	chr7	100966154	100966655	501
cCREs419426	chr7	100997899	100998695	796
cCREs419648	chr7	101868162	101868663	501
cCREs419649	chr7	101869073	101869574	501
cCREs419784	chr7	102516211	102516712	501
cCREs419815	chr7	102812842	102813343	501
cCREs420108	chr7	107412523	107413024	501
cCREs420127	chr7	107517416	107517917	501
cCREs420156	chr7	107654879	107655380	501
cCREs420262	chr7	109045814	109046315	501
cCREs420380	chr7	109602548	109603049	501
cCREs420403	chr7	109723647	109724148	501
cCREs420741	chr7	111255470	111255971	501
cCREs420979	chr7	112128750	112129251	501
cCREs421109	chr7	112491631	112492132	501
cCREs421114	chr7	112503364	112503865	501
cCREs421221	chr7	112891374	112891875	501
cCREs421267	chr7	113119810	113120311	501
cCREs421481	chr7	114007438	114007939	501
cCREs421511	chr7	114092206	114092707	501
cCREs421814	chr7	115764798	115765299	501
cCREs422008	chr7	116712327	116712828	501
cCREs422186	chr7	117451139	117451640	501
cCREs422195	chr7	117476626	117477127	501
cCREs422237	chr7	117589290	117589791	501
cCREs422366	chr7	118119180	118119681	501
cCREs422408	chr7	118327124	118327625	501
cCREs422454	chr7	118484646	118485147	501
cCREs422646	chr7	119177913	119178414	501
cCREs422937	chr7	120925925	120926426	501
cCREs422950	chr7	120964907	120965408	501
cCREs423169	chr7	121932185	121932686	501
cCREs423475	chr7	123105270	123105771	501
cCREs423941	chr7	125449632	125450365	733
cCREs424028	chr7	125753280	125753781	501
cCREs424273	chr7	126852126	126852627	501
cCREs424441	chr7	127851403	127851904	501
cCREs425109	chr7	131177173	131177953	780
cCREs425543	chr7	132889554	132890055	501
cCREs425548	chr7	132921820	132922321	501
cCREs425608	chr7	133160517	133161018	501
cCREs426220	chr7	135812190	135812691	501
cCREs426474	chr7	137423278	137423779	501
cCREs426737	chr7	138647129	138647630	501
cCREs426747	chr7	138683771	138684272	501
cCREs426789	chr7	138853308	138853809	501
cCREs426902	chr7	139257227	139257728	501
cCREs427125	chr7	140059543	140060044	501
cCREs427254	chr7	140974822	140975323	501
cCREs427311	chr7	141317570	141318309	739
cCREs427402	chr7	141688246	141688975	729
cCREs427535	chr7	142437338	142437839	501
cCREs427584	chr7	142678627	142679128	501
cCREs427585	chr7	142685447	142685948	501
cCREs427587	chr7	142705341	142705842	501
cCREs427588	chr7	142711192	142711870	678
cCREs427593	chr7	142830943	142831444	501
cCREs427595	chr7	142845595	142846096	501
cCREs427707	chr7	143424140	143424641	501
cCREs427798	chr7	143927815	143928415	600
cCREs427805	chr7	143958054	143958555	501
cCREs427807	chr7	143963138	143963639	501
cCREs427840	chr7	144119535	144120036	501
cCREs427846	chr7	144138366	144138867	501
cCREs427882	chr7	144234705	144235206	501
cCREs427956	chr7	144469206	144469707	501
cCREs427959	chr7	144475744	144476245	501
cCREs428210	chr8	3448393	3448894	501
cCREs428245	chr8	3647335	3647836	501
cCREs428544	chr8	6647901	6648546	645
cCREs429087	chr8	9334955	9335660	705
cCREs429366	chr8	10416755	10417256	501
cCREs429417	chr8	10576277	10576778	501
cCREs429491	chr8	10833391	10833892	501
cCREs429894	chr8	12289610	12290111	501
cCREs429999	chr8	12666438	12666939	501
cCREs430010	chr8	12719016	12719517	501
cCREs430026	chr8	12774662	12775163	501
cCREs430189	chr8	13406037	13406538	501
cCREs430841	chr8	15907803	15908304	501
cCREs431403	chr8	18673680	18674181	501
cCREs431422	chr8	18721397	18721898	501
cCREs431550	chr8	21901560	21902454	894
cCREs431870	chr8	23492009	23492510	501
cCREs432163	chr8	24579351	24580072	721
cCREs432719	chr8	26981058	26981559	501
cCREs432991	chr8	28495184	28495685	501
cCREs433914	chr8	33219528	33220029	501
cCREs434008	chr8	33672738	33673510	772
cCREs434295	chr8	34804754	34805255	501
cCREs434673	chr8	36109759	36110260	501
cCREs434739	chr8	36279251	36279752	501
cCREs435456	chr8	40173169	40173670	501
cCREs435526	chr8	40508983	40509484	501
cCREs435531	chr8	40526062	40526798	736
cCREs435534	chr8	40539280	40539781	501
cCREs436457	chr8	45702056	45702785	729
cCREs436474	chr8	45737214	45737715	501
cCREs436548	chr8	46036315	46036816	501
cCREs436623	chr8	46298800	46299301	501
cCREs436722	chr8	46701533	46702034	501
cCREs436942	chr8	47525432	47525933	501
cCREs436975	chr8	47652321	47652822	501
cCREs437799	chr8	52227421	52227922	501
cCREs437856	chr8	53049413	53049914	501
cCREs438499	chr8	57371002	57371503	501
cCREs438565	chr8	57617057	57617558	501
cCREs438609	chr8	57771356	57772065	709
cCREs438860	chr8	59097127	59097628	501
cCREs439207	chr8	61239999	61240745	746
cCREs439213	chr8	61250728	61251229	501
cCREs439911	chr8	65023454	65023955	501
cCREs440936	chr8	70057902	70058403	501
cCREs441098	chr8	70631420	70631921	501
cCREs441255	chr8	71526563	71527064	501
cCREs442650	chr8	78949230	78949731	501
cCREs442715	chr8	79160140	79160641	501
cCREs442721	chr8	79168987	79169488	501
cCREs443137	chr8	81273250	81273751	501
cCREs443375	chr8	82347013	82347514	501
cCREs443577	chr8	83225530	83226031	501
cCREs444360	chr8	86791423	86791924	501
cCREs444527	chr8	87590828	87591618	790
cCREs444588	chr8	87791094	87791595	501
cCREs444695	chr8	88269405	88269906	501
cCREs445523	chr8	92070622	92071262	640
cCREs445603	chr8	92518320	92518821	501
cCREs445626	chr8	92738062	92738563	501
cCREs445947	chr8	94156066	94156567	501
cCREs446059	chr8	94540057	94540558	501
cCREs446207	chr8	95049139	95049640	501
cCREs446239	chr8	95195689	95196190	501
cCREs446275	chr8	95360898	95361399	501
cCREs446320	chr8	95547614	95548115	501
cCREs446759	chr8	98074648	98075149	501
cCREs448107	chr8	105235148	105235649	501
cCREs448237	chr8	105719933	105720434	501
cCREs448295	chr8	105964274	105964775	501
cCREs448431	chr8	106518349	106519251	902
cCREs449164	chr8	109990077	109990578	501
cCREs449599	chr8	111708237	111708738	501
cCREs449612	chr8	111734470	111734971	501
cCREs450176	chr8	114165654	114166155	501
cCREs451781	chr8	120374042	120374543	501
cCREs451871	chr8	120623715	120624216	501
cCREs451900	chr8	120730408	120730909	501
cCREs451993	chr8	121264272	121264773	501
cCREs452164	chr8	121888392	121888893	501
cCREs452570	chr8	123500354	123500855	501
cCREs452741	chr8	124230476	124230977	501
cCREs453052	chr8	125291897	125292398	501
cCREs453151	chr8	125584320	125584821	501
cCREs453208	chr8	125816641	125817142	501
cCREs453237	chr8	125902550	125903051	501
cCREs453386	chr8	126409849	126410350	501
cCREs453556	chr8	126971977	126972478	501
cCREs453579	chr8	127089017	127089518	501
cCREs453627	chr8	127264797	127265298	501
cCREs453902	chr8	128265226	128265999	773
cCREs453939	chr8	128404841	128405342	501
cCREs454054	chr9	3375990	3376748	758
cCREs454302	chr9	6209604	6210105	501
cCREs454324	chr9	6331378	6331879	501
cCREs454443	chr9	7518090	7518591	501
cCREs454473	chr9	7743176	7743677	501
cCREs454739	chr9	9208583	9209084	501
cCREs454756	chr9	9309630	9310131	501
cCREs455051	chr9	11211963	11212464	501
cCREs455268	chr9	13476480	13476981	501
cCREs455334	chr9	13660945	13661446	501
cCREs455746	chr9	15423321	15423822	501
cCREs455757	chr9	15467294	15467795	501
cCREs455790	chr9	15558969	15559470	501
cCREs456247	chr9	18784435	18784936	501
cCREs456282	chr9	20616608	20617109	501
cCREs456455	chr9	21492835	21493336	501
cCREs456571	chr9	21983932	21984433	501
cCREs457602	chr9	26921890	26922391	501
cCREs457618	chr9	27001042	27001543	501
cCREs458923	chr9	31608089	31608811	722
cCREs459061	chr9	32218569	32219070	501
cCREs459373	chr9	33804583	33805084	501
cCREs459468	chr9	34361075	34361576	501
cCREs459751	chr9	35136520	35137021	501
cCREs459814	chr9	35370534	35371262	728
cCREs460015	chr9	37059619	37060120	501
cCREs460027	chr9	37090176	37090677	501
cCREs460105	chr9	37376411	37376912	501
cCREs460415	chr9	40335350	40335851	501
cCREs460421	chr9	40347504	40348005	501
cCREs460601	chr9	40962481	40962982	501
cCREs460717	chr9	41395442	41395943	501
cCREs460816	chr9	41722778	41723279	501
cCREs461207	chr9	42962755	42963256	501
cCREs461511	chr9	44101382	44101883	501
cCREs461653	chr9	44777901	44778402	501
cCREs461972	chr9	45944946	45945447	501
cCREs462058	chr9	46217070	46217571	501
cCREs462071	chr9	46308933	46309434	501
cCREs463176	chr9	50579590	50580091	501
cCREs463327	chr9	51105705	51106206	501
cCREs463536	chr9	52096730	52097231	501
cCREs464403	chr9	56432747	56433248	501
cCREs464430	chr9	56515051	56515552	501
cCREs464432	chr9	56519258	56519759	501
cCREs464434	chr9	56527939	56528440	501
cCREs464593	chr9	57117233	57117734	501
cCREs464968	chr9	58615961	58616462	501
cCREs465652	chr9	61667338	61667839	501
cCREs465972	chr9	62860734	62861235	501
cCREs466058	chr9	63302351	63302852	501
cCREs466067	chr9	63346631	63347132	501
cCREs466115	chr9	63589350	63589851	501
cCREs466235	chr9	63965423	63966202	779
cCREs466800	chr9	66726348	66726849	501
cCREs467383	chr9	69227295	69227796	501
cCREs467557	chr9	70138479	70138980	501
cCREs467624	chr9	70356334	70356835	501
cCREs467866	chr9	71502533	71503034	501
cCREs467892	chr9	71608988	71609489	501
cCREs467902	chr9	71631516	71632017	501
cCREs467946	chr9	71802684	71803185	501
cCREs468052	chr9	72288978	72290036	1058
cCREs468118	chr9	72634393	72634894	501
cCREs468453	chr9	74109751	74110527	776
cCREs469183	chr9	77574996	77575497	501
cCREs469260	chr9	77914580	77915081	501
cCREs469351	chr9	78229544	78230045	501
cCREs469363	chr9	78348238	78348739	501
cCREs469440	chr9	78773912	78774413	501
cCREs469581	chr9	79618804	79619305	501
cCREs470363	chr9	83679603	83680104	501
cCREs470652	chr9	85251916	85252417	501
cCREs470701	chr9	85505601	85506102	501
cCREs471052	chr9	86860538	86861039	501
cCREs471123	chr9	87199969	87200470	501
cCREs471127	chr9	87211039	87211540	501
cCREs471128	chr9	87214631	87215132	501
cCREs471245	chr9	88017874	88018607	733
cCREs471306	chr9	88328230	88328848	618
cCREs471796	chr9	91437554	91438055	501
cCREs471798	chr9	91441709	91442210	501
cCREs472591	chr9	95276778	95277279	501
cCREs472684	chr9	95610457	95610958	501
cCREs472825	chr9	96383723	96384224	501
cCREs472838	chr9	96427147	96427648	501
cCREs473558	chr9	99258711	99259414	703
cCREs474228	chr9	102531617	102532118	501
cCREs474408	chr9	103239343	103239844	501
cCREs474416	chr9	103310399	103310900	501
cCREs474432	chr9	103376616	103377335	719
cCREs474609	chr9	103947178	103947679	501
cCREs474910	chr9	105206350	105207074	724
cCREs475416	chr9	107328183	107328684	501
cCREs475496	chr9	107575610	107576111	501
cCREs476027	chr9	110456668	110457169	501
cCREs476205	chr9	111250451	111250952	501
cCREs476978	chr9	114597993	114598494	501
cCREs477038	chr9	114818852	114819353	501
cCREs477128	chr9	115137323	115138143	820
cCREs477160	chr9	115227012	115227513	501
cCREs477247	chr9	115548887	115549388	501
cCREs477468	chr9	116326975	116327476	501
cCREs477995	chr9	118651926	118652427	501
cCREs478116	chr9	119008266	119008767	501
cCREs479231	chr9	123206462	123206963	501
cCREs479270	chr9	123354557	123355058	501
cCREs479417	chr9	124123305	124123806	501
cCREs479582	chrX	7456773	7457274	501
cCREs479637	chrX	7796648	7797149	501
cCREs480011	chrX	11422862	11423363	501
cCREs480305	chrX	13274915	13275416	501
cCREs480795	chrX	19150516	19151280	764
cCREs480928	chrX	20644717	20645218	501
cCREs481420	chrX	38549293	38550031	738
cCREs481726	chrX	41799485	41799986	501
cCREs481960	chrX	45069708	45070209	501
cCREs481962	chrX	45090556	45091057	501
cCREs481964	chrX	45091803	45092304	501
cCREs481973	chrX	45340478	45340979	501
cCREs482263	chrX	48449568	48450277	709
cCREs482642	chrX	52144993	52145494	501
cCREs482831	chrX	53403302	53404055	753
cCREs483295	chrX	60405586	60406087	501
cCREs483324	chrX	60846792	60847293	501
cCREs483448	chrX	62336938	62337634	696
cCREs483551	chrX	64482837	64483594	757
cCREs483658	chrX	66678614	66679115	501
cCREs484081	chrX	71373567	71374068	501
cCREs484119	chrX	71581274	71581775	501
cCREs484279	chrX	73498663	73499164	501
cCREs485763	chrX	95445724	95446428	704
cCREs486412	chrX	101863038	101863539	501
cCREs486538	chrX	102601039	102601540	501
cCREs486571	chrX	103343115	103343616	501
cCREs486631	chrX	103736111	103736612	501
cCREs486642	chrX	103803791	103804452	661
cCREs486883	chrX	106738236	106738954	718
cCREs486992	chrX	108766673	108767174	501
cCREs487501	chrX	121299662	121300163	501
cCREs487733	chrX	130390046	130390547	501
cCREs488807	chrX	141190829	141191330	501
cCREs488859	chrX	141827457	141827958	501
cCREs489351	chrX	145510647	145511148	501
cCREs489457	chrX	146890204	146890705	501
cCREs489993	chrX	157481584	157482085	501
cCREs490896	chrX	163983145	163983646	501
cCREs490908	chrX	164098868	164099369	501
cCREs490912	chrX	164141003	164141504	501
cCREs491481	chrX	167794265	167794766	501
